0.73679276 0.17712277 0.84970544 0.17982071 -0.01055167 0.00033776 0.14656595 
0.40221359 0.59026586 -0.99370559 0.73071826 0.01555117 -0.01027683 0.16484407 
-0.03096738 -0.60820309 0.14900563 0.50722645 0.03840533 0.01285494 0.14861823 

----------
0.73679276 0.17712277 0.84970544 0.17982071 -0.01055167 -0.01055167 -0.01055167 
0.40221359 0.59026586 -0.99370559 0.73071826 0.01555117 0.01555117 0.01555117 
-0.03096738 -0.60820309 0.14900563 0.50722645 0.03840533 0.03840533 0.03840533 

----------
0.61194831 0.35366449 0.61206664 0.35510345 -0.02303779 -0.11535817 0.05225639 
-0.15044493 -0.20998760 -0.67541742 0.69093417 -0.12017650 0.09029521 0.05185345 
-0.29583161 -0.57602007 0.40979574 0.64272264 0.11632208 0.10259379 0.05225706 

----------
iteration: 352, probabilities: [0.000013 0.000022 0.999860 0.000046 0.000058], probability: 0.9998595714569092