0.34829448 0.04741364 0.50390216 -0.35901339 0.03893840 0.01365458 0.13907238 
0.46398243 0.09312461 -0.74232982 0.95178547 0.02933035 -0.03924830 0.17634585 
-0.34869602 -0.08494238 0.32230759 0.60242333 -0.06616271 0.00217084 0.16145696 

----------
0.34829448 0.04741364 0.50390216 -0.35901339 0.03893840 0.03893840 0.03893840 
0.46398243 0.09312461 -0.74232982 0.95178547 0.02933035 0.02933035 0.02933035 
-0.34869602 -0.08494238 0.32230759 0.60242333 -0.06616271 -0.06616271 -0.06616271 

----------
0.40808605 -0.06768056 0.70368486 -0.57790517 0.10747354 0.01069500 0.05190165 
-0.05152653 -0.30467874 -0.63820919 0.70525986 -0.08402226 0.07739411 0.05187193 
-0.14653985 -0.47120693 0.52685647 0.69210975 -0.12658093 -0.07616179 0.05225626 

----------
iteration: 846, probabilities: [0.000009 0.000016 0.999830 0.000063 0.000081], probability: 0.9998300075531006