0.54103097 0.57445187 0.11120570 -0.11471764 -0.02807728 -0.09388269 0.12625785 
0.17167055 -0.28853731 -0.05533584 0.75276252 -0.00785675 0.06140605 0.13270800 
-0.20367562 -0.33272933 -0.16386924 0.85303562 0.03143118 0.08648324 0.15742021 

----------
0.54103097 0.57445187 0.11120570 -0.11471764 -0.02807728 -0.02807728 -0.02807728 
0.17167055 -0.28853731 -0.05533584 0.75276252 -0.00785675 -0.00785675 -0.00785675 
-0.20367562 -0.33272933 -0.16386924 0.85303562 0.03143118 0.03143118 0.03143118 

----------
0.68127722 0.68512341 0.17371881 -0.19054966 -0.03283494 -0.07815011 0.05225626 
0.30205507 -0.00008689 0.00007027 0.95342250 -0.00815025 0.04149886 0.05201202 
-0.33283513 -0.00007913 0.00007946 0.94315071 0.14278559 0.06417824 0.05201185 

----------
iteration: 1692, probabilities: [0.000020 0.000036 0.999887 0.000028 0.000029], probability: 0.9998874664306641