0.76307777 0.32938229 0.23176515 -0.07117577 -0.03268357 0.02011982 0.13700622 
0.11506733 -0.10144506 -0.99997789 0.14203760 0.03286585 0.04096635 0.12939571 
0.09876732 -0.97533912 0.71616931 0.73821628 -0.03817629 0.03077181 0.13379453 

----------
0.76307777 0.32938229 0.23176515 -0.07117577 -0.03268357 -0.03268357 -0.03268357 
0.11506733 -0.10144506 -0.99997789 0.14203760 0.03286585 0.03286585 0.03286585 
0.09876732 -0.97533912 0.71616931 0.73821628 -0.03817629 -0.03817629 -0.03817629 

----------
0.70729657 0.62014617 0.33915646 -0.01456341 -0.09168525 -0.03916815 0.05225604 
-0.00046763 -0.11259489 -0.99367960 0.00018417 0.03797767 0.04791642 0.05195975 
-0.29964405 -0.57840543 0.40632962 0.64089433 0.05297773 -0.07644658 0.05225624 

----------
iteration: 1842, probabilities: [0.000014 0.000017 0.999807 0.000081 0.000082], probability: 0.9998065829277039