0.17970321 0.34077487 0.59943040 0.02479205 -0.03420318 0.00174818 0.13869803 
0.98133320 -0.62408484 -0.69688284 0.80996532 -0.00964781 0.03847389 0.11598014 
0.22023462 -0.55070983 0.28690757 0.74564692 -0.01141225 -0.00547591 0.17068770 

----------
0.17970321 0.34077487 0.59943040 0.02479205 -0.03420318 -0.03420318 -0.03420318 
0.98133320 -0.62408484 -0.69688284 0.80996532 -0.00964781 -0.00964781 -0.00964781 
0.22023462 -0.55070983 0.28690757 0.74564692 -0.01141225 -0.01141225 -0.01141225 

----------
0.00503965 0.39584685 0.91843196 -0.00284500 0.05111459 -0.10416855 0.05230852 
0.36881071 -0.61932739 -0.34136504 0.60331851 -0.12123494 0.03155012 0.05187241 
0.03867445 -0.31787378 0.63145085 0.70650868 0.08344429 0.10325034 0.05225629 

----------
iteration: 3488, probabilities: [0.000017 0.000028 0.999889 0.000030 0.000036], probability: 0.9998888969421387