0.89410857 -0.18112308 0.41624253 -0.86285339 -0.00826155 0.03742484 0.17229193 
-0.03273258 0.18298343 -0.91989666 0.99966555 -0.04936483 0.01451770 0.14703851 
-0.41230144 -0.52170147 -0.18917924 0.95023573 0.04582899 0.05219933 0.16029753 

----------
0.89410857 -0.18112308 0.41624253 -0.86285339 -0.00826155 -0.00826155 -0.00826155 
-0.03273258 0.18298343 -0.91989666 0.99966555 -0.04936483 -0.04936483 -0.04936483 
-0.41230144 -0.52170147 -0.18917924 0.95023573 0.04582899 0.04582899 0.04582899 

----------
0.84392686 0.00051305 -0.00045836 -0.53675363 -0.00546869 -0.02885157 0.05203899 
-0.25869271 -0.10134747 -0.69986477 0.65808667 -0.12666303 -0.07001316 0.05187240 
-0.42990629 -0.00008659 -0.00004090 0.90303860 0.08669294 0.13977473 0.05201145 

----------
iteration: 4569, probabilities: [0.000016 0.000023 0.999900 0.000028 0.000033], probability: 0.999900221824646