0.30952792 0.74600270 0.74571708 -0.90653622 -0.01610475 0.04594748 0.12289204 
0.19019179 -0.17107545 -0.42967716 0.35305375 0.00618311 0.00323435 0.15895691 
-0.22098467 -0.96790991 0.29431942 0.99194690 -0.00657770 0.00311938 0.14080011 

----------
0.30952792 0.74600270 0.74571708 -0.90653622 -0.01610475 -0.01610475 -0.01610475 
0.19019179 -0.17107545 -0.42967716 0.35305375 0.00618311 0.00618311 0.00618311 
-0.22098467 -0.96790991 0.29431942 0.99194690 -0.00657770 -0.00657770 -0.00657770 

----------
0.12664127 0.25279184 0.61815325 -0.73354369 0.00820173 0.08525450 0.05699807 
0.13271829 -0.45791232 -0.53898956 0.69449662 -0.06674030 -0.04776769 0.05185109 
-0.24308883 -0.53695328 0.44815731 0.67222513 0.09776500 0.03296889 0.05299844 

----------
iteration: 5941, probabilities: [0.000021 0.000031 0.998453 0.001006 0.000490], probability: 0.9984527826309204