0.31468029 0.83759715 0.17900086 -0.02156929 0.02072487 0.05115696 0.15691444 
0.07245821 0.04419576 -0.57721733 0.60585409 -0.01846299 0.02330277 0.15828375 
0.12661212 -0.92290967 0.13266340 0.74287604 0.05208456 -0.03782083 0.13419718 

----------
0.31468029 0.83759715 0.17900086 -0.02156929 0.02072487 0.02072487 0.02072487 
0.07245821 0.04419576 -0.57721733 0.60585409 -0.01846299 -0.01846299 -0.01846299 
0.12661212 -0.92290967 0.13266340 0.74287604 0.05208456 0.05208456 0.05208456 

----------
0.66867325 0.69437263 0.13230731 -0.23110526 -0.00190382 0.14287521 0.05225625 
-0.16664319 -0.19573453 -0.67954158 0.68719493 -0.06463704 -0.06100637 0.05187241 
0.15160179 -0.00069713 0.00100557 0.98868083 0.24093782 -0.01754909 0.05208491 

----------
iteration: 6402, probabilities: [0.000045 0.000066 0.993953 0.004924 0.001011], probability: 0.9939529299736023