0.64617838 -0.09518190 0.93325668 -0.57618177 0.03193553 0.03793190 0.15312707 
0.15415347 -0.19404114 -0.32568275 0.76240987 -0.03658173 0.02583017 0.15794610 
-0.05802261 -0.58429727 0.59067745 0.60809107 -0.00154794 0.02468715 0.14670304 

----------
0.64617838 -0.09518190 0.93325668 -0.57618177 0.03193553 0.03193553 0.03193553 
0.15415347 -0.19404114 -0.32568275 0.76240987 -0.03658173 -0.03658173 -0.03658173 
-0.05802261 -0.58429727 0.59067745 0.60809107 -0.00154794 -0.00154794 -0.00154794 

----------
0.46186352 -0.15403999 0.69017278 -0.53555117 -0.01058140 0.09506181 0.05170677 
0.12423362 -0.45275859 -0.54324267 0.69609642 -0.10601627 -0.08611984 0.05187142 
-0.13823826 -0.46486406 0.53246321 0.69381620 0.09729113 -0.02268695 0.05225635 

----------
iteration: 7828, probabilities: [0.000013 0.000020 0.999204 0.000444 0.000319], probability: 0.9992040991783142