0.58728163 0.51632751 0.01155408 -0.33783132 0.01574998 0.07372142 0.18462442 
0.20024647 -0.26722716 -0.55601594 0.85200653 -0.02586469 -0.07365018 0.16742820 
-0.08948796 -0.99550821 -0.27858681 0.46231094 0.00439191 -0.00137136 0.18643131 

----------
0.58728163 0.51632751 0.01155408 -0.33783132 0.01574998 0.01574998 0.01574998 
0.20024647 -0.26722716 -0.55601594 0.85200653 -0.02586469 -0.02586469 -0.02586469 
-0.08948796 -0.99550821 -0.27858681 0.46231094 0.00439191 0.00439191 0.00439191 

----------
0.61712328 0.70678665 0.00721132 -0.34588072 0.06555367 -0.00477446 0.05225624 
0.05650002 -0.39832318 -0.58430369 0.70483896 -0.06386391 -0.08648292 0.05187241 
-0.00127946 -1.00022287 0.01062627 -0.00007345 -0.07590545 0.07835323 0.05202742 

----------
iteration: 9968, probabilities: [0.000010 0.000016 0.999701 0.000134 0.000140], probability: 0.9997010827064514