-0.53146877 0.65233269 -0.17780193 0.49397996 0.05405050 0.02867871 0.16323850 
0.41997276 -0.57853306 0.57258970 -0.35140410 0.04490636 -0.02900827 0.14011031 
0.89493365 -0.50849659 0.02661949 0.33270498 0.02250422 0.02889211 0.15692714 

----------
-0.53146877 0.65233269 -0.17780193 0.49397996 0.05405050 0.05405050 0.05405050 
0.41997276 -0.57853306 0.57258970 -0.35140410 0.04490636 0.04490636 0.04490636 
0.89493365 -0.50849659 0.02661949 0.33270498 0.02250422 0.02250422 0.02250422 

----------
-0.68530465 0.50884007 -0.49110826 0.17439097 0.14022955 -0.05589715 0.05187649 
0.58159942 -0.49526763 0.54685522 -0.34285885 0.03767033 0.12519742 0.05620722 
0.59758046 -0.70645768 -0.03217741 0.37798095 -0.05915639 0.02575034 0.05187267 

----------
iteration: 300, probabilities: [0.000002 0.000032 0.999874 0.000061 0.000030], probability: 0.9998743534088135