-0.43457275 0.96883776 0.11655326 -0.19286561 -0.03903311 -0.02166188 0.15393153 
0.95595500 0.26670137 0.72120660 -0.22038293 -0.00657539 -0.03232524 0.14129707 
0.72395943 -0.65619901 -0.74210768 -0.51335657 -0.00951792 0.01335969 0.18580145 

----------
-0.43457275 0.96883776 0.11655326 -0.19286561 -0.03903311 -0.03903311 -0.03903311 
0.95595500 0.26670137 0.72120660 -0.22038293 -0.00657539 -0.00657539 -0.00657539 
0.72395943 -0.65619901 -0.74210768 -0.51335657 -0.00951792 -0.00951792 -0.00951792 

----------
-0.57573858 0.70354840 0.07174890 -0.41060493 0.00037419 -0.14216011 0.05186810 
0.69609330 0.66625602 0.23634857 -0.12678025 -0.14651507 -0.04072487 0.05225716 
0.56785135 -0.46537043 -0.53249819 -0.42124921 0.05724063 0.01549646 0.05138084 

----------
iteration: 770, probabilities: [0.000006 0.000039 0.999110 0.000636 0.000209], probability: 0.9991095662117004