-0.55171105 0.81312586 0.05928622 -0.36809721 -0.00100864 -0.00604572 0.14716779 
0.44423836 0.11405182 0.49676923 0.32694780 -0.03115713 -0.01036139 0.17904380 
0.92776673 -0.59678476 -0.27977490 -0.18453742 0.00891738 -0.05035476 0.15069225 

----------
-0.55171105 0.81312586 0.05928622 -0.36809721 -0.00100864 -0.00100864 -0.00100864 
0.44423836 0.11405182 0.49676923 0.32694780 -0.03115713 -0.03115713 -0.03115713 
0.92776673 -0.59678476 -0.27977490 -0.18453742 0.00891738 0.00891738 0.00891738 

----------
-0.58712452 0.70527254 0.05133215 -0.39404992 0.03419813 -0.09354314 0.05187592 
0.52587616 0.22034053 0.67161737 0.47323245 -0.07594272 -0.00910247 0.05225541 
0.66062895 -0.69865212 0.10784384 0.25300912 0.08688006 0.09668754 0.05189657 

----------
iteration: 384, probabilities: [0.000003 0.000031 0.999759 0.000146 0.000061], probability: 0.9997594952583313