-0.77329121 0.70990281 0.74168934 -0.09942404 -0.04068622 0.02355906 0.19021991 
0.43036064 -0.25931224 0.27781845 0.13015820 -0.00966207 0.03324348 0.14323801 
0.25022701 -0.82062332 -0.24532060 -0.36697816 0.04097418 -0.01711282 0.16568621 

----------
-0.77329121 0.70990281 0.74168934 -0.09942404 -0.04068622 -0.04068622 -0.04068622 
0.43036064 -0.25931224 0.27781845 0.13015820 -0.00966207 -0.00966207 -0.00966207 
0.25022701 -0.82062332 -0.24532060 -0.36697816 0.04097418 0.04097418 0.04097418 

----------
-0.69840397 0.66949324 0.22744586 -0.11176060 0.00751839 -0.08177941 0.05132772 
0.70654290 -0.63164093 0.31741394 0.03772932 -0.07878252 0.09229519 0.05190388 
0.70708598 -0.62077857 0.33890933 0.01317436 0.16136052 -0.05573425 0.05187194 

----------
iteration: 2810, probabilities: [0.000005 0.000042 0.999104 0.000628 0.000221], probability: 0.9991039633750916