-0.45926860 0.99160050 0.33792404 -0.38655742 0.04891960 -0.04583554 0.16504389 
0.92263946 -0.03310976 0.98882070 -0.05469995 0.05120896 -0.01708900 0.17020959 
0.27022012 -0.55542391 -0.75795785 -0.28020401 -0.04959064 -0.03511994 0.16858320 

----------
-0.45926860 0.99160050 0.33792404 -0.38655742 0.04891960 0.04891960 0.04891960 
0.92263946 -0.03310976 0.98882070 -0.05469995 0.05120896 0.05120896 0.05120896 
0.27022012 -0.55542391 -0.75795785 -0.28020401 -0.04959064 -0.04959064 -0.04959064 

----------
-0.45153046 0.66187901 0.24899521 -0.54416976 0.02154313 0.08010724 0.05187241 
-0.70437362 -0.57769498 -0.40793114 -0.06650528 0.34214117 0.22100801 0.05226176 
-0.70058561 -0.55782657 -0.43425948 -0.09903724 -0.15268316 0.04582215 0.05225627 

----------
iteration: 4674, probabilities: [0.000002 0.000183 0.999788 0.000019 0.000009], probability: 0.9997878670692444