-0.82668030 0.54106877 -0.30913118 -0.70462282 -0.00032117 0.06837531 0.16639640 
0.76566787 -0.08107521 0.52218211 0.25438061 0.02446271 -0.03625734 0.14640863 
0.70209730 -0.56192202 -0.16420489 -0.09205686 0.00194790 -0.00423085 0.15799775 

----------
-0.82668030 0.54106877 -0.30913118 -0.70462282 -0.00032117 -0.00032117 -0.00032117 
0.76566787 -0.08107521 0.52218211 0.25438061 0.02446271 0.02446271 0.02446271 
0.70209730 -0.56192202 -0.16420489 -0.09205686 0.00194790 0.00194790 0.00194790 

----------
-0.48262467 0.67530111 0.21014156 -0.51688500 -0.13534241 0.02859356 0.05186950 
0.78710634 -0.00006405 0.00007130 0.61716913 0.01631967 0.04336768 0.05201115 
0.62221697 -0.70698446 0.01412125 0.33602611 0.06264975 -0.05082590 0.05184978 

----------
iteration: 5570, probabilities: [0.000002 0.000029 0.999861 0.000075 0.000033], probability: 0.9998612403869629