-0.99961303 0.30072516 0.01091225 -0.47486859 -0.00145101 -0.05343511 0.14310317 
0.09899053 -0.33171195 0.63548741 -0.03567304 -0.00035530 0.07049770 0.17913330 
0.72422485 -0.18619325 -0.63956455 -0.48613023 -0.01066672 0.07040363 0.14826826 

----------
-0.99961303 0.30072516 0.01091225 -0.47486859 -0.00145101 -0.00145101 -0.00145101 
0.09899053 -0.33171195 0.63548741 -0.03567304 -0.00035530 -0.00035530 -0.00035530 
0.72422485 -0.18619325 -0.63956455 -0.48613023 -0.01066672 -0.01066672 -0.01066672 

----------
-0.91250806 0.00003912 -0.00008738 -0.40920075 -0.07693010 -0.02423839 0.05201145 
0.00042994 -0.35083104 0.93648757 0.00022233 0.05991392 0.07086300 0.05195505 
0.69502931 0.03572637 -0.70636720 -0.12960407 0.02679470 -0.07383299 0.05165426 

----------
iteration: 6290, probabilities: [0.000001 0.000048 0.999909 0.000031 0.000010], probability: 0.9999091625213623