-0.97456586 0.62413404 -0.29567387 0.30256328 0.02939013 -0.02011432 0.17960602 
0.74601562 -0.14840175 0.75837281 -0.43806796 0.03853319 -0.05361988 0.17980263 
0.27395983 -0.28006940 -0.56185184 -0.49153722 -0.01778075 -0.09470001 0.16841038 

----------
-0.97456586 0.62413404 -0.29567387 0.30256328 0.02939013 0.02939013 0.02939013 
0.74601562 -0.14840175 0.75837281 -0.43806796 0.03853319 0.03853319 0.03853319 
0.27395983 -0.28006940 -0.56185184 -0.49153722 -0.01778075 -0.01778075 -0.01778075 

----------
-0.70310204 0.57357421 -0.41362549 0.07522987 0.12172342 -0.00602171 0.05187078 
0.54773496 -0.26243808 0.65670286 -0.44729681 0.01960090 0.11719200 0.05178244 
-0.13477870 0.22685786 -0.66962738 -0.69442290 -0.12811128 -0.05277369 0.05224148 

----------
iteration: 6048, probabilities: [0.000003 0.000028 0.999819 0.000102 0.000049], probability: 0.9998185038566589