-0.93029684 0.08738844 -0.10722465 -0.53560191 0.01465498 0.00401033 0.18270875 
0.97528663 -0.01959163 0.98811239 -0.16377070 0.02960952 0.02789747 0.15372871 
0.30529794 -0.70365827 -0.61544438 0.13702152 -0.01960293 -0.03262611 0.13275490 

----------
-0.93029684 0.08738844 -0.10722465 -0.53560191 0.01465498 0.01465498 0.01465498 
0.97528663 -0.01959163 0.98811239 -0.16377070 0.02960952 0.02960952 0.02960952 
0.30529794 -0.70365827 -0.61544438 0.13702152 -0.01960293 -0.01960293 -0.01960293 

----------
-0.86939623 0.00004725 -0.00008326 -0.49415068 -0.01263888 0.07614090 0.05201145 
0.58738292 -0.31508591 0.63324826 -0.39394413 0.09976093 0.06539148 0.05187169 
0.00035093 -0.76188042 -0.64794815 -0.00028269 -0.09430836 -0.03948924 0.05199148 

----------
iteration: 7308, probabilities: [0.000004 0.000030 0.999617 0.000237 0.000113], probability: 0.9996168613433838