-0.97578581 0.98277706 -0.25684062 -0.06008423 0.03032447 -0.01137548 0.15550728 
0.73325874 -0.35811105 0.30246086 -0.20269468 0.02503919 -0.01048550 0.15805379 
0.68421477 -0.53256263 -0.18676910 -0.07412999 -0.04517841 0.01677150 0.16926037 

----------
-0.97578581 0.98277706 -0.25684062 -0.06008423 0.03032447 0.03032447 0.03032447 
0.73325874 -0.35811105 0.30246086 -0.20269468 0.02503919 0.02503919 0.02503919 
0.68421477 -0.53256263 -0.18676910 -0.07412999 -0.04517841 -0.04517841 -0.04517841 

----------
-0.69802018 0.66230968 -0.24779722 -0.11288636 0.01178538 0.08415755 0.05187240 
0.68506863 -0.50843167 0.49151130 -0.17518365 0.11457775 -0.01136354 0.05187001 
0.65760448 -0.69987665 0.09970916 0.26063536 -0.03241898 -0.03342893 0.05189611 

----------
iteration: 7143, probabilities: [0.000002 0.000040 0.999903 0.000040 0.000015], probability: 0.9999027252197266