-0.88375423 0.98786773 -0.18106894 -0.99996525 -0.01783854 -0.02338018 0.16386266 
0.08559582 -0.81602287 0.99923641 0.47404301 0.00803645 -0.01306384 0.16225614 
0.70333466 -0.91479878 -0.51285117 -0.34922365 0.03596851 -0.03980973 0.14987463 

----------
-0.88375423 0.98786773 -0.18106894 -0.99996525 -0.01783854 -0.01783854 -0.01783854 
0.08559582 -0.81602287 0.99923641 0.47404301 0.00803645 0.00803645 0.00803645 
0.70333466 -0.91479878 -0.51285117 -0.34922365 0.03596851 0.03596851 0.03596851 

----------
-0.59862883 0.70564092 0.04744297 -0.37650660 -0.02571942 -0.10213147 0.05169217 
-0.14393315 -0.14388735 0.69279997 0.69199220 0.01433306 0.03523090 0.05051435 
0.69109036 -0.67467970 0.21213901 0.14993736 0.16146086 0.03039131 0.05187127 

----------
iteration: 7654, probabilities: [0.000004 0.000035 0.999530 0.000310 0.000120], probability: 0.9995300769805908