0.64411379 -0.74351431 0.17302867 0.04863098 -0.03088004 0.03245476 0.14557887 
0.70741648 0.48383105 -0.49849051 -0.13029444 -0.02078904 0.01773821 0.19013731 
0.48506064 -0.48199244 0.44650257 0.59151908 0.08981222 0.04872184 0.12555406 

----------
0.64411379 -0.74351431 0.17302867 0.04863098 -0.03088004 -0.03088004 -0.03088004 
0.70741648 0.48383105 -0.49849051 -0.13029444 -0.02078904 -0.02078904 -0.02078904 
0.48506064 -0.48199244 0.44650257 0.59151908 0.08981222 0.08981222 0.08981222 

----------
0.69639347 -0.66568546 0.23859501 0.12255162 -0.08295740 -0.09157101 0.05187241 
0.51980794 0.68911657 -0.15732519 -0.47990373 0.04598028 -0.03737597 0.05225625 
0.14137655 -0.21729475 0.67267896 0.69334276 0.19631470 0.13266167 0.05224802 

----------
iteration: 42, probabilities: [0.000019 0.000030 0.999783 0.000093 0.000075], probability: 0.9997833371162415