0.17295216 -0.62482944 -0.00491790 -0.76134850 -0.04313735 0.05900441 0.17375871 
0.50224713 -0.44528688 -0.11228614 -0.73270679 0.03433236 0.05831020 0.18392963 
-0.45026245 0.57521789 0.17223551 0.66085023 -0.03753000 -0.02093404 0.10654425 

----------
0.17230362 -0.62425880 -0.00448609 -0.76197383 -0.07537719 0.07542653 0.18016951 
0.50336306 -0.44448179 -0.11377163 -0.73220188 0.06494286 0.04922727 0.17986167 
-0.45031903 0.57518991 0.17197534 0.66090386 -0.03590066 -0.02827322 0.10436151 

----------
-0.17596685 0.18843775 -0.68144444 -0.68536899 -0.17202023 0.13834698 0.05225829 
0.70209301 -0.56784217 0.42167287 -0.08522272 0.16267128 0.00633175 0.05186924 
-0.69213998 0.52991664 -0.46839153 0.14505329 0.03063744 -0.09133910 0.05186451 
