0.18894218 -0.06553787 0.52099241 -0.82980272 -0.07551592 -0.06480506 0.11441934 
0.39320394 -0.58563772 -0.35185319 -0.61531980 0.07247175 -0.07743240 0.11559903 
0.34633103 0.11872843 0.52483058 -0.76844729 -0.01841239 0.02620168 0.18220999 

----------
0.18899046 -0.06554619 0.52059986 -0.83003747 -0.07520274 -0.07279435 0.10484141 
0.39320394 -0.58563772 -0.35185319 -0.61531980 0.07257043 -0.07743240 0.11559903 
0.34491447 0.11822493 0.52498118 -0.76905988 -0.01882425 0.03420779 0.19179169 

----------
0.27277995 0.08628404 0.70189050 -0.65238360 -0.08962559 -0.10754388 0.05187241 
0.37708390 -0.60323603 -0.36797855 -0.59878727 0.07345570 -0.07400210 0.05157481 
0.19690464 0.00009383 0.00001876 -0.98081403 -0.04683236 0.07857798 0.05201145 
