0.38617690 0.24039854 -0.87578332 -0.16149156 0.08531063 -0.00488076 0.17224811 
0.79242392 0.19265445 -0.54870962 0.18402814 -0.04514764 0.07491999 0.17192928 
0.42581339 0.62628961 0.44787313 -0.47524093 -0.06973394 -0.03086679 0.12328809 

----------
0.38617690 0.24039854 -0.87578332 -0.16149156 0.08542564 -0.00501438 0.17224811 
0.79250512 0.19249401 -0.54869464 0.18389102 -0.04461617 0.08171574 0.17321022 
0.42556807 0.62649378 0.44808381 -0.47499299 -0.07038042 -0.03752893 0.12203986 

----------
0.40852174 0.64134945 -0.29732147 -0.57770541 0.11923536 -0.10755205 0.05226199 
0.69539607 -0.67037575 0.22577861 0.12937615 0.00278319 0.22839458 0.05180424 
0.66304666 0.69742879 0.11568859 -0.24705010 -0.15129915 -0.01306553 0.05225649 
