0.27893378 0.32739667 0.90250327 0.02225334 0.07052710 -0.07542237 0.14694248 
0.26934912 0.51848234 0.78572935 -0.20311696 -0.02930238 0.06228342 0.13131462 
0.69213132 0.40693021 -0.22653962 0.55139989 0.01160086 0.06892711 0.14766914 

----------
0.27903792 0.32725872 0.90252585 0.02206037 0.07176696 -0.07482147 0.14731968 
0.26903695 0.51840416 0.78589505 -0.20308976 -0.06317128 0.05432037 0.13121135 
0.69234617 0.40639365 -0.22739285 0.55117468 0.04422880 0.07628926 0.14651337 

----------
0.00121306 0.23431785 0.97225538 -0.00041982 0.11047612 -0.07868609 0.05196679 
0.00066510 0.54186453 0.84061559 -0.00045698 -0.04783607 0.01171722 0.05194724 
0.70657762 0.63039000 0.31986110 -0.03642021 0.14477413 0.07659115 0.05225626 
