0.40988455 -0.56175116 0.42300417 0.58094557 0.01312820 0.09409709 0.12551362 
-0.30579230 -0.56383324 -0.65621030 0.39745591 -0.07078695 0.05747495 0.18740868 
0.41484134 0.64529322 -0.34828153 0.53870521 0.01822778 0.02017019 0.15055260 

----------
0.40987059 -0.56181250 0.42306825 0.58084956 0.00765845 0.11548898 0.12026520 
-0.30508943 -0.56416325 -0.65591543 0.39801413 -0.08667241 0.05775552 0.18927837 
0.41569539 0.64474235 -0.34837836 0.53864397 0.03958299 -0.00150227 0.15311068 

----------
0.08443231 -0.27622882 0.65081344 0.70254803 0.09510364 0.14704269 0.05225411 
-0.55894943 -0.00009316 -0.00017773 -0.82988524 -0.26931869 -0.08962063 0.05201533 
0.70025060 0.65712193 0.26058621 -0.10119284 0.12948357 0.02313654 0.05225626 
