-0.32061366 0.72027215 0.96588004 0.06629338 -0.04352749 -0.00163374 0.12964120 
0.61106394 -0.36021149 0.11327432 0.62017468 -0.03926675 -0.08338489 0.15141287 
0.58987741 0.13442881 0.29520512 0.05046728 0.04871720 -0.08609746 0.15647125 

----------
-0.32061366 0.72027215 0.96588004 0.06629338 -0.04352749 -0.04352749 -0.04352749 
0.61106394 -0.36021149 0.11327432 0.62017468 -0.03926675 -0.03926675 -0.03926675 
0.58987741 0.13442881 0.29520512 0.05046728 0.04871720 0.04871720 0.04871720 

----------
0.00102597 0.68342536 0.73024809 -0.00140858 -0.13188514 0.03900382 0.05199543 
0.81759076 -0.00005510 0.00007831 0.57607624 0.02636661 -0.15123049 0.05201145 
0.82111060 -0.00005461 0.00007865 0.57098591 -0.00215947 0.05877914 0.05201145 

----------
iteration: 347, probabilities: [0.000004 0.000031 0.999707 0.000181 0.000078], probability: 0.9997066855430603