0.00689322 0.22920822 0.83665265 -0.23237718 0.08803372 0.03845366 0.16582353 
0.30150227 -0.51780626 -0.08389412 0.91111583 0.00329192 0.01204416 0.15393837 
0.81048692 0.06461543 -0.10893312 -0.97444991 -0.01353950 -0.00031120 0.16089164 

----------
0.00689322 0.22920822 0.83665265 -0.23237718 0.08803372 0.08803372 0.08803372 
0.30150227 -0.51780626 -0.08389412 0.91111583 0.00329192 0.00329192 0.00329192 
0.81048692 0.06461543 -0.10893312 -0.97444991 -0.01353950 -0.01353950 -0.01353950 

----------
-0.00244077 0.32581086 0.94551926 0.00121836 0.07740061 0.07857785 0.05216142 
0.25526828 -0.00017920 -0.00004210 0.96703438 0.13471166 -0.05308405 0.05201496 
0.63725349 0.00007382 0.00006097 -0.77069355 -0.06257220 -0.02440831 0.05201145 

----------
iteration: 3362, probabilities: [0.000002 0.000038 0.999863 0.000071 0.000025], probability: 0.9998631477355957