-0.19404734 -0.25782220 0.80120348 -0.52358200 -0.01634207 -0.00559989 0.12643739 
0.70390398 -0.41341522 0.04102488 0.14623101 0.01614937 0.06066085 0.13574602 
0.35723665 0.57203743 -0.06260141 -0.94615399 0.00189987 0.00800983 0.14093397 

----------
-0.19404734 -0.25782220 0.80120348 -0.52358200 -0.01634207 -0.01634207 -0.01634207 
0.70390398 -0.41341522 0.04102488 0.14623101 0.01614937 0.01614937 0.01614937 
0.35723665 0.57203743 -0.06260141 -0.94615399 0.00189987 0.00189987 0.00189987 

----------
0.08740148 0.27179979 0.65291186 -0.70174694 -0.15531346 0.01987121 0.05187345 
0.67718685 -0.68913206 0.15871861 0.20354519 0.04413581 0.10869587 0.05187241 
0.67821022 0.00191739 -0.00321794 -0.73509288 0.11085417 -0.02010884 0.05226923 

----------
iteration: 3327, probabilities: [0.000002 0.000027 0.999865 0.000070 0.000035], probability: 0.9998646974563599