-0.13814845 0.56593695 0.76101192 -0.27911620 0.00728314 -0.00602111 0.14977776 
0.02162186 -0.18945640 -0.67746290 0.28101327 -0.04874361 -0.02377099 0.17092709 
0.99194234 0.73305072 0.02350911 -0.78563860 -0.01015023 0.00125725 0.16452477 

----------
-0.13814845 0.56593695 0.76101192 -0.27911620 0.00728314 0.00728314 0.00728314 
0.02162186 -0.18945640 -0.67746290 0.28101327 -0.04874361 -0.04874361 -0.04874361 
0.99194234 0.73305072 0.02350911 -0.78563860 -0.01015023 -0.01015023 -0.01015023 

----------
0.00292547 -0.17450140 0.98486093 0.00516507 -0.00504394 0.08964893 0.05242557 
-0.02953928 -0.32442510 -0.62840572 0.70653695 -0.11473428 -0.00636870 0.05187267 
0.58512511 0.70479597 -0.05354449 -0.39762830 0.00265747 -0.09257595 0.05225626 

----------
iteration: 6170, probabilities: [0.000003 0.000030 0.999839 0.000091 0.000038], probability: 0.9998389482498169