0.78382777 -0.82813373 -0.53458269 0.01257976 0.03291303 0.05574611 0.16135370 
0.04200578 0.71675572 0.04274677 0.07356892 -0.04191014 -0.03985728 0.14668107 
0.03338156 0.99157424 0.15378093 0.99617259 0.02670119 0.03239155 0.17065492 

----------
0.78382777 -0.82813373 -0.53458269 0.01257976 0.03291303 0.03291303 0.03291303 
0.04200578 0.71675572 0.04274677 0.07356892 -0.04191014 -0.04191014 -0.04191014 
0.03338156 0.99157424 0.15378093 0.99617259 0.02670119 0.02670119 0.02670119 

----------
0.61389023 -0.70720172 -0.00086761 0.35101175 0.14942911 0.06380220 0.05187100 
0.00010912 0.99850615 0.05527927 -0.00045719 -0.02542992 -0.08051647 0.05195657 
0.58715970 0.31264068 0.63399094 0.39470937 -0.05051239 0.14723795 0.05225867 

----------
iteration: 131, probabilities: [0.000002 0.000029 0.999853 0.000073 0.000042], probability: 0.9998528957366943