-0.23387221 -0.54499022 -0.20826765 -0.73014190 0.01988144 0.04833166 0.18909465 
0.01958433 0.69131626 -0.51871496 -0.23775710 0.04744748 0.01920205 0.16850326 
-0.46388060 0.90191891 -0.11788433 -0.25317261 -0.03363306 -0.04462621 0.17226157 

----------
-0.23387221 -0.54499022 -0.20826765 -0.73014190 0.01988144 0.01988144 0.01988144 
0.01958433 0.69131626 -0.51871496 -0.23775710 0.04744748 0.04744748 0.04744748 
-0.46388060 0.90191891 -0.11788433 -0.25317261 -0.03363306 -0.03363306 -0.03363306 

----------
-0.65343775 -0.48589670 -0.51352065 -0.27098782 -0.00466445 0.13130184 0.05192796 
-0.02096733 0.65281122 -0.74999260 -0.10476019 0.09017291 0.07772846 0.06161440 
-0.63583295 0.70570636 -0.04618595 -0.30949816 -0.03082153 -0.11090466 0.05187241 

----------
iteration: 392, probabilities: [0.000002 0.000029 0.999884 0.000055 0.000030], probability: 0.9998835325241089