-0.13469945 -0.51852250 0.89018928 -0.68793165 0.02369574 0.03494816 0.16193435 
-0.05887248 -0.26704523 -0.19633397 -0.99994087 -0.01782546 -0.02245881 0.12534759 
0.25781087 -0.76493977 0.36679530 -0.30152618 -0.02450302 0.08750268 0.16974703 

----------
-0.13469945 -0.51852250 0.89018928 -0.68793165 0.02369574 0.02369574 0.02369574 
-0.05887248 -0.26704523 -0.19633397 -0.99994087 -0.01782546 -0.01782546 -0.01782546 
0.25781087 -0.76493977 0.36679530 -0.30152618 -0.02450302 -0.02450302 -0.02450302 

----------
0.17326092 0.18705109 0.68201960 -0.68568709 -0.01359840 0.07776681 0.05185007 
-0.14685999 0.00009581 -0.00001512 -0.98930680 -0.11272982 -0.00163344 0.05201148 
0.65490023 -0.44638254 0.54854626 -0.26684319 -0.04093305 -0.15404555 0.05174447 

----------
iteration: 1600, probabilities: [0.000196 0.000052 0.995541 0.001620 0.002591], probability: 0.9955409169197083