-0.84634752 0.34558827 0.21319519 0.14368297 0.00289379 0.06192889 0.17029339 
-0.49194962 0.10563150 0.91193410 0.08739197 -0.00532384 0.00237620 0.12841677 
0.62322819 -0.17006561 0.58829556 0.95316795 -0.05294592 0.00110568 0.13317305 

----------
-0.84634752 0.34558827 0.21319519 0.14368297 0.00289379 0.00289379 0.00289379 
-0.49194962 0.10563150 0.91193410 0.08739197 -0.00532384 -0.00532384 -0.00532384 
0.62322819 -0.17006561 0.58829556 0.95316795 -0.05294592 -0.05294592 -0.05294592 

----------
-0.70709058 -0.62504322 -0.33034674 0.02453775 0.11984077 -0.21865089 0.05225095 
-0.46952818 0.66743339 0.23404030 -0.52883478 0.05882356 0.16511373 0.05179531 
0.37827584 0.03045792 0.70617715 0.59782608 -0.05054897 -0.03858220 0.05225625 

----------
iteration: 1920, probabilities: [0.000012 0.000042 0.999846 0.000048 0.000052], probability: 0.9998461008071899