-0.61804095 -0.94630525 0.89182185 0.08895051 0.03953870 0.00689285 0.14019139 
-0.39228689 -0.67144125 0.32369868 0.46809123 0.02352146 0.02686194 0.15111832 
0.45881852 -0.38355308 0.44657198 0.09609849 -0.04363162 0.05183427 0.15949666 

----------
-0.61804095 -0.94630525 0.89182185 0.08895051 0.03953870 0.03953870 0.03953870 
-0.39228689 -0.67144125 0.32369868 0.46809123 0.02352146 0.02352146 0.02352146 
0.45881852 -0.38355308 0.44657198 0.09609849 -0.04363162 -0.04363162 -0.04363162 

----------
-0.54656514 -0.69707990 0.11749570 0.44929742 0.19562936 0.03433731 0.05225626 
-0.42789123 -0.65097234 0.27535472 0.56335566 -0.00310647 0.03143768 0.05225625 
0.70139960 -0.59512528 0.37905568 -0.10330517 -0.12780635 -0.06837177 0.05221760 

----------
iteration: 1308, probabilities: [0.000131 0.000047 0.997459 0.000849 0.001514], probability: 0.9974588751792908