0.99959465 0.31818282 0.28803038 -0.15887502 0.05313766 0.02184244 0.13579689 
-0.66072687 -0.58608981 -0.12176386 -0.41339405 -0.02032636 -0.06195720 0.14021189 
-0.56398547 -0.48408290 0.25429794 -0.90437810 -0.00925021 0.01485293 0.13967359 

----------
0.99959465 0.31818282 0.28803038 -0.15887502 0.05313766 0.05313766 0.05313766 
-0.66072687 -0.58608981 -0.12176386 -0.41339405 -0.02032636 -0.02032636 -0.02032636 
-0.56398547 -0.48408290 0.25429794 -0.90437810 -0.00925021 -0.00925021 -0.00925021 

----------
0.84460896 0.42518256 0.32243303 -0.04365274 0.08174211 0.04409679 0.06860631 
-0.70192601 -0.56592434 -0.42352235 -0.08829391 0.04528848 -0.06944249 0.05225087 
-0.86983330 0.00150975 0.00039740 -0.49365960 -0.04553327 0.11941631 0.05211548 

----------
iteration: 1591, probabilities: [0.000216 0.000049 0.992410 0.002118 0.005207], probability: 0.9924099445343018