-0.14777063 0.41460988 0.78273690 0.41451550 -0.00390724 0.02514942 0.16262602 
-0.82890695 -0.56162591 0.96639430 -0.81052584 -0.03244891 -0.03763939 0.16310388 
0.75329400 -0.06054055 0.79177743 0.97730879 -0.02442299 -0.04096101 0.14875375 

----------
-0.14777063 0.41460988 0.78273690 0.41451550 -0.00390724 -0.00390724 -0.00390724 
-0.82890695 -0.56162591 0.96639430 -0.81052584 -0.03244891 -0.03244891 -0.03244891 
0.75329400 -0.06054055 0.79177743 0.97730879 -0.02442299 -0.02442299 -0.02442299 

----------
0.10403405 0.29674341 0.64115716 0.70014503 0.02099448 -0.06782758 0.05165581 
0.05475129 0.30200921 0.63923222 -0.70527178 -0.16478206 -0.04824244 0.05189510 
0.43440468 0.09870275 0.69990611 0.55837278 -0.01752468 0.07141174 0.05225636 

----------
iteration: 2016, probabilities: [0.000015 0.000029 0.999781 0.000092 0.000083], probability: 0.9997808337211609