0.35372763 0.99579536 0.09137714 0.53724291 0.05067152 -0.02376703 0.16226560 
-0.05607176 0.46887835 -0.09864256 0.12032815 0.06095345 0.01041660 0.16891987 
0.45766509 0.33471949 -0.30973310 0.07000449 0.05506292 -0.01564905 0.16297382 

----------
0.35372763 0.99579536 0.09137714 0.53724291 0.05067152 0.05067152 0.05067152 
-0.05607176 0.46887835 -0.09864256 0.12032815 0.06095345 0.06095345 0.06095345 
0.45766509 0.33471949 -0.30973310 0.07000449 0.05506292 0.05506292 0.05506292 

----------
0.67232440 0.47304645 0.52524098 0.22024436 0.11254227 0.07527368 0.05225504 
0.41143235 0.64284908 -0.29403533 -0.57560672 0.22536350 0.17771901 0.05226069 
0.69131731 0.63014154 -0.32113668 0.14798099 -0.01019603 0.04405147 0.05201897 

----------
iteration: 2331, probabilities: [0.000014 0.000030 0.999882 0.000034 0.000040], probability: 0.9998819828033447