-0.29867252 0.30403120 0.41933459 0.70142562 0.04874342 0.01143956 0.16651591 
0.12161840 -0.45692377 0.30014411 -0.02037648 -0.00686465 -0.02763108 0.16677323 
0.92484085 -0.33456332 0.68438937 0.02362442 -0.00566546 -0.01224423 0.12926548 

----------
-0.29867252 0.30403120 0.41933459 0.70142562 0.04874342 0.04874342 0.04874342 
0.12161840 -0.45692377 0.30014411 -0.02037648 -0.00686465 -0.00686465 -0.00686465 
0.92484085 -0.33456332 0.68438937 0.02362442 -0.00566546 -0.00566546 -0.00566546 

----------
0.11676330 -0.10870034 0.69879096 0.69742767 -0.00227195 0.12071282 0.05163705 
0.00055236 -0.86773625 0.49713776 0.00081123 -0.07103161 0.02064747 0.05194984 
0.70249693 -0.57997261 0.40471674 -0.08104621 0.04140169 -0.02927220 0.05169455 

----------
iteration: 3161, probabilities: [0.000019 0.000018 0.999757 0.000100 0.000106], probability: 0.9997571110725403