-0.52170403 -0.21570477 0.37684935 -0.64039657 -0.03083375 -0.01891624 0.16259744 
0.14180493 0.53617334 -0.04328854 0.60133117 -0.03936990 -0.08145972 0.14687642 
0.74698280 0.65814217 -0.97692131 0.82562562 -0.00446408 0.01329995 0.13948436 

----------
-0.52170403 -0.21570477 0.37684935 -0.64039657 -0.03083375 -0.03083375 -0.03083375 
0.14180493 0.53617334 -0.04328854 0.60133117 -0.03936990 -0.03936990 -0.03936990 
0.74698280 0.65814217 -0.97692131 0.82562562 -0.00446408 -0.00446408 -0.00446408 

----------
-0.30903790 -0.20297415 -0.10565736 -0.92323532 0.06122704 0.01611671 0.06656832 
0.29378089 0.67518608 0.19809707 0.64700154 -0.06616803 -0.05042767 0.05257430 
0.38403850 0.30951740 -0.63535326 0.59419176 -0.06717648 0.05398092 0.05229046 

----------
iteration: 3730, probabilities: [0.000020 0.000026 0.999672 0.000148 0.000134], probability: 0.9996718168258667