0.50213391 0.82835543 0.21345037 -0.73740323 -0.02715394 0.07679722 0.15669263 
0.85660781 0.43232174 -0.57163640 0.99973263 0.02139970 0.01123636 0.16975246 
0.10496952 0.56212713 0.63938789 0.68070619 0.01888127 0.04311048 0.14653136 

----------
0.50213391 0.82835543 0.21345037 -0.73740323 -0.02715394 -0.02715394 -0.02715394 
0.85660781 0.43232174 -0.57163640 0.99973263 0.02139970 0.02139970 0.02139970 
0.10496952 0.56212713 0.63938789 0.68070619 0.01888127 0.01888127 0.01888127 

----------
0.46884638 0.66976941 -0.22590354 -0.52979480 -0.03887067 -0.02740205 0.05225626 
0.68454908 0.68871946 0.14443037 -0.19105757 0.19893552 -0.00232041 0.05246015 
0.34550610 -0.00766324 0.70682245 0.61737933 -0.12378797 0.08033563 0.05225625 

----------
iteration: 3907, probabilities: [0.000018 0.000022 0.999789 0.000082 0.000089], probability: 0.9997891783714294