-0.20643867 -0.09055911 0.82422929 0.02650251 0.00376569 -0.00264697 0.14900330 
0.29344764 0.99843629 -0.57035088 0.34190989 -0.04587332 0.02795630 0.15682646 
-0.55971179 -0.31294381 -0.32805871 -0.64961020 0.01164961 0.04256738 0.16634097 

----------
-0.20643867 -0.09055911 0.82422929 0.02650251 0.00376569 0.00376569 0.00376569 
0.29344764 0.99843629 -0.57035088 0.34190989 -0.04587332 -0.04587332 -0.04587332 
-0.55971179 -0.31294381 -0.32805871 -0.64961020 0.01164961 0.01164961 0.01164961 

----------
0.38680510 0.04144985 0.70557299 0.59265044 -0.11655478 -0.03222247 0.05226486 
0.24118107 0.53982792 -0.45644282 -0.66517781 0.05575685 -0.14162407 0.05225665 
-0.58862080 -0.31487830 -0.63282109 -0.39244310 0.10733551 0.01504784 0.05225625 

----------
iteration: 4330, probabilities: [0.000026 0.000075 0.999703 0.000019 0.000176], probability: 0.9997034668922424