0.37429158 -0.15066924 0.73088463 0.25416523 0.00742643 -0.01334563 0.17251611 
-0.88809944 0.20533795 -0.99999987 0.56434878 0.01466178 -0.02329005 0.11309881 
0.21445353 -0.28637070 0.08203484 0.44224520 0.03001753 -0.00288651 0.16204890 

----------
0.37429158 -0.15066924 0.73088463 0.25416523 0.00742643 0.00742643 0.00742643 
-0.88809944 0.20533795 -0.99999987 0.56434878 0.01466178 0.01466178 0.01466178 
0.21445353 -0.28637070 0.08203484 0.44224520 0.03001753 0.03001753 0.03001753 

----------
0.30044464 -0.05820893 0.70452123 0.64058400 0.00834590 -0.11304779 0.05225409 
-0.53862396 0.24334827 -0.66403977 0.45818881 -0.01449834 0.10222684 0.05184639 
0.58841331 -0.00021927 0.00002118 0.80879190 0.14453523 -0.03700958 0.05201645 

----------
iteration: 5533, probabilities: [0.000044 0.000070 0.998692 0.000167 0.001028], probability: 0.998691737651825