0.80170685 -0.50493111 0.47785745 0.06264170 -0.01018217 0.02929952 0.15336624 
0.99374202 -0.02212811 0.23932849 0.99482475 0.02533544 -0.00961750 0.15003145 
0.15881443 -0.74487864 0.16091206 -0.06149423 0.02637285 0.02039939 0.16129667 

----------
0.80170685 -0.50493111 0.47785745 0.06264170 -0.01018217 -0.01018217 -0.01018217 
0.99374202 -0.02212811 0.23932849 0.99482475 0.02533544 0.02533544 0.02533544 
0.15881443 -0.74487864 0.16091206 -0.06149423 0.02637285 0.02637285 0.02637285 

----------
0.70614942 -0.59527184 0.38174486 -0.03667385 -0.01451386 -0.04536294 0.05187199 
0.71310850 -0.00006707 0.00006831 0.70108766 0.09192648 0.02254987 0.05201145 
-0.00048342 -0.86468647 0.50251250 -0.00012807 -0.05194458 0.10366440 0.05199844 

----------
iteration: 6116, probabilities: [0.000021 0.000049 0.999755 0.000018 0.000157], probability: 0.9997549653053284