-0.42117409 -0.76686692 -0.03824401 0.15186244 0.00487069 -0.03428789 0.16053502 
0.99145567 -0.88652854 -0.29520021 -0.34168972 -0.00339100 -0.01921010 0.15576201 
0.95872022 0.34237927 -0.07127796 0.77250390 -0.02322017 -0.02298635 0.16778098 

----------
-0.42117409 -0.76686692 -0.03824401 0.15186244 0.00487069 0.00487069 0.00487069 
0.99145567 -0.88652854 -0.29520021 -0.34168972 -0.00339100 -0.00339100 -0.00339100 
0.95872022 0.34237927 -0.07127796 0.77250390 -0.02322017 -0.02322017 -0.02322017 

----------
-0.64929781 -0.70234401 -0.07952750 0.28089319 0.03927810 0.10156281 0.05225627 
0.68560206 -0.68140146 0.18925110 0.17320882 0.09934913 -0.05714899 0.05187303 
0.77528842 -0.00017535 -0.00032743 0.63179542 -0.09794362 -0.00264646 0.05202346 

----------
iteration: 6825, probabilities: [0.000026 0.000047 0.999633 0.000032 0.000262], probability: 0.999632716178894