0.78384570 0.86665128 0.23623174 0.57330324 -0.02393091 -0.04233622 0.17252013 
0.27064712 -0.09945368 0.43950921 -0.21272004 0.04217126 -0.06396918 0.14428307 
-0.99015132 -0.20807399 -0.47216005 -0.99989566 -0.00515176 -0.01547638 0.14999762 

----------
0.78384570 0.86665128 0.23623174 0.57330324 -0.02393091 -0.02393091 -0.02393091 
0.27064712 -0.09945368 0.43950921 -0.21272004 0.04217126 0.04217126 0.04217126 
-0.99015132 -0.20807399 -0.47216005 -0.99989566 -0.00515176 -0.00515176 -0.00515176 

----------
0.67406190 0.59486653 0.38214861 0.21396731 0.01135318 -0.05882816 0.05175868 
0.53429599 -0.23464276 0.66711556 -0.46317380 0.08041442 0.07110462 0.05187190 
-0.80029944 0.00095099 -0.00016292 -0.59986785 -0.11008533 0.02998872 0.05206547 

----------
iteration: 7370, probabilities: [0.000244 0.000200 0.946704 0.011605 0.041248], probability: 0.9467036724090576