-0.24097668 -0.55038351 -0.08716174 0.57013108 -0.00359217 0.04175044 0.18280689 
0.56197890 0.36915299 -0.48368135 -0.26524754 0.06107841 0.01625469 0.14109684 
0.57886699 -0.03670285 0.61769889 0.41558726 0.02984010 0.03788996 0.14952274 

----------
-0.24097668 -0.55038351 -0.08716174 0.57013108 -0.00359217 -0.00359217 -0.00359217 
0.56197890 0.36915299 -0.48368135 -0.26524754 0.06107841 0.06107841 0.06107841 
0.57886699 -0.03670285 0.61769889 0.41558726 0.02984010 0.02984010 0.02984010 

----------
-0.49993292 -0.68240294 0.18577025 0.50041374 -0.11878402 -0.00503368 0.05224362 
0.49313403 0.59895503 -0.37566688 -0.50701876 0.13775013 0.08271405 0.05175893 
0.46627059 0.13943094 0.69299439 0.53211500 0.05476061 -0.00140996 0.05225369 

----------
iteration: 7237, probabilities: [0.000029 0.000057 0.999590 0.000038 0.000286], probability: 0.9995904564857483