0.95747908 0.77127602 0.93268428 0.99513758 0.09766810 0.09625165 0.10246934 
0.99640931 -0.99431790 -0.97721527 0.99955775 0.09876303 0.08956851 0.10035149 
-0.79291181 0.93775667 0.57437463 0.26472529 -0.08419289 0.09734499 0.10452734 

----------
0.95747908 0.77127602 0.93268428 0.99513758 0.09766810 0.09766810 0.09766810 
0.99640931 -0.99431790 -0.97721527 0.99955775 0.09876303 0.09876303 0.09876303 
-0.79291181 0.93775667 0.57437463 0.26472529 -0.08419289 -0.08419289 -0.08419289 

----------
0.59164069 0.31978185 0.63033910 0.38784551 0.03904571 0.12367669 0.05225625 
0.35666597 -0.61235726 -0.35364868 0.61056084 0.16158139 0.12280928 0.05187262 
-0.67634399 0.69033415 -0.15396112 -0.20627203 -0.00141720 -0.08823582 0.05185096 

----------
iteration: 465, probabilities: [0.000002 0.000037 0.999890 0.000045 0.000026], probability: 0.999889612197876