0.53857612 0.47112838 0.52119641 -0.46511087 0.01656296 0.05864530 0.14938332 
0.62901595 0.38676880 -0.66852676 0.08843529 -0.05678076 -0.04039165 0.10247087 
0.32811430 0.10191478 -0.93908777 0.00827890 0.05712393 -0.03451440 0.12966946 

----------
0.53857612 0.47112838 0.52119641 -0.46511087 0.01656296 0.01656296 0.01656296 
0.62901595 0.38676880 -0.66852676 0.08843529 -0.05678076 -0.05678076 -0.05678076 
0.32811430 0.10191478 -0.93908777 0.00827890 0.05712393 0.05712393 0.05712393 

----------
-0.70328206 -0.62487524 -0.33985158 0.00599038 0.32267990 0.10777633 0.05275801 
0.47769245 0.67350720 -0.21465962 -0.52189610 -0.04045526 -0.13168321 0.05225625 
-0.43896930 -0.10440343 -0.69916070 -0.55489432 -0.04631080 0.00151712 0.05225626 

----------
iteration: 511, probabilities: [0.000001 0.000069 0.999888 0.000031 0.000010], probability: 0.9998881816864014