0.61396840 -0.77796896 -0.13025924 -0.02897644 -0.08238445 -0.01165970 0.16271007 
0.27876986 -0.67896574 -0.34886636 0.58273936 0.03943615 0.07322732 0.13854348 
-0.67194544 -0.39421862 0.40699996 -0.47689836 0.04599313 0.05177422 0.12237880 

----------
0.61396840 -0.77796896 -0.13025924 -0.02897644 -0.08238445 -0.08238445 -0.08238445 
0.27876986 -0.67896574 -0.34886636 0.58273936 0.03943615 0.03943615 0.03943615 
-0.67194544 -0.39421862 0.40699996 -0.47689836 0.04599313 0.04599313 0.04599313 

----------
0.67404823 -0.69145360 0.14831304 0.21373318 -0.06028812 -0.09179263 0.05187241 
0.33411582 -0.59907625 -0.37570943 0.62319427 0.07870341 -0.04153529 0.05187622 
-0.68952147 -0.66552465 -0.13724472 0.25106055 0.13590559 0.08006435 0.05559000 

----------
iteration: 238, probabilities: [0.000003 0.000036 0.999711 0.000185 0.000065], probability: 0.9997114539146423