0.57597307 0.25337179 -0.20590340 0.74944082 -0.02803608 -0.03433018 0.11090142 
0.68448124 -0.12903664 -0.71172852 -0.09098070 -0.03773850 0.05196430 0.14499881 
0.40944693 0.66043611 -0.58034180 0.24368166 0.00675019 -0.01296596 0.18902423 

----------
0.57597307 0.25337179 -0.20590340 0.74944082 -0.02803608 -0.02803608 -0.02803608 
0.68448124 -0.12903664 -0.71172852 -0.09098070 -0.03773850 -0.03773850 -0.03773850 
0.40944693 0.66043611 -0.58034180 0.24368166 0.00675019 0.00675019 0.00675019 

----------
0.49546808 -0.68045762 -0.19288130 0.50462986 -0.16538360 0.11352368 0.05187218 
0.70333276 -0.14590476 -0.69222289 -0.06987433 -0.05547991 -0.10061520 0.05149687 
0.67197796 -0.69309004 0.14115851 0.22064304 0.08545360 0.25733380 0.05187072 

----------
iteration: 999, probabilities: [0.000002 0.000032 0.999921 0.000027 0.000019], probability: 0.9999208450317383