-0.01950048 0.29024298 -0.38033393 -0.87790936 0.06062736 0.04616690 0.17416148 
0.36746580 0.69218569 0.54536278 -0.29736727 -0.09173809 -0.00205012 0.14933581 
-0.08640687 -0.38392131 -0.78640730 0.47613216 0.07174841 0.08044192 0.15392468 

----------
-0.01950048 0.29024298 -0.38033393 -0.87790936 0.06062736 0.06062736 0.06062736 
0.36746580 0.69218569 0.54536278 -0.29736727 -0.09173809 -0.09173809 -0.09173809 
-0.08640687 -0.38392131 -0.78640730 0.47613216 0.07174841 0.07174841 0.07174841 

----------
0.03575112 0.38239008 -0.59446524 -0.70654616 0.03334497 0.03816901 0.05225626 
0.00052625 0.94014949 0.34138888 0.00005914 -0.11707196 -0.16439141 0.05198684 
-0.01910968 0.00783364 -0.70756411 0.70660356 0.14243556 0.13579545 0.05088262 

----------
iteration: 502, probabilities: [0.000002 0.000030 0.999896 0.000050 0.000023], probability: 0.9998962879180908