-0.05623768 0.26661230 0.81977741 -0.50370647 -0.06141873 0.08511079 0.12946414 
0.25067936 -0.37565827 0.07915618 -0.88869287 -0.05353530 -0.03635385 0.10395708 
0.24034749 0.64947356 -0.62011496 0.36861174 -0.07934991 0.09921053 0.17011293 

----------
-0.05623768 0.26661230 0.81977741 -0.50370647 -0.06141873 -0.06141873 -0.06141873 
0.25067936 -0.37565827 0.07915618 -0.88869287 -0.05353530 -0.05353530 -0.05353530 
0.24034749 0.64947356 -0.62011496 0.36861174 -0.07934991 -0.07934991 -0.07934991 

----------
0.03983519 0.31520955 0.63304213 -0.70599631 -0.13901179 0.03080944 0.05187242 
0.18140732 0.00009337 0.00001958 -0.98350343 -0.02570599 -0.01880216 0.05201142 
0.38137380 0.55075305 -0.44405558 0.59512028 -0.09658636 -0.12118745 0.05149655 

----------
iteration: 361, probabilities: [0.000002 0.000053 0.999910 0.000026 0.000009], probability: 0.9999101161956787