0.27544305 0.63287452 0.71795948 0.09019509 0.02914921 0.06090150 0.19517057 
0.58964768 0.60173462 -0.43010968 0.32440211 -0.04341462 -0.06552372 0.11374322 
0.60344883 -0.46938222 -0.49842990 0.40877558 0.05012078 -0.07734847 0.11588948 

----------
0.27544305 0.63287452 0.71795948 0.09019509 0.02914921 0.02914921 0.02914921 
0.58964768 0.60173462 -0.43010968 0.32440211 -0.04341462 -0.04341462 -0.04341462 
0.60344883 -0.46938222 -0.49842990 0.40877558 0.05012078 0.05012078 0.05012078 

----------
0.21865786 0.59981889 0.76895711 -0.03415929 -0.00204232 0.07173297 0.06849237 
0.67708696 0.68878907 0.15892087 -0.20522157 0.03964470 -0.07093596 0.05225627 
0.36620156 -0.60944296 -0.35870152 0.60488947 0.11035973 0.07557536 0.05169271 

----------
iteration: 797, probabilities: [0.000001 0.000047 0.999911 0.000029 0.000012], probability: 0.9999110698699951