0.57759083 -0.66498630 0.12973895 -0.45535685 0.04606170 -0.09863792 0.19218793 
-0.44249854 -0.27171745 0.74346061 -0.42146291 -0.04395078 0.06649691 0.18024568 
-0.00803922 -0.32212296 0.90240710 0.28606571 -0.09368219 0.01232095 0.19600003 

----------
0.57759083 -0.66498630 0.12973895 -0.45535685 0.04606170 0.04606170 0.04606170 
-0.44249854 -0.27171745 0.74346061 -0.42146291 -0.04395078 -0.04395078 -0.04395078 
-0.00803922 -0.32212296 0.90240710 0.28606571 -0.09368219 -0.09368219 -0.09368219 

----------
0.69665205 -0.54509240 0.45054389 -0.12128274 0.10346120 0.03013596 0.05187241 
0.06630049 0.29124724 0.64449019 -0.70406368 -0.11673315 0.02546453 0.05187171 
0.00117976 -0.55920130 0.82916598 0.00166797 -0.12601159 -0.10376233 0.05206519 

----------
iteration: 1522, probabilities: [0.000005 0.000035 0.999541 0.000301 0.000118], probability: 0.9995405673980713