0.32764821 0.77046068 0.42399486 -0.34534816 -0.02650412 0.02431121 0.12842283 
0.68118805 0.49830031 0.40085648 -0.35636178 -0.06617304 -0.06238528 0.15207232 
0.50900826 -0.81410599 -0.27344286 -0.05806053 -0.04139392 0.09804428 0.11930213 

----------
0.32764821 0.77046068 0.42399486 -0.34534816 -0.02650412 -0.02650412 -0.02650412 
0.68118805 0.49830031 0.40085648 -0.35636178 -0.06617304 -0.06617304 -0.06617304 
0.50900826 -0.81410599 -0.27344286 -0.05806053 -0.04139392 -0.04139392 -0.04139392 

----------
0.61970583 0.63075894 0.31460842 0.34570208 -0.13814299 0.07074874 0.05071380 
0.69042546 0.67515795 0.20945100 -0.15458733 -0.15365568 -0.11246706 0.05225711 
0.66675635 -0.69594216 0.12572560 0.23557304 0.07836450 -0.11026682 0.05187231 

----------
iteration: 1060, probabilities: [0.000010 0.000046 0.998024 0.001472 0.000447], probability: 0.9980243444442749