0.53070929 0.43673261 -0.42143430 0.59161255 -0.02068312 0.00133072 0.19778341 
-0.13826259 0.97582633 0.14962217 -0.07911789 0.04696693 0.00969140 0.11788656 
0.34081930 0.57498946 0.51072570 -0.54072967 -0.03701903 0.00813008 0.15728974 

----------
0.53070929 0.43673261 -0.42143430 0.59161255 -0.02068312 -0.02068312 -0.02068312 
-0.13826259 0.97582633 0.14962217 -0.07911789 0.04696693 0.04696693 0.04696693 
0.34081930 0.57498946 0.51072570 -0.54072967 -0.03701903 -0.03701903 -0.03701903 

----------
0.53836709 0.60932341 -0.35859518 0.45863806 0.04534084 -0.08376331 0.05210435 
0.00105185 0.98174169 0.19042394 -0.00660642 0.04893198 0.09553309 0.05237291 
0.08962915 0.35560204 0.32274661 -0.87260415 -0.03039413 0.00825730 0.07940428 

----------
iteration: 1387, probabilities: [0.000001 0.000142 0.999824 0.000025 0.000008], probability: 0.9998241066932678