0.27186130 0.53377371 -0.29743694 0.74344356 0.04748448 -0.09266065 0.11482434 
-0.46357119 -0.28446318 -0.74500259 0.38620407 -0.03395255 0.08972157 0.16870018 
0.70688127 -0.04644650 0.70415853 0.04819091 -0.05077867 -0.00649614 0.12590642 

----------
0.27186130 0.53377371 -0.29743694 0.74344356 0.04748448 0.04748448 0.04748448 
-0.46357119 -0.28446318 -0.74500259 0.38620407 -0.03395255 -0.03395255 -0.03395255 
0.70688127 -0.04644650 0.70415853 0.04819091 -0.05077867 -0.05077867 -0.05077867 

----------
0.36742597 0.52059072 -0.47786534 0.60474212 0.07743365 0.04549095 0.05193909 
-0.23390642 -0.00009312 -0.00002234 0.97252215 -0.04379474 0.15297272 0.05201145 
0.59841974 0.33076766 0.62478370 0.37762556 -0.03331846 -0.20279192 0.05225168 

----------
iteration: 1490, probabilities: [0.000002 0.000029 0.999871 0.000067 0.000030], probability: 0.9998711347579956