0.65285615 -0.33209642 -0.67547293 -0.08501253 0.00604230 0.07099225 0.13469955 
0.34145632 0.26364650 0.03218570 0.90158870 -0.04884837 -0.03665123 0.15913530 
-0.50318426 0.64653219 -0.30350901 -0.48650181 -0.06334322 -0.04312716 0.19478382 

----------
0.65285615 -0.33209642 -0.67547293 -0.08501253 0.00604230 0.00604230 0.00604230 
0.34145632 0.26364650 0.03218570 0.90158870 -0.04884837 -0.04884837 -0.04884837 
-0.50318426 0.64653219 -0.30350901 -0.48650181 -0.06334322 -0.06334322 -0.06334322 

----------
0.53232023 -0.69255394 -0.14335625 0.46555482 0.09347172 0.12657504 0.05184503 
0.37462139 -0.00008880 0.00003588 0.92727038 -0.03872880 -0.05734949 0.05201145 
-0.63519188 0.70670221 -0.02702834 -0.31107461 -0.18072077 -0.11538769 0.05170270 

----------
iteration: 1475, probabilities: [0.000003 0.000031 0.999874 0.000066 0.000026], probability: 0.999874472618103