0.56247238 -0.66425579 -0.09497147 -0.48308331 0.02057167 0.00021365 0.15836593 
-0.66362868 0.62047871 -0.20648976 0.36327005 0.09329298 0.04077244 0.12570476 
-0.73198295 0.18445359 0.10221997 0.64786488 0.04444503 -0.02593021 0.15423615 

----------
0.56247238 -0.66425579 -0.09497147 -0.48308331 0.02057167 0.02057167 0.02057167 
-0.66362868 0.62047871 -0.20648976 0.36327005 0.09329298 0.09329298 0.09329298 
-0.73198295 0.18445359 0.10221997 0.64786488 0.04444503 0.04444503 0.04444503 

----------
0.60244365 -0.70209253 -0.05054786 -0.37631748 -0.01238561 0.04542843 0.05246568 
-0.69960457 0.55679732 -0.43596090 0.10280488 0.13947392 0.10692022 0.05187308 
-0.61516930 -0.00129125 -0.01028557 0.78842839 0.08681524 -0.04388113 0.05278006 

----------
iteration: 1873, probabilities: [0.000002 0.000048 0.999900 0.000036 0.000015], probability: 0.9999001026153564