0.01823317 -0.92163918 0.38572331 0.03829240 0.05860195 0.04015211 0.19257540 
-0.06037651 -0.67076204 -0.20419882 0.71044761 -0.00321952 0.07515027 0.10531449 
0.69803284 0.09786323 0.70197982 -0.10196696 0.09193259 0.03552968 0.19070771 

----------
0.01823317 -0.92163918 0.38572331 0.03829240 0.05860195 0.05860195 0.05860195 
-0.06037651 -0.67076204 -0.20419882 0.71044761 -0.00321952 -0.00321952 -0.00321952 
0.69803284 0.09786323 0.70197982 -0.10196696 0.09193259 0.09193259 0.09193259 

----------
0.00048468 -0.91433373 0.40499893 0.00093441 0.00674543 0.09666621 0.05195181 
0.21490765 -0.52055070 -0.47884536 0.67379421 0.02335496 -0.10455859 0.05187241 
-0.00174905 0.93517144 -0.35504861 -0.00362923 0.17774590 -0.02213580 0.05216536 

----------
iteration: 2543, probabilities: [0.000002 0.000040 0.999866 0.000067 0.000025], probability: 0.9998663663864136