0.43805314 -0.25003745 0.69126801 0.51743527 0.05124956 0.08492224 0.14027234 
-0.24214531 0.70289676 0.18182301 0.64361649 0.09642200 -0.07606370 0.19352820 
0.42440897 0.33959227 0.65084144 -0.53005616 -0.06290684 -0.04009948 0.17988538 

----------
0.43805314 -0.25003745 0.69126801 0.51743527 0.05124956 0.05124956 0.05124956 
-0.24214531 0.70289676 0.18182301 0.64361649 0.09642200 0.09642200 0.09642200 
0.42440897 0.33959227 0.65084144 -0.53005616 -0.06290684 -0.06290684 -0.06290684 

----------
0.32752994 -0.02804699 0.70628833 0.62707959 0.09130613 -0.00490949 0.05225535 
-0.23902491 0.68492582 0.17663526 0.66527732 0.10073430 0.13546985 0.05142386 
0.26824662 0.09116217 0.70129361 -0.65428205 -0.02740272 -0.04630253 0.05187237 

----------
iteration: 2791, probabilities: [0.000001 0.000074 0.999891 0.000025 0.000009], probability: 0.999890923500061