0.00720623 -0.35735861 0.28246010 -0.89020177 0.01140947 0.07388898 0.17483291 
0.05498729 -0.75959047 -0.32042432 0.56331783 0.07608252 0.02452710 0.16012992 
-0.57750313 0.79506245 -0.00973485 -0.18512446 -0.03391547 -0.01727639 0.16413704 

----------
0.00720623 -0.35735861 0.28246010 -0.89020177 0.01140947 0.01140947 0.01140947 
0.05498729 -0.75959047 -0.32042432 0.56331783 0.07608252 0.07608252 0.07608252 
-0.57750313 0.79506245 -0.00973485 -0.18512446 -0.03391547 -0.03391547 -0.03391547 

----------
0.56460977 0.00000603 0.00027137 -0.82556784 -0.08014781 0.06398462 0.05202692 
0.31083284 -0.58481220 -0.39775800 0.63522157 0.15009773 0.04962266 0.05187407 
-0.65393098 0.70136601 -0.09032703 -0.26900851 -0.04306953 -0.09456249 0.05187241 

----------
iteration: 2011, probabilities: [0.000005 0.000033 0.999138 0.000567 0.000256], probability: 0.9991381168365479