-0.43537655 0.47952427 -0.16349214 -0.74415997 0.07881872 -0.04705224 0.15009839 
-0.22705674 0.08312979 0.95220990 0.18663060 -0.04030767 0.02240263 0.13917271 
0.17987212 -0.33024659 -0.92626965 0.02465272 0.02234755 -0.08445174 0.13862009 

----------
-0.43537655 0.47952427 -0.16349214 -0.74415997 0.07881872 0.07881872 0.07881872 
-0.22705674 0.08312979 0.95220990 0.18663060 -0.04030767 -0.04030767 -0.04030767 
0.17987212 -0.33024659 -0.92626965 0.02465272 0.02234755 0.02234755 0.02234755 

----------
-0.76672776 0.00006145 -0.00007344 -0.64238411 0.14568635 0.04007273 0.05201145 
0.00078065 0.11455554 0.99357792 -0.00013287 -0.09570683 -0.04468995 0.05194794 
-0.00081009 -0.36582243 -0.93082056 0.00032475 -0.00418868 0.02672278 0.05194855 

----------
iteration: 2588, probabilities: [0.000009 0.000047 0.996772 0.002382 0.000790], probability: 0.9967723488807678