-0.25681104 -0.67204154 -0.47341831 0.50821587 0.06122893 0.07207190 0.13611059 
0.46498799 0.13581597 -0.76926380 0.41662141 -0.00804717 -0.05045609 0.12893668 
0.60075947 0.38735596 0.63860229 -0.28500972 -0.02733546 0.09117252 0.12240032 

----------
-0.25681104 -0.67204154 -0.47341831 0.50821587 0.06122893 0.06122893 0.06122893 
0.46498799 0.13581597 -0.76926380 0.41662141 -0.00804717 -0.00804717 -0.00804717 
0.60075947 0.38735596 0.63860229 -0.28500972 -0.02733546 -0.02733546 -0.02733546 

----------
-0.07635144 -0.28232069 -0.64828812 0.70337028 0.15111140 0.06175239 0.05189548 
0.17129569 -0.48877012 -0.51115884 0.68611622 -0.00883161 0.01844703 0.05187241 
0.69559741 0.66714486 0.23378552 -0.12945089 -0.16468994 -0.01002392 0.05225626 

----------
iteration: 2855, probabilities: [0.000008 0.000038 0.998151 0.001275 0.000527], probability: 0.9981513619422913