0.36705623 0.81258449 0.24186586 -0.38272324 -0.04618689 0.06559424 0.18742331 
0.05319257 0.12400013 -0.96956002 0.20432300 0.03791995 -0.02894216 0.17430493 
0.69947213 0.14806996 -0.59859409 -0.36124665 0.00833211 0.02673543 0.18034511 

----------
0.36705623 0.81258449 0.24186586 -0.38272324 -0.04618689 -0.04618689 -0.04618689 
0.05319257 0.12400013 -0.96956002 0.20432300 0.03791995 0.03791995 0.03791995 
0.69947213 0.14806996 -0.59859409 -0.36124665 0.00833211 0.00833211 0.00833211 

----------
0.70804480 0.67900234 -0.19380767 -0.01528895 -0.13282195 -0.02547644 0.05168432 
-0.00784014 0.13773175 -0.99057674 0.00273204 0.09542093 -0.01419928 0.05266301 
0.42593403 -0.00861033 -0.70718213 -0.56438267 -0.04851371 0.06878738 0.05183414 

----------
iteration: 3022, probabilities: [0.000002 0.000029 0.999887 0.000057 0.000025], probability: 0.9998867511749268