0.48041734 0.84182419 0.75199381 0.24015585 0.04144367 0.06173168 0.19996400 
-0.27478677 0.98220147 -0.46099930 0.44858620 -0.03751442 -0.03480662 0.17106835 
0.73508929 0.42975970 0.11204289 -0.12458639 0.01883242 -0.02965437 0.12756466 

----------
0.48041734 0.84182419 0.75199381 0.24015585 0.04144367 0.04144367 0.04144367 
-0.27478677 0.98220147 -0.46099930 0.44858620 -0.03751442 -0.03751442 -0.03751442 
0.73508929 0.42975970 0.11204289 -0.12458639 0.01883242 0.01883242 0.01883242 

----------
0.68803111 0.51429413 0.48493357 0.16473110 -0.00364143 0.12657284 0.05225569 
-0.62955837 0.38550057 -0.59226314 0.32329544 -0.10417242 -0.11116927 0.05192298 
0.69277155 0.67160897 0.22033574 -0.14335099 0.07457710 -0.06575162 0.05225630 

----------
iteration: 50, probabilities: [0.000017 0.000023 0.999892 0.000032 0.000036], probability: 0.9998915195465088