0.31619133 0.33125974 0.28167731 0.04329961 0.02303949 0.01515004 0.15748197 
-0.86731028 0.58327398 0.22669858 0.46466518 0.00127940 -0.03292060 0.14763907 
0.95807270 0.23936657 0.10389921 0.17915970 -0.00217836 0.00137170 0.12183902 

----------
0.31619133 0.33125974 0.28167731 0.04329961 0.02303949 0.02303949 0.02303949 
-0.86731028 0.58327398 0.22669858 0.46466518 0.00127940 0.00127940 0.00127940 
0.95807270 0.23936657 0.10389921 0.17915970 -0.00217836 -0.00217836 -0.00217836 

----------
0.68052929 0.49356060 0.50597518 0.19330950 0.03969795 0.10785407 0.05225626 
-0.69898388 0.66661520 -0.23639445 -0.10693170 0.12457533 -0.05314868 0.05169733 
1.00008514 0.00000011 0.00009589 -0.00191625 -0.09497314 0.02276682 0.05201145 

----------
iteration: 491, probabilities: [0.000019 0.000030 0.999279 0.000424 0.000249], probability: 0.9992786049842834