0.52845380 0.81315235 0.34735437 0.76086989 -0.00673157 -0.03259077 0.16225178 
-0.44036074 0.35652584 -0.61751926 0.49899521 0.00923809 0.00224845 0.13139407 
0.61374931 0.53783532 0.46001494 0.07785533 -0.00477897 -0.00565204 0.15901107 

----------
0.52845380 0.81315235 0.34735437 0.76086989 -0.00673157 -0.00673157 -0.00673157 
-0.44036074 0.35652584 -0.61751926 0.49899521 0.00923809 0.00923809 0.00923809 
0.61374931 0.53783532 0.46001494 0.07785533 -0.00477897 -0.00477897 -0.00477897 

----------
0.71483120 -0.00108306 0.00003819 0.69970900 -0.08772106 0.01556048 0.05208279 
-0.53412951 0.23443107 -0.66716351 0.46333915 -0.01200071 -0.09023726 0.05187202 
0.69193648 0.52635975 0.47172485 0.14723686 0.02666446 0.07006525 0.05225626 

----------
iteration: 10223, probabilities: [0.000014 0.000022 0.999887 0.000035 0.000042], probability: 0.9998871088027954