0.26851502 0.99905018 0.97951556 0.87897817 -0.01474020 -0.02131392 0.15623411 
0.21497718 0.46399732 -0.20984760 0.39726074 0.01664530 -0.05579822 0.14202876 
0.99986783 0.93585329 0.54068228 -0.60432897 -0.07175014 0.01964376 0.19443514 

----------
0.26851502 0.99905018 0.97951556 0.87897817 -0.01474020 -0.01474020 -0.01474020 
0.21497718 0.46399732 -0.20984760 0.39726074 0.01664530 0.01664530 0.01664530 
0.99986783 0.93585329 0.54068228 -0.60432897 -0.07175014 -0.07175014 -0.07175014 

----------
0.33749592 0.33545587 0.62333153 0.62062496 -0.02085625 -0.07284384 0.05049031 
0.70557366 0.58525395 0.39647363 0.05251275 0.11092092 0.15070584 0.05225613 
0.66637734 0.69560120 0.12554113 -0.23756509 -0.16789469 -0.07249685 0.05225479 

----------
iteration: 10362, probabilities: [0.000009 0.000014 0.999649 0.000166 0.000161], probability: 0.9996494054794312