0.51109912 0.54530487 0.55096058 -0.05890583 -0.04833183 -0.05408899 0.11636378 
-0.77047347 0.66392778 0.52517286 0.72368327 0.00456313 0.01111736 0.17640235 
0.52587493 0.33844081 0.54014886 0.56883015 -0.00759907 0.00235099 0.14167864 

----------
0.51109912 0.54530487 0.55096058 -0.05890583 -0.04833183 -0.04833183 -0.04833183 
-0.77047347 0.66392778 0.52517286 0.72368327 0.00456313 0.00456313 0.00456313 
0.52587493 0.33844081 0.54014886 0.56883015 -0.00759907 -0.00759907 -0.00759907 

----------
0.69901613 0.55278069 0.44099613 0.10727725 -0.13786487 -0.03041247 0.05226321 
-0.52373812 0.55777108 0.43382864 0.47583598 0.01570268 0.08262102 0.05182280 
0.55970979 0.26982737 0.65328476 0.43265244 0.04193658 -0.07585263 0.05225625 

----------
iteration: 1081, probabilities: [0.000010 0.000015 0.999634 0.000172 0.000170], probability: 0.9996335506439209