0.36501034 0.19112117 0.50244731 0.72732873 -0.01487678 -0.02783222 0.13125911 
-0.31500814 0.33097167 -0.36870413 0.41465713 -0.06594270 0.07043182 0.15954675 
0.88077856 0.51159517 0.00815107 -0.01378330 -0.01116561 0.00396371 0.16875942 

----------
0.36501034 0.19112117 0.50244731 0.72732873 -0.01487678 -0.01487678 -0.01487678 
-0.31500814 0.33097167 -0.36870413 0.41465713 -0.06594270 -0.06594270 -0.06594270 
0.88077856 0.51159517 0.00815107 -0.01378330 -0.01116561 -0.01116561 -0.01116561 

----------
0.44098246 0.10699434 0.69868494 0.55319015 -0.09328706 0.05490505 0.05225632 
-0.57388278 0.29312334 -0.64328363 0.41350705 -0.04957123 -0.15167970 0.05189671 
0.68491160 0.68162201 0.18711215 -0.17717190 0.07544370 -0.02448398 0.05225584 

----------
iteration: 2246, probabilities: [0.000013 0.000015 0.999754 0.000112 0.000106], probability: 0.9997544884681702