0.64643563 0.33756630 0.80205474 0.85502650 -0.00315988 -0.02328594 0.14623535 
-0.37526044 0.64376326 -0.27534533 -0.14889643 0.02701733 0.03819016 0.14920879 
0.99999535 0.65514707 0.83991312 0.26321199 0.00010349 0.00231100 0.15015292 

----------
0.64643563 0.33756630 0.80205474 0.85502650 -0.00315988 -0.00315988 -0.00315988 
-0.37526044 0.64376326 -0.27534533 -0.14889643 0.02701733 0.02701733 0.02701733 
0.99999535 0.65514707 0.83991312 0.26321199 0.00010349 0.00010349 0.00010349 

----------
0.53398179 0.23191959 0.66768216 0.46403097 -0.06239481 0.05355400 0.05225657 
-0.62604597 0.72640934 -0.21058938 -0.18997788 0.06221404 0.03790447 0.05856388 
0.68048085 0.49335248 0.50616373 0.19344767 0.01177870 -0.08126401 0.05225313 

----------
iteration: 3000, probabilities: [0.000014 0.000021 0.999864 0.000046 0.000056], probability: 0.9998636245727539