0.51064719 0.53264469 0.55696051 0.59983612 0.02582881 -0.03390880 0.15900841 
-0.07342631 0.99884118 -0.07422936 -0.09808559 0.00395312 -0.01471312 0.17492066 
0.73004085 0.32135697 0.73109118 0.03105457 -0.06343135 -0.02454359 0.13806284 

----------
0.51064719 0.53264469 0.55696051 0.59983612 0.02582881 0.02582881 0.02582881 
-0.07342631 0.99884118 -0.07422936 -0.09808559 0.00395312 0.00395312 0.00395312 
0.73004085 0.32135697 0.73109118 0.03105457 -0.06343135 -0.06343135 -0.06343135 

----------
0.59203848 0.32042543 0.63001612 0.38724454 0.10171774 0.06818514 0.05225625 
-0.00024114 0.99726653 -0.07454460 -0.00134792 -0.06801312 0.03647215 0.05197283 
0.67438920 0.47800158 0.52077977 0.21393721 -0.10395200 -0.13633351 0.05225487 

----------
iteration: 3043, probabilities: [0.000018 0.000026 0.999906 0.000026 0.000024], probability: 0.9999061822891235