0.29459384 0.28735301 0.98666692 -0.82012256 0.01908877 0.06373160 0.14173316 
-0.70801378 0.53823076 -0.61615961 0.39778024 -0.03489860 0.05358956 0.12715847 
0.66190183 0.46490534 0.15793869 0.19666898 -0.00693980 0.03576789 0.18049026 

----------
0.29459384 0.28735301 0.98666692 -0.82012256 0.01908877 0.01908877 0.01908877 
-0.70801378 0.53823076 -0.61615961 0.39778024 -0.03489860 -0.03489860 -0.03489860 
0.66190183 0.46490534 0.15793869 0.19666898 -0.00693980 -0.00693980 -0.00693980 

----------
0.25068331 0.09329337 0.70098145 -0.66117395 0.09877138 0.02170568 0.05169403 
-0.64492748 0.41712309 -0.57102415 0.28987269 -0.03796751 -0.09507604 0.05186561 
0.69459041 0.64432082 0.29098490 0.13330291 -0.04653233 0.04114728 0.05175779 

----------
iteration: 3108, probabilities: [0.000014 0.000018 0.999766 0.000102 0.000100], probability: 0.9997661709785461