0.87077847 0.90923721 0.81180511 0.30931540 0.01141562 -0.01865380 0.16029706 
-0.47918261 0.42056476 -0.76688589 0.38105864 -0.01857467 0.04275250 0.16546781 
0.66110244 0.53878168 0.66595242 -0.01849591 -0.04125210 -0.04805151 0.15758668 

----------
0.87077847 0.90923721 0.81180511 0.30931540 0.01141562 0.01141562 0.01141562 
-0.47918261 0.42056476 -0.76688589 0.38105864 -0.01857467 -0.01857467 -0.01857467 
0.66110244 0.53878168 0.66595242 -0.01849591 -0.04125210 -0.04125210 -0.04125210 

----------
0.68057916 0.49372652 0.50581335 0.19305932 0.04668882 0.02068393 0.05225761 
-0.58209458 0.30711526 -0.63699025 0.40144051 -0.09707258 0.04262284 0.05186872 
0.69011003 0.53778019 0.45895905 0.15531439 -0.05908957 -0.11486105 0.05219806 

----------
iteration: 4123, probabilities: [0.000010 0.000014 0.999828 0.000068 0.000079], probability: 0.9998283386230469