0.28085194 0.94203442 0.64071812 0.44682204 0.03899291 0.01901852 0.14356915 
-0.81073937 0.87046524 -0.44851744 0.75616417 -0.07692337 0.06269755 0.16024230 
0.96326295 -0.12965233 0.67153499 0.57969758 -0.00160436 -0.00471564 0.14645128 

----------
0.28085194 0.94203442 0.64071812 0.44682204 0.03899291 0.03899291 0.03899291 
-0.81073937 0.87046524 -0.44851744 0.75616417 -0.07692337 -0.07692337 -0.07692337 
0.96326295 -0.12965233 0.67153499 0.57969758 -0.00160436 -0.00160436 -0.00160436 

----------
0.35889705 0.00775537 0.70690800 0.60978019 0.06755831 0.10018979 0.05225251 
-0.66728879 0.46377502 -0.53384101 0.23391714 -0.08144197 -0.14504428 0.05187241 
0.48135400 0.12855026 0.66257159 0.55948458 0.01709264 -0.00749750 0.05619011 

----------
iteration: 5331, probabilities: [0.000013 0.000018 0.999863 0.000050 0.000057], probability: 0.999862790107727