0.39647477 0.60254387 0.03196610 0.81408536 0.01477738 0.02169063 0.14413820 
0.13320867 0.37816562 -0.10790092 0.50393060 -0.06000998 0.01123893 0.18143031 
0.99757346 0.51769635 0.51486272 -0.23888170 -0.05900992 0.03557283 0.16037921 

----------
0.39647477 0.60254387 0.03196610 0.81408536 0.01477738 0.01477738 0.01477738 
0.13320867 0.37816562 -0.10790092 0.50393060 -0.06000998 -0.06000998 -0.06000998 
0.99757346 0.51769635 0.51486272 -0.23888170 -0.05900992 -0.05900992 -0.05900992 

----------
0.65923385 0.44350710 0.55044150 0.25684657 0.09904698 0.13774978 0.05225625 
-0.15380174 0.51465380 -0.48207324 0.69222308 -0.06076918 -0.07464837 0.05237890 
0.70206201 0.65189680 0.27341446 -0.08744594 -0.13223326 -0.17961644 0.05225032 

----------
iteration: 5542, probabilities: [0.000019 0.000018 0.999898 0.000033 0.000031], probability: 0.9998981952667236