0.66608813 0.99645920 0.71385408 0.31958108 0.00615435 0.05076052 0.18033757 
-0.28672620 0.87079604 -0.65434280 0.16078542 0.02998340 0.03470350 0.17873506 
0.61026728 0.53772834 0.56868584 -0.35642570 0.09548852 -0.04410938 0.14580743 

----------
0.66608813 0.99645920 0.71385408 0.31958108 0.00615435 0.00615435 0.00615435 
-0.28672620 0.87079604 -0.65434280 0.16078542 0.02998340 0.02998340 0.02998340 
0.61026728 0.53772834 0.56868584 -0.35642570 0.09548852 0.09548852 0.09548852 

----------
0.68941926 0.51846443 0.48042937 0.15872642 -0.07175716 0.05212258 0.05225625 
-0.01292380 0.74884309 -0.66268213 -0.01430686 0.13056316 0.00437495 0.05348002 
0.69145458 0.52453861 0.47392921 0.15005783 0.03898616 0.13781797 0.05225627 

----------
iteration: 6090, probabilities: [0.000018 0.000031 0.999793 0.000081 0.000077], probability: 0.9997933506965637