0.42344034 0.27541985 0.20376022 0.18667076 -0.02607851 -0.00752358 0.13829070 
-0.89810792 0.33597457 -0.23229518 -0.14435091 0.03340656 0.01494607 0.15433820 
0.99426589 0.80572996 0.35450624 -0.41182901 -0.06555181 -0.04173590 0.14956550 

----------
0.42344034 0.27541985 0.20376022 0.18667076 -0.02607851 -0.02607851 -0.02607851 
-0.89810792 0.33597457 -0.23229518 -0.14435091 0.03340656 0.03340656 0.03340656 
0.99426589 0.80572996 0.35450624 -0.41182901 -0.06555181 -0.06555181 -0.06555181 

----------
0.68325442 0.50085921 0.49872810 0.18338234 0.00037461 -0.02138182 0.05225627 
-0.70636046 0.63751475 -0.30289546 -0.05507414 0.07156277 0.14830338 0.05202739 
0.67924004 0.68698124 0.16639316 -0.19783434 -0.12488433 -0.14311567 0.05225626 

----------
iteration: 6410, probabilities: [0.000016 0.000024 0.999904 0.000028 0.000028], probability: 0.9999035596847534