0.60156234 0.93746724 0.65219574 0.38696519 0.00751449 0.00324424 0.17484293 
-0.97233717 0.13364166 -0.27509777 0.60160622 -0.04964105 0.05532993 0.14648715 
0.28039013 0.96197779 0.69916848 0.21802404 -0.03671865 -0.00535259 0.16105408 

----------
0.60156234 0.93746724 0.65219574 0.38696519 0.00751449 0.00751449 0.00751449 
-0.97233717 0.13364166 -0.27509777 0.60160622 -0.04964105 -0.04964105 -0.04964105 
0.28039013 0.96197779 0.69916848 0.21802404 -0.03671865 -0.03671865 -0.03671865 

----------
0.61201801 0.35383337 0.61191082 0.35488346 0.03078362 0.05452094 0.05225625 
-0.82724350 -0.00005366 -0.00007947 0.56199252 -0.04770421 -0.10765382 0.05201145 
0.00041010 0.91546523 0.40255933 -0.00131595 -0.09338929 -0.00229768 0.05197219 

----------
iteration: 6543, probabilities: [0.000012 0.000014 0.999759 0.000105 0.000109], probability: 0.9997594952583313