0.13337058 0.19651357 0.85232835 0.08079843 0.01500067 0.01691662 0.15521576 
-0.76155026 0.76028438 -0.05034462 0.25990909 -0.06798487 -0.02164110 0.14810326 
0.96624510 0.44729506 0.58104616 0.36324045 -0.02907007 -0.01315137 0.13790394 

----------
0.13337058 0.19651357 0.85232835 0.08079843 0.01500067 0.01500067 0.01500067 
-0.76155026 0.76028438 -0.05034462 0.25990909 -0.06798487 -0.06798487 -0.06798487 
0.96624510 0.44729506 0.58104616 0.36324045 -0.02907007 -0.02907007 -0.02907007 

----------
-0.03415659 0.22226119 0.97443741 0.00702327 0.09450344 0.05526145 0.05461383 
-0.70563204 0.63565102 -0.30992091 -0.04573560 -0.04773678 -0.14216951 0.05187252 
0.65700146 0.43884684 0.55407884 0.26232628 -0.04982757 -0.01038159 0.05225625 

----------
iteration: 7267, probabilities: [0.000014 0.000017 0.999835 0.000067 0.000068], probability: 0.9998345375061035