0.30763668 0.73285413 0.07328854 0.42643934 -0.01696429 0.00466181 0.12388473 
-0.67109298 0.61420757 0.37291536 0.56905701 -0.03970768 0.02887675 0.14805774 
0.87116869 0.54846761 0.82065774 -0.26364910 -0.02480245 0.03436432 0.19352278 

----------
0.30763668 0.73285413 0.07328854 0.42643934 -0.01696429 -0.01696429 -0.01696429 
-0.67109298 0.61420757 0.37291536 0.56905701 -0.03970768 -0.03970768 -0.03970768 
0.87116869 0.54846761 0.82065774 -0.26364910 -0.02480245 -0.02480245 -0.02480245 

----------
0.57508685 0.29333965 0.64318224 0.41216882 0.03343390 0.11621694 0.05225626 
-0.69649364 0.67143254 -0.22203693 -0.12257773 -0.01650620 -0.00098695 0.05170375 
0.70753332 0.61274028 0.35253109 0.00073317 -0.06541096 -0.13297364 0.05225623 

----------
iteration: 8963, probabilities: [0.000013 0.000017 0.999570 0.000220 0.000179], probability: 0.9995701909065247