0.08215344 0.57212584 0.51579453 0.33247265 0.02449613 0.01663427 0.18894005 
-0.44586992 0.88678728 0.37402087 -0.15680252 -0.01909398 -0.00855057 0.15979920 
0.94778707 0.49900973 0.03336689 -0.42793148 -0.03818982 -0.04013699 0.16245950 

----------
0.08215344 0.57212584 0.51579453 0.33247265 0.02449613 0.02449613 0.02449613 
-0.44586992 0.88678728 0.37402087 -0.15680252 -0.01909398 -0.01909398 -0.01909398 
0.94778707 0.49900973 0.03336689 -0.42793148 -0.03818982 -0.03818982 -0.03818982 

----------
0.56373682 0.27584714 0.65081918 0.42750371 -0.04998439 0.12269945 0.05225718 
-0.55734071 0.69968843 0.10284942 -0.43520158 0.10585690 -0.06501885 0.05186204 
0.65087843 0.70188625 0.08349784 -0.27721829 -0.10937284 -0.09042645 0.05225626 

----------
iteration: 9311, probabilities: [0.000014 0.000018 0.999550 0.000231 0.000186], probability: 0.9995500445365906