0.66187248 0.17391796 0.18412964 0.67873178 -0.02666026 0.00793855 0.18633242 
-0.99925131 0.92063727 -0.29927548 -0.18421214 0.05300680 0.01235325 0.17098643 
0.64069125 0.34004161 0.41656412 0.63094888 0.03546335 0.04141041 0.16077519 

----------
0.66187248 0.17391796 0.18412964 0.67873178 -0.02666026 -0.02666026 -0.02666026 
-0.99925131 0.92063727 -0.29927548 -0.18421214 0.05300680 0.05300680 0.05300680 
0.64069125 0.34004161 0.41656412 0.63094888 0.03546335 0.03546335 0.03546335 

----------
0.70940763 -0.00134951 0.00038866 0.70494495 -0.05198120 -0.07489901 0.05209911 
-0.69418956 0.66964750 -0.22720008 -0.13441174 0.10784344 0.04735237 0.05187241 
0.60755000 0.34619466 0.61624990 0.36245635 0.00082380 0.11655089 0.05225627 

----------
iteration: 9563, probabilities: [0.000016 0.000028 0.999807 0.000074 0.000076], probability: 0.9998067021369934