0.75502510 0.32780081 -0.52216249 0.27273555 0.00009423 -0.02722472 0.17126868 
-0.18068482 0.85265486 -0.09453079 0.48323375 -0.00861463 0.01340256 0.13662803 
0.34540654 -0.00462460 0.80920450 0.48009297 0.00030674 -0.08040667 0.16533249 

----------
0.75502510 0.32780081 -0.52216249 0.27273555 0.00009423 0.00009423 0.00009423 
-0.18068482 0.85265486 -0.09453079 0.48323375 -0.00861463 -0.00861463 -0.00861463 
0.34540654 -0.00462460 0.80920450 0.48009297 0.00030674 0.00030674 0.00030674 

----------
0.59081761 0.70555743 -0.04341034 -0.38923463 0.14660518 -0.06113026 0.05225729 
-0.35925072 0.61851655 -0.34036009 0.61048441 -0.08536352 0.01777658 0.05205398 
0.26332405 0.20951557 0.67492218 0.65676582 -0.01025027 -0.11304550 0.05100867 

----------
iteration: 175, probabilities: [0.000004 0.000040 0.999428 0.000403 0.000125], probability: 0.999427855014801