0.75503028 0.32778521 -0.52084823 0.27291247 0.00009422 -0.02721303 0.17125773 
-0.18067391 0.85296944 -0.09452344 0.48320570 -0.00861076 0.01339251 0.13661905 
0.34538198 -0.00462640 0.80913792 0.48005201 0.00030777 -0.08041170 0.16532311 

----------
0.75503028 0.32778521 -0.52084823 0.27291247 0.00009422 0.00009422 0.00009422 
-0.18067391 0.85296944 -0.09452344 0.48320570 -0.00861076 -0.00861076 -0.00861076 
0.34538198 -0.00462640 0.80913792 0.48005201 0.00030777 0.00030777 0.00030777 

----------
0.67123890 0.41392316 -0.57325478 0.22254046 -0.02375076 0.05589562 0.05198281 
-0.68112032 0.49743358 -0.50275559 0.19024575 0.08437037 -0.09901481 0.05187223 
0.43292500 0.09685416 0.70018174 0.55954217 -0.07313379 -0.07429831 0.05225627 

----------
iteration: 737, probabilities: [0.000004 0.000037 0.999429 0.000393 0.000137], probability: 0.999428927898407