0.75503666 0.32778927 -0.52086652 0.27291414 0.00009422 -0.02721353 0.17125534 
-0.18067504 0.85298543 -0.09452438 0.48318396 -0.00861064 0.01339283 0.13661752 
0.34538241 -0.00462636 0.80915679 0.48004703 0.00030776 -0.08041163 0.16531910 

----------
0.75503666 0.32778927 -0.52086652 0.27291414 0.00009422 0.00009422 0.00009422 
-0.18067504 0.85298543 -0.09452438 0.48318396 -0.00861064 -0.00861064 -0.00861064 
0.34538241 -0.00462636 0.80915679 0.48004703 0.00030776 0.00030776 0.00030776 

----------
0.66572592 0.65019289 -0.27188598 -0.24558399 0.02981937 0.00602371 0.05069028 
-0.60458544 0.34368780 -0.61826370 0.36667603 0.06306135 -0.12892777 0.05186991 
0.43590443 0.10059556 0.69964347 0.55721059 -0.08112207 -0.06556414 0.05225626 

----------
iteration: 351, probabilities: [0.000003 0.000035 0.999765 0.000150 0.000046], probability: 0.9997653365135193