0.75503028 0.32778521 -0.52084823 0.27291247 0.00009422 -0.02721303 0.17125773 
-0.18067391 0.85296944 -0.09452344 0.48320570 -0.00861076 0.01339251 0.13661905 
0.34538198 -0.00462640 0.80913792 0.48005202 0.00030777 -0.08041170 0.16532311 

----------
0.75503028 0.32778521 -0.52084823 0.27291247 0.00009422 0.00009422 0.00009422 
-0.18067391 0.85296944 -0.09452344 0.48320570 -0.00861076 -0.00861076 -0.00861076 
0.34538198 -0.00462640 0.80913792 0.48005202 0.00030777 0.00030777 0.00030777 

----------
0.67110445 0.41399139 -0.57320713 0.22294027 -0.02378393 0.05591248 0.05198036 
-0.68116342 0.49751618 -0.50267169 0.19009983 0.08411431 -0.09905882 0.05187338 
0.43228626 0.09605526 0.70029215 0.56003568 -0.07322906 -0.07426048 0.05225626 

----------
iteration: 1009, probabilities: [0.000004 0.000036 0.999449 0.000378 0.000132], probability: 0.9994490742683411