0.62607800 0.36206118 0.08769547 -0.59528036 0.00493842 -0.05071642 0.17543435 
0.62405635 -0.10115993 0.35747751 0.52019992 0.02623829 0.00257625 0.15943679 
-0.35108344 0.72722388 -0.10228866 0.42942306 0.07603079 -0.09552844 0.11118204 

----------
0.62607800 0.36206118 0.08769547 -0.59528036 0.00493842 0.00493842 0.00493842 
0.62405635 -0.10115993 0.35747751 0.52019992 0.02623829 0.02623829 0.02623829 
-0.35108344 0.72722388 -0.10228866 0.42942306 0.07603079 0.07603079 0.07603079 

----------
0.76083336 0.00006379 0.00007170 -0.64907900 0.05966679 0.00272107 0.05201147 
0.70399726 -0.00006796 0.00006744 0.71039299 -0.06372738 0.00371006 0.05201145 
-0.70377123 0.64680121 -0.28517001 -0.07334385 0.15225277 0.08532655 0.05190876 

----------
iteration: 132, probabilities: [0.000006 0.000041 0.998639 0.000947 0.000366], probability: 0.998638927936554