0.62728797 0.36864345 0.11655112 -0.63534953 0.00820114 -0.05445763 0.17589451 
0.64660045 -0.12676539 0.38150392 0.57141318 0.03012983 0.00506843 0.16018508 
-0.38484136 0.76640060 -0.12611729 0.42137173 0.07850898 -0.09727124 0.11154355 

----------
0.62728797 0.36864345 0.11655112 -0.63534953 0.00820114 0.00820114 0.00820114 
0.64660045 -0.12676539 0.38150392 0.57141318 0.03012983 0.03012983 0.03012983 
-0.38484136 0.76640060 -0.12611729 0.42137173 0.07850898 0.07850898 0.07850898 

----------
0.70064204 0.00006836 0.00006703 -0.71360962 0.06845429 0.00374826 0.05201145 
0.63455822 -0.00007521 0.00005907 0.77306332 -0.05576065 0.00451169 0.05201141 
0.23171386 -0.05329734 0.70520782 0.66822420 -0.04715774 0.15120672 0.05187223 

----------
iteration: 59, probabilities: [0.000002 0.000028 0.999859 0.000074 0.000038], probability: 0.9998588562011719