0.61367995 0.29461546 -0.20797609 -0.18470854 -0.02849335 -0.01238185 0.17071931 
0.39305658 0.16120832 0.11128903 -0.00456063 -0.01363668 -0.02296008 0.15176932 
-0.00518039 0.32579666 0.14187318 0.51192163 0.05063780 -0.07767079 0.10747778 

----------
0.61367995 0.29461546 -0.20797609 -0.18470854 -0.02849335 -0.02849335 -0.02849335 
0.39305658 0.16120832 0.11128903 -0.00456063 -0.01363668 -0.01363668 -0.01363668 
-0.00518039 0.32579666 0.14187318 0.51192163 0.05063780 0.05063780 0.05063780 

----------
0.54105459 0.69553213 -0.12600936 -0.45583277 0.01340442 -0.14104622 0.05225434 
0.70695780 0.59942136 0.37458043 0.02650766 -0.05776433 -0.00978628 0.05225631 
0.50686193 0.19422965 0.67971093 0.49359182 0.05340329 0.15452529 0.05226155 

----------
iteration: 880, probabilities: [0.000002 0.000030 0.999884 0.000057 0.000027], probability: 0.9998843669891357