0.59909401 0.21526757 -0.55582498 0.29831713 -0.06782484 0.03271765 0.16517221 
0.12129215 0.46987685 -0.17834447 -0.62192597 -0.06054840 -0.05300282 0.14274878 
0.40176437 -0.14647065 0.42912239 0.60897878 0.02076368 -0.05666179 0.10311983 

----------
0.59909401 0.21526757 -0.55582498 0.29831713 -0.06782484 -0.06782484 -0.06782484 
0.12129215 0.46987685 -0.17834447 -0.62192597 -0.06054840 -0.06054840 -0.06054840 
0.40176437 -0.14647065 0.42912239 0.60897878 0.02076368 0.02076368 0.02076368 

----------
0.58170904 0.30772235 -0.63626184 0.40264204 -0.12498396 -0.02525985 0.05174192 
0.18552593 0.50030865 -0.49931064 -0.68269815 -0.02494697 -0.07367669 0.05225626 
0.36743505 0.01768959 0.70663270 0.60457387 0.07403573 0.04310765 0.05225721 

----------
iteration: 1760, probabilities: [0.000002 0.000034 0.999901 0.000047 0.000016], probability: 0.9999010562896729