0.60751408 0.26107294 -0.35502130 0.01947958 -0.04511984 0.00668294 0.16837440 
0.27817435 0.29169093 -0.01114695 -0.26553780 -0.03346754 -0.03565996 0.14795609 
0.16684626 0.12615639 0.26330125 0.55295034 0.03800919 -0.06878971 0.10563556 

----------
0.60751408 0.26107294 -0.35502130 0.01947958 -0.04511984 -0.04511984 -0.04511984 
0.27817435 0.29169093 -0.01114695 -0.26553780 -0.03346754 -0.03346754 -0.03346754 
0.16684626 0.12615639 0.26330125 0.55295034 0.03800919 0.03800919 0.03800919 

----------
0.70646976 0.48967467 -0.51099412 -0.01005644 -0.10297036 -0.02380510 0.05251554 
0.55593371 0.69930192 -0.10264487 -0.43754668 -0.02040387 -0.08981718 0.05225406 
0.42294564 0.08443352 0.70179319 0.56712915 0.05201854 0.11254533 0.05225625 

----------
iteration: 1252, probabilities: [0.000003 0.000030 0.999830 0.000098 0.000039], probability: 0.9998303651809692