0.59988961 0.21959563 -0.53685140 0.27197027 -0.06567949 0.03025768 0.16547478 
0.13611567 0.45304039 -0.16254628 -0.58825150 -0.05798958 -0.05136412 0.14324081 
0.37956739 -0.12071062 0.41345425 0.60368475 0.02239318 -0.05780773 0.10335754 

----------
0.59988961 0.21959563 -0.53685140 0.27197027 -0.06567949 -0.06567949 -0.06567949 
0.13611567 0.45304039 -0.16254628 -0.58825150 -0.05798958 -0.05798958 -0.05798958 
0.37956739 -0.12071062 0.41345425 0.60368475 0.02239318 0.02239318 0.02239318 

----------
0.61195910 0.25913962 -0.65762946 0.35482403 -0.03952917 -0.04175340 0.05172060 
0.15055991 0.47427378 -0.52413086 -0.69127111 -0.12592889 -0.11339859 0.05225625 
0.35833709 0.00713218 0.70680024 0.60998916 0.09308239 0.08994793 0.05225619 

----------
iteration: 1712, probabilities: [0.000002 0.000039 0.999909 0.000038 0.000012], probability: 0.9999092817306519