0.25963279 0.22284246 0.30717680 -0.88801715 -0.02465051 -0.06318180 0.15607614 
0.46679087 0.09357835 -0.74840688 0.46177540 -0.03516895 -0.04169222 0.19807629 
0.38947791 -0.87628025 -0.24165837 0.14846248 -0.04861204 0.02034016 0.15621976 

----------
0.25963279 0.22284246 0.30717680 -0.88801715 -0.02465051 -0.02465051 -0.02465051 
0.46679087 0.09357835 -0.74840688 0.46177540 -0.03516895 -0.03516895 -0.03516895 
0.38947791 -0.87628025 -0.24165837 0.14846248 -0.04861204 -0.04861204 -0.04861204 

----------
0.61308373 0.00007463 0.00006022 -0.79013195 0.02774912 0.08257799 0.05201144 
0.43928217 0.03373499 -0.70127013 0.56055077 -0.01092348 -0.10907914 0.05246997 
0.44718501 -0.65988989 -0.25435329 0.54779779 -0.09023040 -0.02087110 0.05187141 

----------
iteration: 983, probabilities: [0.000004 0.000033 0.999664 0.000217 0.000082], probability: 0.9996641874313354