0.82272445 0.43836603 -0.19399628 -0.30549164 -0.06623570 0.07388253 0.14258782 
0.39184411 -0.59572713 0.10534326 -0.69315956 -0.01957782 -0.01267205 0.15158992 
0.83180682 -0.10868304 -0.54385502 0.02251950 -0.00993664 -0.00549965 0.11627375 

----------
0.82272445 0.43836603 -0.19399628 -0.30549164 -0.06623570 -0.06623570 -0.06623570 
0.39184411 -0.59572713 0.10534326 -0.69315956 -0.01957782 -0.01957782 -0.01957782 
0.83180682 -0.10868304 -0.54385502 0.02251950 -0.00993664 -0.00993664 -0.00993664 

----------
0.56442617 0.70122789 -0.08887292 -0.42651767 -0.11046325 -0.12760188 0.05225625 
0.65892181 -0.44522364 0.54948709 -0.25670132 0.07883574 -0.13354348 0.05187215 
0.70535472 -0.05343722 -0.70433877 -0.05988695 -0.05334387 0.04354759 0.05166840 

----------
iteration: 1289, probabilities: [0.000004 0.000035 0.999697 0.000200 0.000064], probability: 0.9996974468231201