-0.20130016 0.69532659 -0.32678387 -0.60762774 0.02161513 -0.08377816 0.16086191 
0.14892473 -0.24588041 -0.77716233 0.55980619 0.02988300 0.01412631 0.16821361 
-0.92478080 -0.25175065 0.06075763 0.27876620 0.02859772 0.09572135 0.17330163 

----------
-0.20130016 0.69532659 -0.32678387 -0.60762774 0.02161513 0.02161513 0.02161513 
0.14892473 -0.24588041 -0.77716233 0.55980619 0.02988300 0.02988300 0.02988300 
-0.92478080 -0.25175065 0.06075763 0.27876620 0.02859772 0.02859772 0.02859772 

----------
-0.06600686 0.29304571 -0.64327989 -0.70441797 0.09400966 -0.02772509 0.05225088 
0.00780880 -0.34251441 -0.61866554 0.70710396 0.10981981 0.10562585 0.05170189 
-0.94822363 -0.00004700 -0.00008280 0.31789205 -0.02699566 0.10005420 0.05201159 

----------
iteration: 1191, probabilities: [0.000004 0.000036 0.999583 0.000242 0.000136], probability: 0.9995829463005066