0.88188295 0.16638861 -0.43899696 0.04334701 0.09653810 0.02076820 0.13608678 
0.04643030 0.37578644 0.18056691 -0.90775788 0.05185857 0.02992997 0.17494267 
0.51600175 -0.67523433 0.44391478 -0.28414866 0.03885469 -0.02091531 0.11283358 

----------
0.88188295 0.16638861 -0.43899696 0.04334701 0.09653810 0.09653810 0.09653810 
0.04643030 0.37578644 0.18056691 -0.90775788 0.05185857 0.05185857 0.05185857 
0.51600175 -0.67523433 0.44391478 -0.28414866 0.03885469 0.03885469 0.03885469 

----------
0.69389574 -0.54608146 0.44962489 -0.13746244 0.26606451 0.20232187 0.05170444 
-0.07630557 0.00009537 -0.00000753 -0.99719077 0.05533952 0.11871322 0.05201145 
0.67772821 -0.48879410 0.51104916 -0.20172621 0.05055503 -0.03882474 0.05187241 

----------
iteration: 1663, probabilities: [0.000002 0.000055 0.999852 0.000058 0.000033], probability: 0.9998520612716675