0.49738514 -0.20611942 -0.73432333 -0.41339092 0.02361269 0.01000915 0.18855296 
0.35675083 0.92545958 -0.00559284 0.12736615 -0.03861192 0.03343420 0.14244483 
0.22336578 0.66065482 0.26512403 -0.66584697 -0.09776877 -0.07947982 0.13343149 

----------
0.49738514 -0.20611942 -0.73432333 -0.41339092 0.02361269 0.02361269 0.02361269 
0.35675083 0.92545958 -0.00559284 0.12736615 -0.03861192 -0.03861192 -0.03861192 
0.22336578 0.66065482 0.26512403 -0.66584697 -0.09776877 -0.09776877 -0.09776877 

----------
0.02838355 0.37614528 -0.59693907 -0.70824223 -0.01565711 0.00196812 0.05234251 
0.07537397 -0.41394707 -0.57358496 0.70327162 -0.17412836 0.07393447 0.05187280 
-0.09910534 0.43306626 0.55922248 -0.70026369 -0.08413378 -0.18336390 0.05187224 

----------
iteration: 1828, probabilities: [0.000004 0.000035 0.999820 0.000101 0.000040], probability: 0.9998202919960022