0.46211931 0.50868153 0.48719515 -0.53882254 0.00052374 -0.05187940 0.15101697 
-0.11130775 -0.64628253 -0.01927100 -0.75469074 -0.01133231 -0.00591925 0.15965582 
0.55760179 0.27931736 -0.38089676 -0.68262707 -0.00472500 -0.06933132 0.11104438 

----------
0.46211931 0.50868153 0.48719515 -0.53882254 0.00052374 0.00052374 0.00052374 
-0.11130775 -0.64628253 -0.01927100 -0.75469074 -0.01133231 -0.01133231 -0.01133231 
0.55760179 0.27931736 -0.38089676 -0.68262707 -0.00472500 -0.00472500 -0.00472500 

----------
-0.71472726 -0.00002925 -0.00140476 -0.70004756 0.05027346 0.15754549 0.05211322 
-0.64133524 -0.40717848 -0.57781168 -0.29870536 -0.04839450 0.03271152 0.05225625 
0.23678019 0.53675213 -0.45993207 -0.66667145 0.04928468 -0.02605828 0.05225626 

----------
iteration: 1966, probabilities: [0.000004 0.000030 0.999477 0.000306 0.000183], probability: 0.9994767308235168