-0.49639169 -0.62439255 0.35885425 -0.48471937 -0.04426853 0.08671107 0.11139230 
-0.39264456 0.46827323 -0.39823556 0.68407519 -0.02841933 -0.02967814 0.10408170 
-0.69607817 0.20795012 -0.08014160 0.68250220 -0.07045822 -0.07435792 0.13624415 

----------
-0.49639169 -0.62439255 0.35885425 -0.48471937 -0.04426853 -0.04426853 -0.04426853 
-0.39264456 0.46827323 -0.39823556 0.68407519 -0.02841933 -0.02841933 -0.02841933 
-0.69607817 0.20795012 -0.08014160 0.68250220 -0.07045822 -0.07045822 -0.07045822 

----------
-0.70697154 -0.60075746 -0.37273822 -0.02438997 0.10180497 -0.02845582 0.05225588 
-0.51205244 0.20326540 -0.67734327 0.48769452 -0.05908144 0.00425563 0.05187128 
-0.70454336 -0.00006798 -0.00006743 0.70973511 -0.13360569 -0.12338735 0.05201145 

----------
iteration: 2039, probabilities: [0.000004 0.000035 0.999726 0.000179 0.000056], probability: 0.9997261166572571