0.46749077 -0.22405508 0.54569778 -0.65838107 0.02268346 -0.01013095 0.13724016 
-0.13129445 -0.88581328 -0.18293511 -0.40574789 -0.09461966 -0.07636425 0.16172224 
0.42153255 0.18162945 0.63647811 -0.61985214 -0.02247833 0.09160904 0.11715005 

----------
0.46749077 -0.22405508 0.54569778 -0.65838107 0.02268346 0.02268346 0.02268346 
-0.13129445 -0.88581328 -0.18293511 -0.40574789 -0.09461966 -0.09461966 -0.09461966 
0.42153255 0.18162945 0.63647811 -0.61985214 -0.02247833 -0.02247833 -0.02247833 

----------
0.48626670 -0.16806128 0.68689576 -0.51335465 0.00657391 0.05720386 0.05187240 
-0.59794376 -0.33758422 -0.62115959 -0.37818121 -0.16707991 -0.00939791 0.05221767 
0.30150185 0.05501024 0.70506894 -0.63965636 0.05037112 -0.06841099 0.05187168 

----------
iteration: 2688, probabilities: [0.000004 0.000033 0.999706 0.000188 0.000070], probability: 0.9997057318687439