0.83616436 0.13093808 -0.52078262 -0.11166849 0.02202336 0.00733205 0.17975630 
0.36204364 0.26432702 -0.79975101 -0.39931687 0.05569344 -0.03688478 0.14558256 
0.76615844 0.18535059 -0.29566436 -0.53965637 -0.03542720 0.06027356 0.11316831 

----------
0.83616436 0.13093808 -0.52078262 -0.11166849 0.02202336 0.02202336 0.02202336 
0.36204364 0.26432702 -0.79975101 -0.39931687 0.05569344 0.05569344 0.05569344 
0.76615844 0.18535059 -0.29566436 -0.53965637 -0.03542720 -0.03542720 -0.03542720 

----------
0.65222821 0.26685422 -0.65520570 -0.27237022 -0.06180406 0.02714765 0.05251771 
0.36870862 0.61982493 -0.33995034 -0.60379745 0.10740865 -0.02163593 0.05224985 
0.85080618 -0.00002862 0.00010525 -0.52564570 0.00139695 -0.07499004 0.05201189 

----------
iteration: 2231, probabilities: [0.000002 0.000044 0.999905 0.000038 0.000011], probability: 0.9999046325683594