-0.03334554 -0.51079780 -0.16034248 -0.84395733 0.03846547 0.07577322 0.19097210 
0.51055197 -0.45938178 -0.27936408 -0.67101474 -0.06631741 -0.01029608 0.19513625 
-0.92102233 -0.15495844 0.25323153 -0.25214984 0.04286578 0.09462799 0.18385260 

----------
-0.03334554 -0.51079780 -0.16034248 -0.84395733 0.03846547 0.03846547 0.03846547 
0.51055197 -0.45938178 -0.27936408 -0.67101474 -0.06631741 -0.06631741 -0.06631741 
-0.92102233 -0.15495844 0.25323153 -0.25214984 0.04286578 0.04286578 0.04286578 

----------
-0.55622800 -0.26451781 -0.65554844 -0.43726364 0.01595453 0.09193578 0.05225622 
0.43930768 -0.61099868 -0.35565842 -0.55431528 -0.09979683 -0.06720401 0.05168768 
-0.70338276 0.64745456 -0.28466572 -0.07350474 0.16219184 0.23712674 0.05187242 

----------
iteration: 2134, probabilities: [0.000001 0.000037 0.999919 0.000025 0.000017], probability: 0.9999191761016846