0.39226328 -0.36397324 0.73124455 0.42300640 0.06060520 -0.05326090 0.11876190 
0.16412946 -0.66974143 0.15686637 0.70703669 0.03256709 -0.03433781 0.19229034 
0.00796449 -0.71427382 0.02632286 -0.69932581 -0.01536849 0.07829555 0.11525421 

----------
0.39226328 -0.36397324 0.73124455 0.42300640 0.06060520 0.06060520 0.06060520 
0.16412946 -0.66974143 0.15686637 0.70703669 0.03256709 0.03256709 0.03256709 
0.00796449 -0.71427382 0.02632286 -0.69932581 -0.01536849 -0.01536849 -0.01536849 

----------
0.28322681 -0.07703564 0.70268725 0.64835314 0.12535623 0.08057415 0.05225625 
0.99416802 0.00001173 0.00009573 -0.11063453 0.05390114 -0.14301498 0.05201147 
0.02153906 -0.70220487 0.08144863 -0.70699201 -0.06451402 -0.01103514 0.05170156 

----------
iteration: 2995, probabilities: [0.000001 0.000074 0.999888 0.000029 0.000009], probability: 0.9998875856399536