0.34524583 0.29236243 0.40600435 -0.79403400 -0.03475521 0.05791859 0.15013969 
0.57711982 0.49488647 -0.64882991 -0.03224647 -0.04880204 0.07780392 0.13064669 
0.19865930 -0.70684143 0.00766268 0.67886005 -0.01457526 0.05068652 0.10250468 

----------
0.34524583 0.29236243 0.40600435 -0.79403400 -0.03475521 -0.03475521 -0.03475521 
0.57711982 0.49488647 -0.64882991 -0.03224647 -0.04880204 -0.04880204 -0.04880204 
0.19865930 -0.70684143 0.00766268 0.67886005 -0.01457526 -0.01457526 -0.01457526 

----------
-0.35259914 0.61005032 0.35782395 -0.61301807 -0.11126881 0.00350507 0.05187240 
0.62056794 0.70674914 0.01419035 -0.33980382 0.04620895 -0.14869815 0.05225625 
0.79892258 -0.00040846 -0.00001589 0.60182793 0.12345124 -0.04965370 0.05201817 

----------
iteration: 2914, probabilities: [0.000002 0.000039 0.999879 0.000063 0.000018], probability: 0.9998785257339478