0.20779183 0.71912966 0.06454095 -0.65993148 0.01944594 0.00888946 0.10398091 
0.80603572 -0.52356333 -0.08007991 0.26414971 -0.08877392 -0.03810271 0.15857328 
0.05706199 0.79622656 -0.00734794 0.60225676 -0.00132565 0.09923417 0.16050873 

----------
0.20779183 0.71912966 0.06454095 -0.65993148 0.01944594 0.01944594 0.01944594 
0.80603572 -0.52356333 -0.08007991 0.26414971 -0.08877392 -0.08877392 -0.08877392 
0.05706199 0.79622656 -0.00734794 0.60225676 -0.00132565 -0.00132565 -0.00132565 

----------
0.40882859 0.64146319 -0.29708345 -0.57746318 0.06216288 0.11648348 0.05225231 
0.63219362 -0.70614732 0.03802561 0.31673456 -0.08792316 -0.10114066 0.05187146 
0.49159402 0.17278110 0.68545332 0.50890360 -0.12109918 0.12244888 0.05226152 

----------
iteration: 2521, probabilities: [0.000005 0.000030 0.999416 0.000355 0.000195], probability: 0.9994156360626221