0.32905277 -0.09075023 -0.90317146 -0.26032668 -0.05705473 -0.01827074 0.10996634 
0.39297094 0.23219861 0.44362098 -0.77127043 0.05595943 0.01482642 0.17626473 
0.91820799 -0.11212278 -0.37960216 0.01499209 -0.01764592 0.04593082 0.18860984 

----------
0.32905277 -0.09075023 -0.90317146 -0.26032668 -0.05705473 -0.05705473 -0.05705473 
0.39297094 0.23219861 0.44362098 -0.77127043 0.05595943 0.05595943 0.05595943 
0.91820799 -0.11212278 -0.37960216 0.01499209 -0.01764592 -0.01764592 -0.01764592 

----------
0.18044070 0.49691471 -0.50286188 -0.68411105 -0.10524508 -0.21156723 0.05227290 
0.34837313 0.00234818 0.70721001 -0.61540167 0.11693541 0.08029186 0.05187670 
0.69693537 0.54325157 0.45235745 0.12205469 0.12935601 -0.10788223 0.05225434 

----------
iteration: 2960, probabilities: [0.000004 0.000042 0.999395 0.000430 0.000129], probability: 0.9993951320648193