0.36423593 -0.72593704 0.57116657 0.11881229 0.04334071 0.03646713 0.15249633 
-0.25625244 0.49023339 -0.01545061 0.83292688 -0.06686579 -0.07680077 0.16963505 
0.88362627 0.45203004 0.10801614 -0.05662135 -0.09175803 0.07185938 0.17158946 

----------
0.36423593 -0.72593704 0.57116657 0.11881229 0.04334071 0.04334071 0.04334071 
-0.25625244 0.49023339 -0.01545061 0.83292688 -0.06686579 -0.06686579 -0.06686579 
0.88362627 0.45203004 0.10801614 -0.05662135 -0.09175803 -0.09175803 -0.09175803 

----------
0.68397808 -0.51746449 0.48200794 -0.17964626 -0.00483037 0.05805213 0.05170347 
-0.63811460 0.40401702 -0.58047695 0.30485492 0.03096092 -0.15077750 0.05186330 
0.70203442 0.65183315 0.27338289 -0.08744929 -0.13767592 -0.16463108 0.05225625 

----------
iteration: 2458, probabilities: [0.000004 0.000037 0.999701 0.000200 0.000058], probability: 0.9997010231018066