0.82966250 0.37884482 -0.38937801 -0.12853600 -0.06459632 -0.01867658 0.17092741 
-0.27739120 -0.56003229 0.41427815 0.66165820 -0.03442925 -0.00357162 0.14240656 
0.06942724 -0.61648535 -0.13955190 -0.77178425 -0.00895890 -0.04151946 0.12684571 

----------
0.82966250 0.37884482 -0.38937801 -0.12853600 -0.06459632 -0.06459632 -0.06459632 
-0.27739120 -0.56003229 0.41427815 0.66165820 -0.03442925 -0.03442925 -0.03442925 
0.06942724 -0.61648535 -0.13955190 -0.77178425 -0.00895890 -0.00895890 -0.00895890 

----------
0.53607416 0.69415305 -0.13345275 -0.46169125 -0.06033233 -0.17523085 0.05225627 
-0.27691940 -0.56372264 0.42635843 0.65096509 0.04924225 -0.02773291 0.05225626 
-0.53664953 -0.26596638 -0.65481287 -0.46125567 -0.09947945 0.12912961 0.05214812 

----------
iteration: 3623, probabilities: [0.000003 0.000032 0.999873 0.000068 0.000025], probability: 0.9998730421066284