0.79871859 0.17273782 0.56748592 -0.10084638 0.08164338 0.09557775 0.13437460 
0.37761675 -0.03538232 0.70716656 0.59671529 -0.08741591 0.03265050 0.18137584 
0.09573037 0.57127001 0.33660518 -0.74241715 0.00659935 -0.04736028 0.19588207 

----------
0.79871859 0.17273782 0.56748592 -0.10084638 0.08164338 0.08164338 0.08164338 
0.37761675 -0.03538232 0.70716656 0.59671529 -0.08741591 -0.08741591 -0.08741591 
0.09573037 0.57127001 0.33660518 -0.74241715 0.00659935 0.00659935 0.00659935 

----------
0.81468397 0.00000840 0.00010153 0.58029982 -0.01675217 0.09589650 0.05201182 
0.35074889 -0.00162059 0.70681607 0.61436422 -0.09532288 -0.10173149 0.05225626 
-0.10410576 0.43499860 0.55764520 -0.69955716 0.02022878 -0.04082608 0.05184687 

----------
iteration: 3324, probabilities: [0.000003 0.000032 0.999792 0.000127 0.000046], probability: 0.9997921586036682