-0.08637141 0.59361958 0.35883155 0.71511935 0.02191898 0.05560476 0.15576830 
0.69521658 -0.01474608 0.69113639 -0.19694402 -0.03240759 0.01639905 0.18432943 
0.66764266 0.54170864 -0.10232637 0.50033424 -0.01384999 -0.04101198 0.18441157 

----------
-0.08637141 0.59361958 0.35883155 0.71511935 0.02191898 0.02191898 0.02191898 
0.69521658 -0.01474608 0.69113639 -0.19694402 -0.03240759 -0.03240759 -0.03240759 
0.66764266 0.54170864 -0.10232637 0.50033424 -0.01384999 -0.01384999 -0.01384999 

----------
-0.03798270 0.52477998 0.47503116 0.70535178 0.05567283 0.05759803 0.05243660 
0.52726426 -0.19622696 0.75942841 -0.32679684 0.02376309 -0.05655982 0.07221768 
0.53526927 0.66456221 0.01351288 0.52124801 -0.05562953 0.02076719 0.05552181 

----------
iteration: 3509, probabilities: [0.000002 0.000029 0.999826 0.000100 0.000042], probability: 0.9998260140419006