-0.47370980 0.26008474 -0.77808575 -0.32021479 0.09868455 -0.03484273 0.16080803 
0.41360655 0.80384124 -0.27668303 -0.32590703 -0.07918031 0.09835936 0.18487938 
0.31945842 0.84191503 -0.17605360 0.39765630 -0.02938673 0.04725420 0.14273676 

----------
-0.47370980 0.26008474 -0.77808575 -0.32021479 0.09868455 0.09868455 0.09868455 
0.41360655 0.80384124 -0.27668303 -0.32590703 -0.07918031 -0.07918031 -0.07918031 
0.31945842 0.84191503 -0.17605360 0.39765630 -0.02938673 -0.02938673 -0.02938673 

----------
-0.21295739 -0.11633654 -0.69726609 -0.67477339 0.16000005 0.04059640 0.05145190 
0.50735063 0.68485009 -0.17489527 -0.49302997 -0.07769968 -0.09460986 0.05225626 
0.66085298 0.48336802 0.51587035 0.25266306 0.04097651 0.09766364 0.05209705 

----------
iteration: 4453, probabilities: [0.000003 0.000031 0.999664 0.000202 0.000100], probability: 0.9996638298034668