0.68121973 -0.68982148 0.22870311 -0.08820935 -0.03989385 0.03211869 0.11106503 
0.39742623 -0.69686453 -0.58913288 0.09671953 -0.02603708 0.07369649 0.14258084 
-0.11894846 0.56363384 0.76666538 0.28353545 -0.02427132 -0.08987727 0.18368937 

----------
0.68121973 -0.68982148 0.22870311 -0.08820935 -0.03989385 -0.03989385 -0.03989385 
0.39742623 -0.69686453 -0.58913288 0.09671953 -0.02603708 -0.02603708 -0.02603708 
-0.11894846 0.56363384 0.76666538 0.28353545 -0.02427132 -0.02427132 -0.02427132 

----------
0.70673369 -0.62504695 0.33071531 0.02240678 -0.01345841 -0.12516992 0.05187242 
0.56089246 -0.61530814 -0.34999085 0.42943480 -0.04408324 0.02429148 0.05124437 
0.00080820 0.39987756 0.91668303 -0.00039294 0.07636332 0.04562780 0.05195386 

----------
iteration: 4263, probabilities: [0.000004 0.000033 0.999530 0.000308 0.000125], probability: 0.9995296001434326