-0.51213775 0.41044483 0.63893163 0.40126842 0.03984517 0.00775487 0.18945334 
0.69043922 -0.09413042 0.24248876 0.67500545 -0.02410567 0.02394390 0.11699466 
0.18919927 0.56939845 0.03099556 -0.79939247 -0.04604942 -0.06442455 0.12105190 

----------
-0.51213775 0.41044483 0.63893163 0.40126842 0.03984517 0.03984517 0.03984517 
0.69043922 -0.09413042 0.24248876 0.67500545 -0.02410567 -0.02410567 -0.02410567 
0.18919927 0.56939845 0.03099556 -0.79939247 -0.04604942 -0.04604942 -0.04604942 

----------
-0.65451951 0.70338576 -0.07340578 -0.26792646 0.17486687 0.07436646 0.05170780 
0.75548088 -0.00006268 0.00007237 0.65522493 -0.08217310 -0.01170228 0.05201145 
0.37260761 -0.02586526 0.70677276 -0.60106431 0.07192367 -0.11212665 0.05187241 

----------
iteration: 5483, probabilities: [0.000003 0.000033 0.999803 0.000115 0.000046], probability: 0.999803364276886