0.45590952 0.34443069 0.81893390 -0.05349089 0.00690515 0.01374740 0.13199181 
0.87431034 -0.14836910 0.11314332 -0.44806989 -0.06530174 -0.01670390 0.19485015 
-0.15129069 -0.53566079 0.55300602 -0.61997015 0.00844917 0.00020743 0.11755896 

----------
0.45590952 0.34443069 0.81893390 -0.05349089 0.00690515 0.00690515 0.00690515 
0.87431034 -0.14836910 0.11314332 -0.44806989 -0.06530174 -0.06530174 -0.06530174 
-0.15129069 -0.53566079 0.55300602 -0.61997015 0.00844917 0.00844917 0.00844917 

----------
0.27516616 -0.03464217 0.94826923 0.15511078 -0.01862369 -0.04904603 0.07175478 
0.89242897 0.00004326 0.00008541 -0.45129672 -0.12385309 -0.12642358 0.05201145 
0.33454845 0.01814353 0.70697247 -0.62306812 -0.02432648 0.06516686 0.05187291 

----------
iteration: 5823, probabilities: [0.000002 0.000050 0.999912 0.000028 0.000009], probability: 0.999911904335022