-0.08076154 -0.68022135 0.66112346 -0.30609191 0.06558735 0.00122610 0.18061182 
0.79884955 -0.10916236 -0.13762201 0.57531136 -0.03876424 0.06448715 0.14315554 
0.06565160 0.52707754 0.25506682 -0.80797281 -0.05857441 0.08158652 0.15680275 

----------
-0.08076154 -0.68022135 0.66112346 -0.30609191 0.06558735 0.06558735 0.06558735 
0.79884955 -0.10916236 -0.13762201 0.57531136 -0.03876424 -0.03876424 -0.03876424 
0.06565160 0.52707754 0.25506682 -0.80797281 -0.05857441 -0.05857441 -0.05857441 

----------
0.00087534 -0.65033074 0.75981907 -0.00382912 0.12010651 0.04525045 0.05221741 
0.78914202 -0.00005876 0.00007559 0.61427548 0.03253206 -0.06623136 0.05201145 
-0.04710682 0.39054693 0.58963153 -0.70561376 -0.11457208 -0.10754689 0.05187239 

----------
iteration: 5320, probabilities: [0.000001 0.000048 0.999907 0.000033 0.000010], probability: 0.9999074935913086