0.78328150 0.07266379 0.59665277 0.15873101 -0.08600689 0.03385788 0.18183743 
0.05992151 -0.64374910 -0.11504953 -0.75416186 0.09375355 0.03893114 0.19877868 
0.63576063 -0.46195757 0.39789590 0.47337351 -0.04647466 0.05229583 0.15691403 

----------
0.78328150 0.07266379 0.59665277 0.15873101 -0.08600689 -0.08600689 -0.08600689 
0.05992151 -0.64374910 -0.11504953 -0.75416186 0.09375355 0.09375355 0.09375355 
0.63576063 -0.46195757 0.39789590 0.47337351 -0.04647466 -0.04647466 -0.04647466 

----------
0.65872430 0.44236137 0.55141555 0.25826520 -0.07376991 -0.19362131 0.05225615 
-0.55254857 -0.25902485 -0.65773255 -0.44189655 0.07342723 0.19790960 0.05225622 
0.64208180 -0.70603543 0.04185254 0.29644530 -0.12339682 0.00629273 0.05170880 

----------
iteration: 5945, probabilities: [0.000002 0.000034 0.999909 0.000039 0.000016], probability: 0.9999092817306519