0.33122260 0.68284011 -0.61000469 0.22784918 0.01620025 -0.02106462 0.14069622 
-0.50340565 0.46969315 -0.26756114 0.67407873 0.00479724 -0.06766238 0.10901231 
0.87978026 -0.24418974 0.16659489 -0.37229586 -0.06106186 -0.09543757 0.10301953 

----------
0.33122260 0.68284011 -0.61000469 0.22784918 0.01620025 0.01620025 0.01620025 
-0.50340565 0.46969315 -0.26756114 0.67407873 0.00479724 0.00479724 0.00479724 
0.87978026 -0.24418974 0.16659489 -0.37229586 -0.06106186 -0.06106186 -0.06106186 

----------
0.64674665 -0.70514747 0.05382283 0.28647388 -0.00786004 0.31746881 0.05170337 
-0.62985682 0.38788890 -0.59132895 0.32144388 0.08613170 -0.10468564 0.05187241 
0.92322538 0.00003687 0.00008836 -0.38448791 -0.13242225 -0.08130731 0.05201145 

----------
iteration: 5830, probabilities: [0.000006 0.000041 0.999358 0.000361 0.000235], probability: 0.9993578791618347