0.07740560 0.14732304 -0.98580268 -0.02230159 0.03196766 -0.04810504 0.16836617 
-0.39009263 0.57011469 -0.55747774 -0.46045147 0.07433567 0.04626770 0.14081097 
0.36176989 0.35504261 0.77806223 -0.37106127 0.01149634 -0.01366167 0.19435657 

----------
0.07740560 0.14732304 -0.98580268 -0.02230159 0.03196766 0.03196766 0.03196766 
-0.39009263 0.57011469 -0.55747774 -0.46045147 0.07433567 0.07433567 0.07433567 
0.36176989 0.35504261 0.77806223 -0.37106127 0.01149634 0.01149634 0.01149634 

----------
-0.00105263 0.05674537 -0.99840344 0.00000501 0.06863755 -0.03266105 0.05195181 
-0.34340069 -0.00177175 -0.71183414 -0.61316401 0.16640625 0.04412876 0.05282722 
0.13707735 0.22466221 0.67057876 -0.69374118 0.00082929 0.07728376 0.05187241 

----------
iteration: 5995, probabilities: [0.000034 0.000138 0.954693 0.039191 0.005944], probability: 0.9546926021575928