-0.73427926 0.56572321 -0.18118371 0.32857826 -0.09707393 0.01189593 0.12022426 
0.23293496 0.54065182 0.79063248 0.16833655 0.09022723 0.05905638 0.14740055 
0.43576057 -0.33747422 0.64686918 0.52705231 0.03374938 0.03461959 0.16709533 

----------
-0.73427926 0.56572321 -0.18118371 0.32857826 -0.09707393 -0.09707393 -0.09707393 
0.23293496 0.54065182 0.79063248 0.16833655 0.09022723 0.09022723 0.09022723 
0.43576057 -0.33747422 0.64686918 0.52705231 0.03374938 0.03374938 0.03374938 

----------
-0.70293329 0.57259809 -0.41499910 0.07678321 -0.06136863 -0.10824210 0.05187241 
0.00040713 0.56649480 0.82413850 0.00351517 0.13525254 0.12132000 0.05215361 
0.28761663 -0.07227434 0.70320209 0.64642791 0.07259158 -0.01598681 0.05225625 

----------
iteration: 5926, probabilities: [0.000002 0.000032 0.999838 0.000091 0.000037], probability: 0.9998376369476318