-0.70687047 -0.48723040 -0.25369284 0.44562386 -0.09915789 0.06201516 0.16895945 
-0.02642676 -0.93340555 -0.31922978 0.16170362 -0.07331748 -0.02847504 0.18388012 
0.56134904 -0.36988001 -0.66557847 -0.32416251 -0.04822217 -0.08209829 0.10791051 

----------
-0.70687047 -0.48723040 -0.25369284 0.44562386 -0.09915789 -0.09915789 -0.09915789 
-0.02642676 -0.93340555 -0.31922978 0.16170362 -0.07331748 -0.07331748 -0.07331748 
0.56134904 -0.36988001 -0.66557847 -0.32416251 -0.04822217 -0.04822217 -0.04822217 

----------
-0.69237287 -0.69994180 0.09743115 0.14612687 -0.16033976 -0.16479779 0.05093434 
-0.00017019 -0.97306733 -0.23067633 0.00113290 -0.15323594 -0.03362850 0.05195919 
0.33042114 0.03550658 -0.70664712 -0.62476186 -0.03782100 -0.07697230 0.05198242 

----------
iteration: 6108, probabilities: [0.000009 0.000062 0.999469 0.000360 0.000100], probability: 0.9994691014289856