0.23006916 -0.90101715 -0.17195538 -0.32506556 -0.04096046 0.05513648 0.18353102 
0.17382420 0.44269299 -0.82520515 -0.30470399 0.05056521 0.07142640 0.18985411 
0.56093806 0.33849055 0.45705031 0.60156268 -0.05209526 -0.05142350 0.13050782 

----------
0.23006916 -0.90101715 -0.17195538 -0.32506556 -0.04096046 -0.04096046 -0.04096046 
0.17382420 0.44269299 -0.82520515 -0.30470399 0.05056521 0.05056521 0.05056521 
0.56093806 0.33849055 0.45705031 0.60156268 -0.05209526 -0.05209526 -0.05209526 

----------
0.06355690 -0.40420400 -0.58037171 0.70433642 0.13659325 0.00776027 0.05187235 
-0.00058684 0.75940627 -0.65073176 -0.00052883 -0.01850902 0.07894448 0.05195041 
0.61919281 0.36636943 0.60447053 0.34217889 -0.09220400 -0.03369932 0.05225625 

----------
iteration: 6350, probabilities: [0.000002 0.000029 0.999858 0.000076 0.000035], probability: 0.9998579025268555