0.79790887 0.23845853 -0.17227223 -0.51297382 -0.05571204 -0.05571204 -0.05571204 
-0.82439593 -0.11723936 -0.03644078 -0.54112023 -0.05747766 -0.05747766 -0.05747766 
0.60466506 -0.38059997 0.65128075 0.24941850 0.04096978 0.04096978 0.04096978 

----------
0.90546504 0.00025468 -0.00013833 -0.42462232 0.04842316 -0.07251074 0.05201994 
-0.77425771 0.00006051 -0.00007417 -0.63294391 -0.13516785 -0.04437153 0.05201145 
0.70137368 -0.65499074 0.26672298 0.09004482 -0.04240149 0.06748501 0.05184458 

----------
iteration: 108, probabilities: [0.000036 0.000134 0.996705 0.003090 0.000035], probability: 0.996704638004303