-0.01556723 -0.43141382 -0.24838460 -0.86914125 0.03535233 -0.01353031 0.11178348 
0.49981786 -0.31329395 -0.37199335 -0.72541610 0.02044389 0.02585498 0.17824647 
0.63288598 0.58945417 -0.48455705 0.11939779 -0.05548604 -0.03983971 0.14583510 

----------
-0.01556723 -0.43141382 -0.24838460 -0.86914125 0.03535233 0.03535233 0.03535233 
0.49981786 -0.31329395 -0.37199335 -0.72541610 0.02044389 0.02044389 0.02044389 
0.63288598 0.58945417 -0.48455705 0.11939779 -0.05548604 -0.05548604 -0.05548604 

----------
-0.47527343 -0.15123831 -0.69050232 -0.52407320 0.07598777 0.11543376 0.05225329 
0.49536744 -0.35131348 -0.61372970 -0.50459653 -0.03985488 0.09143618 0.05180351 
0.67977746 0.68663241 0.16788767 -0.19621616 0.02258271 -0.09012260 0.05225471 

----------
iteration: 58, probabilities: [0.000017 0.000030 0.999626 0.000186 0.000141], probability: 0.9996262788772583