0.63048700 0.31695282 -0.68545545 -0.18059526 0.05161488 -0.03738642 0.19376233 
-0.14661470 -0.28761340 -0.93067119 0.17645805 -0.00900094 0.00158718 0.10851241 
0.42907503 0.55406682 -0.42561779 0.57268359 -0.03526973 -0.07957208 0.18024671 

----------
0.63048700 0.31695282 -0.68545545 -0.18059526 0.05161488 0.05161488 0.05161488 
-0.14661470 -0.28761340 -0.93067119 0.17645805 -0.00900094 -0.00900094 -0.00900094 
0.42907503 0.55406682 -0.42561779 0.57268359 -0.03526973 -0.03526973 -0.03526973 

----------
0.48331556 0.67578975 -0.20735077 -0.51668915 0.10041719 -0.00220811 0.05225625 
0.19918837 -0.16519028 0.68763641 0.67921381 -0.07579318 0.27556855 0.05225536 
-0.27446164 -0.08497274 -0.70182941 0.65203103 -0.12358520 -0.09596304 0.05189882 

----------
iteration: 210, probabilities: [0.000002 0.000035 0.999925 0.000024 0.000015], probability: 0.9999247789382935