0.63046623 0.31699377 -0.68558416 -0.18060903 0.05161837 -0.03738260 0.19373934 
-0.14661328 -0.28763860 -0.93075231 0.17658805 -0.00899993 0.00158701 0.10849839 
0.42904572 0.55401417 -0.42555379 0.57261587 -0.03526725 -0.07956259 0.18024423 

----------
0.63046623 0.31699377 -0.68558416 -0.18060903 0.05161837 0.05161837 0.05161837 
-0.14661328 -0.28763860 -0.93075231 0.17658805 -0.00899993 -0.00899993 -0.00899993 
0.42904572 0.55401417 -0.42555379 0.57261587 -0.03526725 -0.03526725 -0.03526725 

----------
0.48403775 0.67608002 -0.20640866 -0.51601674 0.11341919 -0.01642486 0.05225628 
0.00772233 -0.00209927 -0.00387908 1.00049079 -0.05871074 0.15675493 0.05233011 
0.41001938 0.51316509 -0.48632812 0.57623785 -0.03528331 -0.06097716 0.05167343 

----------
iteration: 291, probabilities: [0.000003 0.000028 0.999820 0.000098 0.000052], probability: 0.999819815158844