-0.07761033 -0.45078093 0.70978487 -0.54537755 0.09354333 -0.00329853 0.14378755 
0.39060128 -0.24965903 0.81925783 0.35266933 0.06585152 -0.03842126 0.18624628 
-0.22699151 0.70817068 -0.33702151 0.53113084 -0.01758640 0.04636193 0.13558961 

----------
-0.07761033 -0.45078093 0.70978487 -0.54537755 0.09354333 0.09354333 0.09354333 
0.39060128 -0.24965903 0.81925783 0.35266933 0.06585152 0.06585152 0.06585152 
-0.22699151 0.70817068 -0.33702151 0.53113084 -0.01758640 -0.01758640 -0.01758640 

----------
-0.26319820 -0.38180863 0.59580651 -0.65581284 0.16048129 0.08928315 0.05234985 
0.15817278 -0.30849969 0.66146509 0.66525705 0.05145123 0.10700997 0.06421681 
-0.55152548 0.26065418 -0.65743576 0.44263711 -0.05122988 -0.10259911 0.05186350 

----------
iteration: 23, probabilities: [0.000018 0.000032 0.999764 0.000100 0.000086], probability: 0.9997643828392029