0.27166799 0.48817767 0.58196085 0.60033970 -0.04135125 0.07484822 0.16859887 
-0.53172722 0.83043957 0.00530079 0.19554995 -0.01621722 -0.02935553 0.16948501 
0.43665545 0.56340720 -0.47602490 0.49720766 0.10002145 -0.09786841 0.11605795 

----------
0.27166799 0.48817767 0.58196085 0.60033970 -0.04135125 -0.04135125 -0.04135125 
-0.53172722 0.83043957 0.00530079 0.19554995 -0.01621722 -0.01621722 -0.01621722 
0.43665545 0.56340720 -0.47602490 0.49720766 0.10002145 0.10002145 0.10002145 

----------
0.51089001 0.19931276 0.67815408 0.48937302 -0.12376040 0.01585341 0.05225626 
-0.70562736 0.63588390 -0.30948273 -0.04621711 0.07858682 -0.08057433 0.05187241 
0.69831025 0.66272358 0.24280980 -0.12045380 0.20791449 0.12951105 0.05232097 

----------
iteration: 25, probabilities: [0.000019 0.000034 0.999810 0.000073 0.000064], probability: 0.9998103976249695