-0.21414425 -0.05466251 0.41767528 -0.99013730 0.00961371 -0.01851613 0.16672040 
0.44997489 -0.89857330 0.62863373 0.68459745 -0.04439510 0.01215468 0.16951029 
0.09793896 0.67990157 0.68426913 -0.96533170 0.00752818 -0.02238190 0.18426290 

----------
-0.21414425 -0.05466251 0.41767528 -0.99013730 0.00961371 0.00961371 0.00961371 
0.44997489 -0.89857330 0.62863373 0.68459745 -0.04439510 -0.04439510 -0.04439510 
0.09793896 0.67990157 0.68426913 -0.96533170 0.00752818 0.00752818 0.00752818 

----------
-0.22344359 0.00009330 -0.00002147 -0.97480582 -0.02532551 0.12249562 0.05201145 
0.49147221 0.00081670 -0.00015572 0.87114645 0.00094547 -0.22409934 0.05207796 
-0.04355835 0.38755957 0.59157569 -0.70581710 0.08583052 -0.03390484 0.05187193 

----------
iteration: 3895, probabilities: [0.000011 0.000060 0.994722 0.004047 0.001160], probability: 0.9947221279144287