0.13813485 -0.28918541 0.19075597 -0.93453618 0.01149860 -0.00470053 0.16555604 
0.70674440 -0.30975174 0.98747767 0.19967887 0.01147451 0.05854946 0.14947201 
-0.63259948 0.92338004 -0.05497736 -0.51543930 0.00867555 0.00495044 0.15280960 

----------
0.13813485 -0.28918541 0.19075597 -0.93453618 0.01149860 0.01149860 0.01149860 
0.70674440 -0.30975174 0.98747767 0.19967887 0.01147451 0.01147451 0.01147451 
-0.63259948 0.92338004 -0.05497736 -0.51543930 0.00867555 0.00867555 0.00867555 

----------
0.22482298 0.00009326 -0.00003905 -0.97454915 -0.04542517 0.10996614 0.05201194 
0.95836974 -0.00021858 -0.00019989 0.28612495 -0.18110243 -0.13535590 0.05202564 
-0.59574509 0.70628560 0.03579896 -0.38092776 0.07351224 -0.03057774 0.05187075 

----------
iteration: 4734, probabilities: [0.000003 0.000031 0.999847 0.000084 0.000035], probability: 0.9998466968536377