0.32605851 -0.79345869 0.09264892 -0.16249597 0.00560261 -0.01173827 0.17497680 
0.72760762 0.20451606 0.56056756 0.34102526 -0.03906730 0.04809659 0.16433151 
-0.16017553 0.53834861 -0.50513064 -0.39078625 -0.01675642 0.00498728 0.17151911 

----------
0.32605851 -0.79345869 0.09264892 -0.16249597 0.00560261 0.00560261 0.00560261 
0.72760762 0.20451606 0.56056756 0.34102526 -0.03906730 -0.03906730 -0.03906730 
-0.16017553 0.53834861 -0.50513064 -0.39078625 -0.01675642 -0.01675642 -0.01675642 

----------
0.55035335 -0.69506814 -0.13086517 0.44412311 0.03996444 0.05366965 0.05170662 
0.61698065 0.36246387 0.60683067 0.34617173 -0.07887262 -0.06995948 0.05225637 
0.08782664 0.42526481 -0.56465596 -0.70203185 0.10601983 -0.05480444 0.05225626 

----------
iteration: 5885, probabilities: [0.000006 0.000042 0.998799 0.000854 0.000299], probability: 0.9987990856170654