0.12491580 -0.13021839 0.38755425 -0.67429782 0.01192586 -0.00230078 0.16600390 
0.75516451 -0.44894696 0.37274137 -0.02909797 0.01429901 0.05285330 0.15402043 
0.16596260 0.80969056 0.66624471 -0.25865813 -0.03456460 0.02747190 0.15614864 

----------
0.12491580 -0.13021839 0.38755425 -0.67429782 0.01192586 0.01192586 0.01192586 
0.75516451 -0.44894696 0.37274137 -0.02909797 0.01429901 0.01429901 0.01429901 
0.16596260 0.80969056 0.66624471 -0.25865813 -0.03456460 -0.03456460 -0.03456460 

----------
0.42142618 -0.09937885 0.70014911 -0.56783458 -0.02273812 0.03802727 0.05171844 
0.69468671 -0.53812574 0.45879091 -0.13189716 0.08298802 -0.01086540 0.05187241 
0.00036219 0.93193049 0.36282814 -0.00134762 -0.09348247 -0.11020062 0.05197858 

----------
iteration: 6625, probabilities: [0.000003 0.000032 0.999807 0.000116 0.000043], probability: 0.9998067021369934