0.61245385 0.37066162 0.83639855 -0.84270878 0.02707861 0.03988675 0.18438029 
0.58434602 -0.03177664 0.79619974 0.52726611 0.02030069 0.03722869 0.14686019 
-0.53756909 0.68859646 -0.31120070 -0.83641402 -0.02515984 0.00735611 0.15521816 

----------
0.61245385 0.37066162 0.83639855 -0.84270878 0.02707861 0.02707861 0.02707861 
0.58434602 -0.03177664 0.79619974 0.52726611 0.02030069 0.02030069 0.02030069 
-0.53756909 0.68859646 -0.31120070 -0.83641402 -0.02515984 -0.02515984 -0.02515984 

----------
0.26921559 0.08916660 0.70161189 -0.65394397 0.12152116 -0.01292783 0.05186207 
0.44099514 0.10698344 0.69873235 0.55323656 0.00492354 0.07111790 0.05225624 
-0.42412320 0.59537789 0.38192219 -0.56596469 -0.13109067 -0.12624957 0.05214688 

----------
iteration: 6166, probabilities: [0.000002 0.000030 0.999872 0.000068 0.000028], probability: 0.9998724460601807