0.49409231 -0.28249130 0.08040272 -0.87673758 -0.03363918 0.01882708 0.15014919 
0.08100149 -0.56789700 0.42517961 0.21188224 -0.00308438 0.09453725 0.12785348 
0.46731994 0.87077611 0.22166992 -0.93869254 0.00463754 0.04484787 0.15756688 

----------
0.49409231 -0.28249130 0.08040272 -0.87673758 -0.03363918 -0.03363918 -0.03363918 
0.08100149 -0.56789700 0.42517961 0.21188224 -0.00308438 -0.00308438 -0.00308438 
0.46731994 0.87077611 0.22166992 -0.93869254 0.00463754 0.00463754 0.00463754 

----------
0.49144362 0.00008342 0.00004700 -0.87103075 -0.11406284 -0.06815576 0.05201145 
0.00094056 -0.75730671 0.65323624 0.00098094 0.04085715 -0.01045308 0.05197771 
0.52629045 0.69127795 -0.14807968 -0.47295604 -0.06052788 0.11482444 0.05225630 

----------
iteration: 6130, probabilities: [0.000004 0.000030 0.999800 0.000116 0.000050], probability: 0.9997997879981995