0.01049192 -0.67783992 0.14235779 -0.90925517 0.04845367 0.01182591 0.17474589 
0.46942714 -0.75897280 0.39919281 -0.04552436 0.05169021 -0.02256202 0.17265049 
-0.40042464 0.22220304 -0.14982825 -0.55609786 -0.02411584 -0.05130741 0.17429737 

----------
0.01049192 -0.67783992 0.14235779 -0.90925517 0.04845367 0.04845367 0.04845367 
0.46942714 -0.75897280 0.39919281 -0.04552436 0.05169021 0.05169021 0.05169021 
-0.40042464 0.22220304 -0.14982825 -0.55609786 -0.02411584 -0.02411584 -0.02411584 

----------
0.54764428 -0.33491941 0.62347657 -0.44663477 0.12635549 -0.04985262 0.05213154 
0.70492713 -0.64019777 0.30050616 0.05615091 -0.02297865 0.05671158 0.05187241 
-0.56321535 0.00007908 -0.00005397 -0.82642841 -0.02980171 -0.09760165 0.05201145 

----------
iteration: 7811, probabilities: [0.000002 0.000034 0.999852 0.000084 0.000028], probability: 0.9998519420623779