0.50099761 -0.83217532 0.56891169 -0.71417761 0.06261183 -0.01139114 0.14951561 
0.75166094 0.20627245 0.35445313 0.51655662 -0.02198252 0.00342084 0.18766129 
0.07208322 0.44502536 -0.05770265 -0.90180277 -0.03054687 -0.02423173 0.15746332 

----------
0.50099761 -0.83217532 0.56891169 -0.71417761 0.06261183 0.06261183 0.06261183 
0.75166094 0.20627245 0.35445313 0.51655662 -0.02198252 -0.02198252 -0.02198252 
0.07208322 0.44502536 -0.05770265 -0.90180277 -0.03054687 -0.03054687 -0.03054687 

----------
0.66660232 -0.46217415 0.53527812 -0.23597192 0.09289418 0.02931434 0.05187184 
0.94991807 0.00025450 -0.00024693 0.31279965 -0.11395023 0.05667139 0.05202505 
0.12767778 0.00009497 0.00001218 -0.99190542 0.03447608 -0.08607682 0.05201145 

----------
iteration: 7255, probabilities: [0.000003 0.000030 0.999726 0.000167 0.000074], probability: 0.9997261166572571