0.34026994 -0.43587707 0.83957702 -0.99419678 -0.02699731 -0.03432679 0.16358941 
0.98899272 -0.20161397 0.57248257 0.33269158 0.03920728 0.04972752 0.13864445 
-0.48780394 0.55930712 0.60032389 -0.14843891 0.04525056 0.00850322 0.16886827 

----------
0.34026994 -0.43587707 0.83957702 -0.99419678 -0.02699731 -0.02699731 -0.02699731 
0.98899272 -0.20161397 0.57248257 0.33269158 0.03920728 0.03920728 0.03920728 
-0.48780394 0.55930712 0.60032389 -0.14843891 0.04525056 0.04525056 0.04525056 

----------
0.43218679 -0.10083992 0.69989319 -0.55968134 -0.07010056 -0.06681681 0.05184490 
0.70163728 0.56276346 0.42777111 0.09094557 0.08730062 -0.08981993 0.05225622 
-0.49103725 0.67872618 0.19866237 -0.50887395 0.07223134 0.14717520 0.05187658 

----------
iteration: 9556, probabilities: [0.000005 0.000034 0.999221 0.000513 0.000227], probability: 0.999220609664917