0.35880860 -0.11598659 0.67778653 -0.99987045 0.07337314 0.03908985 0.13523012 
0.77069354 -0.27837638 0.98873848 0.28319061 0.03057319 0.06627166 0.14202663 
-0.06342527 0.50355499 0.41070362 -0.56186252 -0.01755398 0.00536982 0.15942247 

----------
0.35880860 -0.11598659 0.67778653 -0.99987045 0.07337314 0.07337314 0.07337314 
0.77069354 -0.27837638 0.98873848 0.28319061 0.03057319 0.03057319 0.03057319 
-0.06342527 0.50355499 0.41070362 -0.56186252 -0.01755398 -0.01755398 -0.01755398 

----------
0.34904710 0.00148304 0.70716283 -0.61495173 0.13818136 0.09219925 0.05187241 
0.40067859 0.05628260 0.70350058 0.58465622 0.06219042 -0.03255598 0.05235982 
-0.12209247 0.45116640 0.54454895 -0.69648858 -0.06154682 -0.07695657 0.05187242 

----------
iteration: 12430, probabilities: [0.000003 0.000032 0.999755 0.000152 0.000059], probability: 0.9997546076774597