0.23975930 -0.38816037 0.38392852 -0.93353264 0.00441586 0.05789008 0.18063383 
0.86109113 -0.70105802 0.85462093 0.31897289 -0.00655739 0.04138370 0.15592618 
0.46377581 0.48240758 0.05137468 -0.19422063 0.05176473 0.00564641 0.17465215 

----------
0.23975930 -0.38816037 0.38392852 -0.93353264 0.00441586 0.00441586 0.00441586 
0.86109113 -0.70105802 0.85462093 0.31897289 -0.00655739 -0.00655739 -0.00655739 
0.46377581 0.48240758 0.05137468 -0.19422063 0.05176473 0.05176473 0.05176473 

----------
0.46382521 -0.13844713 0.69351681 -0.53377653 0.04213219 -0.11281771 0.05187241 
0.70606426 -0.63914117 0.30296680 0.04092680 -0.12989971 0.02889285 0.05174233 
0.64961481 0.70221510 0.08039093 -0.28007895 0.06932478 0.08252053 0.05225624 

----------
iteration: 15412, probabilities: [0.000003 0.000029 0.999800 0.000117 0.000051], probability: 0.9998000264167786