0.48684459 -0.23694458 0.34896925 -0.63934591 -0.01835650 0.05154499 0.15244617 
0.74180924 0.35461413 0.71770593 -0.13242282 -0.01657714 -0.03276407 0.15039770 
0.08055234 0.33505867 0.29653689 -0.91910071 0.01175215 -0.02534681 0.17258951 

----------
0.48684459 -0.23694458 0.34896925 -0.63934591 -0.01835650 -0.01835650 -0.01835650 
0.74180924 0.35461413 0.71770593 -0.13242282 -0.01657714 -0.01657714 -0.01657714 
0.08055234 0.33505867 0.29653689 -0.91910071 0.01175215 0.01175215 0.01175215 

----------
0.49362930 -0.17795288 0.68443182 -0.50631591 0.09475962 -0.07234187 0.05187205 
0.70329139 0.56566794 0.42253877 0.08478342 -0.12509228 -0.10649357 0.05230116 
-0.04233163 0.00001299 -0.00018368 -0.99922082 0.03533411 0.10983777 0.05201400 

----------
iteration: 16100, probabilities: [0.000005 0.000035 0.999477 0.000350 0.000133], probability: 0.9994774460792542