-0.09612125 -0.22243667 0.24155225 -0.76582869 -0.02595390 0.07100794 0.19646517 
0.38978926 -0.50213190 0.14905925 -0.23594991 -0.05326565 -0.05649195 0.17543625 
0.48821061 0.38195623 -0.42002088 -0.59412480 0.00184890 -0.02050490 0.19964730 

----------
-0.09612125 -0.22243667 0.24155225 -0.76582869 -0.02595390 -0.02595390 -0.02595390 
0.38978926 -0.50213190 0.14905925 -0.23594991 -0.05326565 -0.05326565 -0.05326565 
0.48821061 0.38195623 -0.42002088 -0.59412480 0.00184890 0.00184890 0.00184890 

----------
-0.00719859 0.34526688 -0.61703809 -0.70735442 -0.16808570 0.16559050 0.05222047 
0.69641850 -0.54425214 0.45154223 -0.12256408 -0.02614880 -0.15360627 0.05187252 
0.31345571 0.58704796 -0.39366557 -0.63420746 0.03294164 -0.01317814 0.05225626 

----------
iteration: 17853, probabilities: [0.000003 0.000031 0.999821 0.000101 0.000044], probability: 0.9998206496238708