-0.15780669 -0.32331769 0.04431094 -0.99171228 0.02247692 -0.03827073 0.19379214 
0.84193819 0.17718190 0.09105834 0.24657814 -0.03949204 0.08294245 0.15574241 
0.27836997 0.09004376 -0.04332383 -0.60811474 -0.00505756 0.04068331 0.19679722 

----------
-0.15780669 -0.32331769 0.04431094 -0.99171228 0.02247692 0.02247692 0.02247692 
0.84193819 0.17718190 0.09105834 0.24657814 -0.03949204 -0.03949204 -0.03949204 
0.27836997 0.09004376 -0.04332383 -0.60811474 -0.00505756 -0.00505756 -0.00505756 

----------
-0.18356983 -0.00996524 -0.01017150 -0.98300689 0.05770247 0.06603516 0.05286062 
0.98113916 -0.00002003 0.00009396 0.19356003 -0.05379058 -0.07201407 0.05201143 
0.43056822 0.00012023 -0.00006362 -0.90259129 -0.05344417 0.03573870 0.05201211 

----------
iteration: 19257, probabilities: [0.000003 0.000030 0.999713 0.000178 0.000076], probability: 0.9997133612632751