-0.47564916 -0.11758654 0.44738790 -0.61742553 -0.01406883 -0.00388094 0.14886057 
0.37631731 -0.49150096 0.81039842 0.23667780 -0.02534903 -0.00515529 0.13722244 
0.00828978 0.92061533 -0.39118726 -0.23081738 -0.03659883 -0.02757685 0.17016016 

----------
-0.47564916 -0.11758654 0.44738790 -0.61742553 -0.01406883 -0.01406883 -0.01406883 
0.37631731 -0.49150096 0.81039842 0.23667780 -0.02534903 -0.02534903 -0.02534903 
0.00828978 0.92061533 -0.39118726 -0.23081738 -0.03659883 -0.03659883 -0.03659883 

----------
0.01030393 0.34140820 0.61936473 -0.70709553 -0.15496697 -0.08071738 0.05187241 
0.00116420 -0.31137784 0.95056596 0.00039088 0.09828739 -0.00846254 0.05195849 
-0.00051314 0.90155641 -0.43283581 -0.00091904 -0.08897303 0.06427171 0.05195181 

----------
iteration: 19041, probabilities: [0.000003 0.000031 0.999881 0.000061 0.000024], probability: 0.9998805522918701