-0.29845200 -0.28036577 0.49953757 -0.97067124 -0.04063430 0.02722419 0.13956507 
0.78549078 -0.02973247 0.56904086 0.14316489 -0.03157424 0.03746059 0.17527971 
0.13565666 0.80858770 -0.13433037 -0.35570201 0.02197012 0.05244976 0.16204757 

----------
-0.29845200 -0.28036577 0.49953757 -0.97067124 -0.04063430 -0.04063430 -0.04063430 
0.78549078 -0.02973247 0.56904086 0.14316489 -0.03157424 -0.03157424 -0.03157424 
0.13565666 0.80858770 -0.13433037 -0.35570201 0.02197012 0.02197012 0.02197012 

----------
0.20543642 0.15681482 0.68961181 -0.67666039 -0.09168819 -0.14423459 0.05187241 
0.60764049 -0.70664515 -0.03119146 0.36196764 -0.23827778 0.06820304 0.05170147 
0.55596185 0.69937504 -0.10263312 -0.43753895 0.08566910 0.09718530 0.05225625 

----------
iteration: 19716, probabilities: [0.000004 0.000034 0.999869 0.000065 0.000028], probability: 0.9998693466186523