0.57534526 0.40483890 -0.55828666 0.43977188 -0.09766777 -0.05687925 0.13504397 
0.71826627 0.07020364 -0.68465077 -0.10207028 -0.05434550 -0.03274169 0.18538753 
0.28858737 -0.08677858 0.00739359 -0.95348421 -0.09364826 0.03138941 0.18210732 

----------
0.57534526 0.40483890 -0.55828666 0.43977188 -0.09766777 -0.09766777 -0.09766777 
0.71826627 0.07020364 -0.68465077 -0.10207028 -0.05434550 -0.05434550 -0.05434550 
0.28858737 -0.08677858 0.00739359 -0.95348421 -0.09364826 -0.09364826 -0.09364826 

----------
0.55800612 0.41127140 -0.57487214 0.43476038 -0.16714988 -0.08431975 0.05152262 
0.60647212 0.16977397 -0.68388723 -0.36837603 -0.02971621 -0.04301101 0.05253871 
0.30110293 0.00009083 0.00003240 -0.95364074 -0.06097096 -0.14449535 0.05201078 

----------
iteration: 169, probabilities: [0.000004 0.000026 0.999579 0.000285 0.000106], probability: 0.9995788931846619