0.41851480 -0.82880944 0.35748885 0.10060814 0.03415960 0.09794736 0.12987359 
0.05506398 -0.29472602 -0.92457027 0.23510496 -0.00253806 0.04697752 0.11426552 
0.11619558 -0.21244584 0.17777413 -0.95381430 0.09575491 0.02149783 0.10422701 

----------
0.41851480 -0.82880944 0.35748885 0.10060814 0.03415960 0.03415960 0.03415960 
0.05506398 -0.29472602 -0.92457027 0.23510496 -0.00253806 -0.00253806 -0.00253806 
0.11619558 -0.21244584 0.17777413 -0.95381430 0.09575491 0.09575491 0.09575491 

----------
0.69533349 -0.66778334 0.23274071 0.12871534 0.05801009 -0.05237159 0.05187406 
-0.00110563 -0.33295019 -0.94303654 0.00082103 -0.06675008 -0.01430872 0.05198844 
0.11363257 0.00009532 0.00001123 -0.99364444 0.07507000 0.14312560 0.05201145 

----------
iteration: 109, probabilities: [0.000021 0.000161 0.999308 0.000458 0.000052], probability: 0.9993077516555786