0.74948960 0.60720094 -0.26376536 -0.00044256 0.02463740 -0.09074369 0.12690746 
0.53327971 0.21796035 0.56186874 -0.59364094 0.06604952 0.03536277 0.14857489 
-0.31297772 -0.93751994 0.04535823 0.14506529 0.01912304 -0.05093067 0.10319749 

----------
0.74948960 0.60720094 -0.26376536 -0.00044256 0.02463740 0.02463740 0.02463740 
0.53327971 0.21796035 0.56186874 -0.59364094 0.06604952 0.06604952 0.06604952 
-0.31297772 -0.93751994 0.04535823 0.14506529 0.01912304 0.01912304 0.01912304 

----------
0.63270298 0.70568524 0.04040091 -0.31652138 0.12116276 -0.06691105 0.05225625 
0.37731343 -0.04995544 0.70544474 -0.59818010 0.13752987 0.11347065 0.05170508 
-0.57489012 -0.70327502 0.07140750 0.41231687 -0.01715765 0.08999931 0.05225525 

----------
iteration: 421, probabilities: [0.000000 0.000009 0.999945 0.000020 0.000026], probability: 0.999944806098938