-0.93580486 -0.98133729 0.92373266 -0.93082481 0.09254716 0.05378685 0.11304323 
0.83377744 -0.67853063 -0.62711322 -0.66618501 0.09346789 -0.09881826 0.19458289 
-0.92335264 0.96840989 0.94108289 -0.70734617 0.09872607 -0.09871991 0.11526674 

----------
-0.93580486 -0.98133729 0.92373266 -0.93082481 0.09254716 0.09254716 0.09254716 
0.83377744 -0.67853063 -0.62711322 -0.66618501 0.09346789 0.09346789 0.09346789 
-0.92335264 0.96840989 0.94108289 -0.70734617 0.09872607 0.09872607 0.09872607 

----------
-0.66511823 -0.51525382 0.48289760 -0.24294362 0.04159721 0.08964832 0.05223641 
0.80064059 0.16576353 0.19868941 -0.54098086 0.13438688 0.01825318 0.06970122 
-0.42313770 0.64829530 0.28249207 -0.56653389 0.16930441 0.14358437 0.05187238 

----------
iteration: 804, probabilities: [0.000008 0.002723 0.997185 0.000062 0.000022], probability: 0.997184693813324