-0.89656201 0.86985278 0.90572419 0.92674076 0.08695338 0.09103842 0.10364174 
0.92082309 -0.99901990 -0.96343018 0.93424319 -0.09964214 -0.09954002 0.10192911 
0.95411758 0.99383165 -0.99595347 0.99870927 0.09725424 -0.09656567 0.10221072 

----------
-0.89656201 0.86985278 0.90572419 0.92674076 0.08695338 0.08695338 0.08695338 
0.92082309 -0.99901990 -0.96343018 0.93424319 -0.09964214 -0.09964214 -0.09964214 
0.95411758 0.99383165 -0.99595347 0.99870927 0.09725424 0.09725424 0.09725424 

----------
-0.53897760 0.53629992 0.46028624 0.45831437 0.09678154 0.03000340 0.05174966 
0.36055727 -0.61460780 -0.34975036 0.60826357 -0.09682812 -0.07401256 0.05187241 
0.48171575 0.48995718 -0.50968043 0.51785150 0.09584668 0.15662079 0.05147722 

----------
iteration: 502, probabilities: [0.000001 0.000042 0.999916 0.000027 0.000012], probability: 0.9999164342880249