-0.99129917 0.33095937 -0.32516383 -0.49299149 0.09977279 -0.07085783 0.15008607 
-0.81340352 0.77800559 0.13323818 -0.54532693 -0.08356134 -0.03797945 0.16384947 
0.58743531 0.73019215 0.35436596 0.63431996 0.05412886 0.09931543 0.12747507 

----------
-0.99129917 0.33095937 -0.32516383 -0.49299149 0.09977279 0.09977279 0.09977279 
-0.81340352 0.77800559 0.13323818 -0.54532693 -0.08356134 -0.08356134 -0.08356134 
0.58743531 0.73019215 0.35436596 0.63431996 0.05412886 0.05412886 0.05412886 

----------
-0.98152489 -0.00010861 -0.00007238 -0.19180832 0.13191155 0.07595156 0.05201242 
-0.56908610 0.70230628 0.08256897 -0.41966360 -0.09060124 -0.08059954 0.05187359 
0.64892455 0.42239622 0.56670786 0.28177177 0.02142603 0.08977859 0.05225421 

----------
iteration: 607, probabilities: [0.000002 0.000036 0.999912 0.000035 0.000015], probability: 0.9999120235443115