-0.53893064 -0.12889972 -0.34974252 0.21558531 -0.00598110 -0.06668530 0.11194044 
-0.99800103 0.73310003 0.31041055 -0.51253150 -0.04490670 0.01002483 0.17710921 
0.23008572 0.94280292 0.10988599 0.16378648 0.02618938 0.05424065 0.13456682 

----------
-0.53893064 -0.12889972 -0.34974252 0.21558531 -0.00598110 -0.00598110 -0.00598110 
-0.99800103 0.73310003 0.31041055 -0.51253150 -0.04490670 -0.04490670 -0.04490670 
0.23008572 0.94280292 0.10988599 0.16378648 0.02618938 0.02618938 0.02618938 

----------
-0.72500865 -0.44940059 -0.17470621 0.49199455 0.02747168 -0.02542866 0.08138732 
-0.53275021 0.68273612 0.18433306 -0.46491238 -0.09225172 -0.03362738 0.05192816 
0.16718312 0.97379911 0.11970278 -0.09773064 0.04088329 0.08894107 0.06750877 

----------
iteration: 426, probabilities: [0.000002 0.000032 0.999904 0.000044 0.000018], probability: 0.9999043941497803