0.58595955 0.07471988 0.97558215 0.34220589 -0.01799081 -0.03259861 0.17527389 
0.37084358 -0.44967070 0.31728886 0.49265686 0.00367326 -0.00816777 0.18404893 
0.81055656 -0.03784729 -0.29920095 -0.97569253 -0.02386567 -0.02107637 0.14963906 

----------
0.58595955 0.07471988 0.97558215 0.34220589 -0.01799081 -0.01799081 -0.01799081 
0.37084358 -0.44967070 0.31728886 0.49265686 0.00367326 0.00367326 0.00367326 
0.81055656 -0.03784729 -0.29920095 -0.97569253 -0.02386567 -0.02386567 -0.02386567 

----------
0.60667458 0.26648502 0.61961492 0.42099674 -0.07978229 -0.02089624 0.05619290 
0.58904839 -0.60871466 0.34324514 0.40586803 0.01285414 0.03970781 0.08820969 
0.58418989 0.00007775 0.00005588 -0.81171535 0.00434155 -0.12293405 0.05201145 

----------
iteration: 117, probabilities: [0.000003 0.000033 0.999730 0.000174 0.000059], probability: 0.9997302889823914