0.18444303 0.64183637 0.97758724 -0.68569979 0.00818982 0.03684801 0.16689924 
0.81160974 -0.87401621 -0.76809427 -0.42986099 0.00753614 0.02337169 0.16614326 
0.56807534 0.05329132 -0.44880977 -0.61873939 -0.02001828 -0.01865124 0.16225848 

----------
0.18444303 0.64183637 0.97758724 -0.68569979 0.00818982 0.00818982 0.00818982 
0.81160974 -0.87401621 -0.76809427 -0.42986099 0.00753614 0.00753614 0.00753614 
0.56807534 0.05329132 -0.44880977 -0.61873939 -0.02001828 -0.02001828 -0.02001828 

----------
0.01213714 0.33915406 0.62056326 -0.70704029 0.03627338 0.10271754 0.05186610 
0.67077530 -0.69422152 0.13527253 0.22393257 0.16298080 -0.04292509 0.05184632 
0.15238786 0.47567320 -0.52288105 -0.69088547 -0.13755947 -0.07582251 0.05225673 

----------
iteration: 1735, probabilities: [0.000005 0.000036 0.999121 0.000593 0.000244], probability: 0.9991210103034973