0.07263860 0.44117067 0.99357149 0.25876928 0.00880404 0.05479179 0.14260107 
-0.30044970 -0.75293177 -0.75777246 0.25674534 0.05312543 0.03273081 0.13125874 
0.76928082 -0.48524391 -0.40633314 -0.80660166 -0.00960160 -0.01714195 0.16790814 

----------
0.07263860 0.44117067 0.99357149 0.25876928 0.00880404 0.00880404 0.00880404 
-0.30044970 -0.75293177 -0.75777246 0.25674534 0.05312543 0.05312543 0.05312543 
0.76928082 -0.48524391 -0.40633314 -0.80660166 -0.00960160 -0.00960160 -0.00960160 

----------
0.00082368 0.32384267 0.94625419 -0.00032275 -0.00515692 0.09621255 0.05194929 
-0.00015604 -0.75117566 -0.66034678 -0.00000684 0.09733537 0.00473786 0.05196824 
-0.20521271 0.15894083 -0.68880631 -0.67711147 -0.12865275 -0.02613812 0.05225626 

----------
iteration: 2456, probabilities: [0.000002 0.000027 0.999846 0.000083 0.000041], probability: 0.9998462200164795