0.54225714 0.43787334 0.94540861 0.34042780 -0.03827487 -0.00261103 0.15281030 
0.35076479 -0.82769577 -0.75748082 0.59299024 -0.00042146 -0.01757900 0.15749560 
0.11210441 0.22707494 -0.41454407 -0.91145897 -0.01573764 -0.00154657 0.15291200 

----------
0.54225714 0.43787334 0.94540861 0.34042780 -0.03827487 -0.03827487 -0.03827487 
0.35076479 -0.82769577 -0.75748082 0.59299024 -0.00042146 -0.00042146 -0.00042146 
0.11210441 0.22707494 -0.41454407 -0.91145897 -0.01573764 -0.01573764 -0.01573764 

----------
0.59868427 0.33172649 0.62445096 0.37650585 -0.11912177 -0.08161386 0.05225726 
0.25052842 -0.54477437 -0.45091880 0.66125207 -0.00462173 0.08661955 0.05186386 
0.00905584 0.35966258 -0.60847814 -0.70738719 0.03971838 -0.02444208 0.05225582 

----------
iteration: 2711, probabilities: [0.000003 0.000030 0.999782 0.000131 0.000054], probability: 0.9997816681861877