-0.57189705 0.09488887 0.99694219 -0.07619987 -0.00740622 -0.02363083 0.13880183 
0.46464943 -0.34553143 -0.32280048 0.09094032 0.01516705 -0.00464393 0.16473351 
0.41958828 0.60117953 0.31888223 -0.62926471 -0.01410689 0.01796722 0.11404245 

----------
-0.57189705 0.09488887 0.99694219 -0.07619987 -0.00740622 -0.00740622 -0.00740622 
0.46464943 -0.34553143 -0.32280048 0.09094032 0.01516705 0.01516705 0.01516705 
0.41958828 0.60117953 0.31888223 -0.62926471 -0.01410689 -0.01410689 -0.01410689 

----------
-0.70483467 0.00881204 0.70724801 -0.05514262 0.07560145 -0.07550576 0.05141028 
0.52649779 -0.69127142 -0.14920285 0.47205486 0.06369371 0.11349798 0.05187241 
0.61084395 0.70703882 -0.00728991 -0.35680555 -0.15296825 0.02420625 0.05225501 

----------
iteration: 2065, probabilities: [0.000002 0.000028 0.999854 0.000078 0.000037], probability: 0.9998544454574585