-0.19495298 0.04964274 0.85866616 0.26508695 0.05526599 -0.06204469 0.14610460 
0.97927611 -0.79962748 -0.25846800 0.41532175 0.02754321 -0.00463557 0.13437231 
0.09970004 -0.32889927 0.34696455 -0.09933586 -0.06416741 -0.01556621 0.18421202 

----------
-0.19495298 0.04964274 0.85866616 0.26508695 0.05526599 0.05526599 0.05526599 
0.97927611 -0.79962748 -0.25846800 0.41532175 0.02754321 0.02754321 0.02754321 
0.09970004 -0.32889927 0.34696455 -0.09933586 -0.06416741 -0.06416741 -0.06416741 

----------
0.00096914 -0.10909940 0.99411472 0.00005723 0.07145963 0.04000398 0.05195058 
0.57931812 -0.70415829 -0.06521695 0.40542577 -0.00961704 0.11174343 0.05187130 
-0.00036017 -0.93263959 0.36113533 0.00005750 -0.04752854 -0.08589811 0.05198257 

----------
iteration: 3978, probabilities: [0.000002 0.000031 0.999894 0.000049 0.000023], probability: 0.9998944997787476