-0.16801737 0.39114753 0.67350731 -0.09126969 -0.00840455 0.04749403 0.17358739 
0.84301177 -0.57822138 0.18701048 0.13239507 -0.02097231 -0.02531057 0.18353193 
0.83329256 -0.26885754 -0.37162949 -0.73435979 -0.00935242 -0.00311972 0.13318301 

----------
-0.16801737 0.39114753 0.67350731 -0.09126969 -0.00840455 -0.00840455 -0.00840455 
0.84301177 -0.57822138 0.18701048 0.13239507 -0.02097231 -0.02097231 -0.02097231 
0.83329256 -0.26885754 -0.37162949 -0.73435979 -0.00935242 -0.00935242 -0.00935242 

----------
-0.01125704 0.52733895 0.84976799 -0.00278628 -0.09756692 0.03827570 0.05279258 
0.69752539 -0.66338174 0.24491877 0.11591774 -0.03278886 -0.07820403 0.05187241 
0.61542265 0.00007556 0.00005846 -0.78841339 0.08549540 -0.01542901 0.05201145 

----------
iteration: 3015, probabilities: [0.000003 0.000033 0.999686 0.000201 0.000077], probability: 0.9996861219406128