-0.04346688 -0.25428356 0.36626906 -0.19416047 0.03352187 -0.04149708 0.16394639 
0.51051292 -0.81549287 0.10647106 -0.11250524 0.00843620 0.00187450 0.16578548 
0.29474543 0.68163274 -0.59231869 -0.62143890 0.03397556 0.01483971 0.13146749 

----------
-0.04346688 -0.25428356 0.36626906 -0.19416047 0.03352187 0.03352187 0.03352187 
0.51051292 -0.81549287 0.10647106 -0.11250524 0.00843620 0.00843620 0.00843620 
0.29474543 0.68163274 -0.59231869 -0.62143890 0.03397556 0.03397556 0.03397556 

----------
0.29031721 0.05943270 0.70471218 -0.64486267 -0.04696324 0.11923593 0.05179231 
0.70491966 -0.64092779 0.29893235 0.05555485 0.10163897 -0.07358259 0.05184948 
0.26423092 0.55535028 -0.43723782 -0.65623774 -0.03204234 -0.01459960 0.05225627 

----------
iteration: 3623, probabilities: [0.000004 0.000031 0.999629 0.000233 0.000104], probability: 0.9996286630630493