0.03668006 -0.01424908 0.51398075 -0.38806607 -0.00168999 0.01480654 0.14470185 
0.91537159 -0.33597628 -0.18654570 -0.17498832 0.01979148 -0.06030321 0.18672054 
0.95329813 0.07390043 -0.54878630 -0.69747811 0.02206429 0.00433660 0.16572394 

----------
0.03668006 -0.01424908 0.51398075 -0.38806607 -0.00168999 -0.00168999 -0.00168999 
0.91537159 -0.33597628 -0.18654570 -0.17498832 0.01979148 0.01979148 0.01979148 
0.95329813 0.07390043 -0.54878630 -0.69747811 0.02206429 0.02206429 0.02206429 

----------
0.21851142 0.14339496 0.69247611 -0.67249989 -0.08849627 -0.00966337 0.05187241 
0.99465629 0.00001319 0.00009554 -0.10450209 0.04441875 0.05346326 0.05201148 
0.45476247 -0.14473661 0.69225394 -0.54165555 0.21374457 -0.14840192 0.05170245 

----------
iteration: 5430, probabilities: [0.000018 0.000088 0.982182 0.014608 0.003105], probability: 0.9821817278862