-0.04910550 0.07983842 0.97026878 -0.14870775 0.01528819 -0.02418339 0.18196960 
0.53140762 -0.59832029 0.15586337 0.29238809 0.01292412 0.00199920 0.14060823 
0.99170089 0.47013991 -0.60775913 0.31461341 -0.02287379 -0.08670082 0.16248076 

----------
-0.04910550 0.07983842 0.97026878 -0.14870775 0.01528819 0.01528819 0.01528819 
0.53140762 -0.59832029 0.15586337 0.29238809 0.01292412 0.01292412 0.01292412 
0.99170089 0.47013991 -0.60775913 0.31461341 -0.02287379 -0.02287379 -0.02287379 

----------
0.00095348 0.07754796 0.99705535 -0.00012756 -0.01590516 0.06447180 0.05195064 
0.66403904 -0.69728608 0.11788350 0.24305269 0.06604656 -0.03447536 0.05187241 
0.66417641 0.41733071 -0.57085333 0.24264015 -0.08136014 -0.05799597 0.05184489 

----------
iteration: 5980, probabilities: [0.000003 0.000030 0.999808 0.000114 0.000045], probability: 0.9998082518577576