-0.10695932 -0.07288618 -0.98075284 0.14379446 0.03377847 -0.00644915 0.11588205 
-0.92877046 -0.32679858 0.10501029 -0.13646222 0.09204744 -0.03248255 0.10319605 
0.52010366 -0.48465321 -0.50316917 -0.49362077 -0.07610012 -0.02901155 0.15503726 

----------
-0.10695932 -0.07288618 -0.98075284 0.14379446 0.03377847 0.03377847 0.03377847 
-0.92877046 -0.32679858 0.10501029 -0.13646222 0.09204744 0.09204744 0.09204744 
0.52010366 -0.48465321 -0.50316917 -0.49362077 -0.07610012 -0.07610012 -0.07610012 

----------
-0.00038575 -0.07594445 -0.99718404 -0.00004776 0.02212153 0.01060538 0.05195781 
-0.99664717 0.00000815 -0.00009550 -0.08360694 0.13295176 0.15138277 0.05201145 
0.51436743 -0.49177890 -0.50736701 -0.48597129 -0.08382426 -0.08404650 0.05157661 

----------
iteration: 61, probabilities: [0.000016 0.000026 0.999887 0.000031 0.000039], probability: 0.999887228012085