0.53178464 0.72957752 -0.29644704 -0.06815167 -0.06721691 -0.03904718 0.13472653 
0.45928925 -0.39299706 0.45502086 0.24482456 0.04991245 0.03613963 0.14121099 
0.58829494 0.35415803 -0.45453236 0.35577930 0.02525083 -0.06377522 0.14465311 

----------
0.53178464 0.72957752 -0.29644704 -0.06815167 -0.06721691 -0.06721691 -0.06721691 
0.45928925 -0.39299706 0.45502086 0.24482456 0.04991245 0.04991245 0.04991245 
0.58829494 0.35415803 -0.45453236 0.35577930 0.02525083 0.02525083 0.02525083 

----------
0.70517037 0.70701437 -0.02142653 -0.05085998 -0.03744512 -0.07388797 0.05074871 
0.70469419 -0.46856984 0.45609563 0.27541512 0.07393479 0.01525224 0.09129260 
0.64277465 0.44205505 -0.55195178 0.29463037 -0.01757377 0.04433771 0.05159318 

----------
iteration: 244, probabilities: [0.000002 0.000032 0.999853 0.000083 0.000030], probability: 0.9998526573181152