0.53604039 0.69356264 -0.32025171 -0.03467333 -0.06797858 -0.03339818 0.13667076 
0.43159590 -0.32935661 0.40715182 0.17526618 0.04162994 0.02959884 0.14114901 
0.58321841 0.31186156 -0.38988802 0.37457259 0.02440181 -0.06291218 0.14178228 

----------
0.53604039 0.69356264 -0.32025171 -0.03467333 -0.06797858 -0.06797858 -0.06797858 
0.43159590 -0.32935661 0.40715182 0.17526618 0.04162994 0.04162994 0.04162994 
0.58321841 0.31186156 -0.38988802 0.37457259 0.02440181 0.02440181 0.02440181 

----------
0.50175239 0.68200580 -0.18283610 -0.49990562 -0.07706560 -0.09659696 0.05229556 
0.70079093 -0.56209709 0.42911328 -0.09442265 0.00481209 -0.00017929 0.05186977 
0.54704022 0.69716853 -0.11669750 -0.44864908 0.11194357 0.03786543 0.05225627 

----------
iteration: 362, probabilities: [0.000003 0.000036 0.999632 0.000244 0.000084], probability: 0.9996324777603149