0.55562408 0.52783314 -0.42979356 0.11938377 -0.07148356 -0.00740324 0.14561753 
0.30415953 -0.03650266 0.18687308 -0.14482022 0.00351636 -0.00049991 0.14086379 
0.55985778 0.11722609 -0.09241449 0.46105357 0.02049486 -0.05894075 0.12857161 

----------
0.55562408 0.52783314 -0.42979356 0.11938377 -0.07148356 -0.07148356 -0.07148356 
0.30415953 -0.03650266 0.18687308 -0.14482022 0.00351636 0.00351636 0.00351636 
0.55985778 0.11722609 -0.09241449 0.46105357 0.02049486 0.02049486 0.02049486 

----------
0.65000560 0.70221325 0.08118838 -0.27939533 -0.00077031 -0.11827081 0.05225679 
0.59027618 -0.32207365 0.62958923 -0.38947445 -0.02252470 0.06198231 0.05184654 
0.74093552 -0.00006606 0.00007085 0.67175848 0.09359909 0.04531990 0.05201146 

----------
iteration: 905, probabilities: [0.000002 0.000033 0.999875 0.000065 0.000025], probability: 0.9998745918273926