0.59360127 0.20644609 -0.64222001 0.41813538 -0.07828051 0.04300685 0.16296734 
0.05703154 0.53140749 -0.24029730 -0.76554028 -0.07039450 -0.05886821 0.14031069 
0.51455621 -0.26021615 0.48445409 0.62875977 0.01291840 -0.05123924 0.10295312 

----------
0.59360127 0.20644609 -0.64222001 0.41813538 -0.07828051 -0.07828051 -0.07828051 
0.05703154 0.53140749 -0.24029730 -0.76554028 -0.07039450 -0.07039450 -0.07039450 
0.51455621 -0.26021615 0.48445409 0.62875977 0.01291840 0.01291840 0.01291840 

----------
0.04516464 -0.38871657 -0.59082441 0.70571051 -0.20940757 0.01441193 0.05187043 
0.49650333 0.00034872 0.00198213 -0.86816897 0.06667273 -0.11359181 0.05213191 
0.44099739 0.10697055 0.69875892 0.55326633 0.07645167 0.01433318 0.05225625 

----------
iteration: 1958, probabilities: [0.000003 0.000032 0.999813 0.000113 0.000040], probability: 0.999812662601471