0.58527009 0.27694980 -0.59561933 0.35259728 -0.07678944 0.03194823 0.15916126 
0.11124480 0.40682322 -0.14658756 -0.62937092 -0.05418043 -0.04606377 0.14043203 
0.52449416 -0.17741543 0.35790457 0.59196952 0.01458047 -0.05292875 0.10857313 

----------
0.58527009 0.27694980 -0.59561933 0.35259728 -0.07678944 -0.07678944 -0.07678944 
0.11124480 0.40682322 -0.14658756 -0.62937092 -0.05418043 -0.05418043 -0.05418043 
0.52449416 -0.17741543 0.35790457 0.59196952 0.01458047 0.01458047 0.01458047 

----------
0.60918174 0.30869102 -0.63626152 0.35886350 -0.12732419 -0.04188822 0.05138151 
0.04572513 0.00010648 0.00007952 -0.99908873 0.07163965 -0.13335780 0.05201273 
0.41306704 0.07227968 0.70316656 0.57438291 0.08455665 0.04709884 0.05225557 

----------
iteration: 1727, probabilities: [0.000002 0.000033 0.999883 0.000061 0.000021], probability: 0.9998834133148193