0.57354873 0.37614333 -0.53005561 0.26038999 -0.07469162 0.01638956 0.15380638 
0.18751887 0.23154231 -0.01474485 -0.43779066 -0.03136844 -0.02804886 0.14060274 
0.53847613 -0.06092091 0.17985872 0.54020835 0.01691888 -0.05530575 0.11648007 

----------
0.57354873 0.37614333 -0.53005561 0.26038999 -0.07469162 -0.07469162 -0.07469162 
0.18751887 0.23154231 -0.01474485 -0.43779066 -0.03136844 -0.03136844 -0.03136844 
0.53847613 -0.06092091 0.17985872 0.54020835 0.01691888 0.01691888 0.01691888 

----------
0.66002432 0.70145290 -0.08865140 -0.25421578 -0.04319556 -0.09541023 0.05175872 
0.76351608 0.00000285 0.00007017 -0.64605953 0.07453269 -0.06206590 0.05200641 
0.52731512 -0.00008199 0.00004992 0.84976025 -0.00079726 0.03479557 0.05201145 

----------
iteration: 1402, probabilities: [0.000003 0.000036 0.999733 0.000173 0.000055], probability: 0.9997332692146301