0.58884060 0.24673392 -0.61559105 0.38068504 -0.07742847 0.03668764 0.16079244 
0.08801054 0.46021648 -0.18674887 -0.68772921 -0.06112932 -0.05155139 0.14038003 
0.52023504 -0.21290146 0.41214008 0.60773677 0.01386815 -0.05220467 0.10616455 

----------
0.58884060 0.24673392 -0.61559105 0.38068504 -0.07742847 -0.07742847 -0.07742847 
0.08801054 0.46021648 -0.18674887 -0.68772921 -0.06112932 -0.06112932 -0.06112932 
0.52023504 -0.21290146 0.41214008 0.60773677 0.01386815 0.01386815 0.01386815 

----------
0.59639118 0.27080181 -0.65267867 0.38083864 -0.09747783 -0.13630389 0.05183745 
0.17661866 0.49379518 -0.50583966 -0.68511931 -0.08606209 0.04655454 0.05225625 
0.29534095 -0.20557962 0.36468929 0.85901702 0.04483907 -0.01596891 0.07194987 

----------
iteration: 1826, probabilities: [0.000003 0.000033 0.999826 0.000103 0.000035], probability: 0.9998263716697693