0.59417832 0.20156271 -0.64544776 0.42267482 -0.07838378 0.04377282 0.16323097 
0.05327651 0.54003671 -0.24678801 -0.77497192 -0.07151755 -0.05975510 0.14030229 
0.51386787 -0.26595127 0.49321942 0.63130802 0.01280327 -0.05112222 0.10256386 

----------
0.59417832 0.20156271 -0.64544776 0.42267482 -0.07838378 -0.07838378 -0.07838378 
0.05327651 0.54003671 -0.24678801 -0.77497192 -0.07151755 -0.07151755 -0.07151755 
0.51386787 -0.26595127 0.49321942 0.63130802 0.01280327 0.01280327 0.01280327 

----------
0.30040820 -0.07313192 -0.70268187 0.64086462 -0.07228140 -0.09361637 0.05213346 
0.31863047 0.19512945 -0.67770574 -0.63351362 -0.10513246 0.03961264 0.05156375 
0.40406279 0.06151391 0.70438596 0.58054485 0.08510407 0.01999186 0.05225273 

----------
predicted 4 mugs - WRONG, the actual number of mugs is 3!
----------
iteration: 1974, probabilities: [0.000061 0.000125 0.248926 0.720168 0.030720], probability: 0.24892570078372955