0.58465697 0.28213838 -0.59218985 0.34777413 -0.07667971 0.03113439 0.15888116 
0.11523452 0.39765468 -0.13969117 -0.61934980 -0.05298719 -0.04512145 0.14044096 
0.52522552 -0.17132187 0.34859140 0.58926202 0.01470278 -0.05305308 0.10898672 

----------
0.58465697 0.28213838 -0.59218985 0.34777413 -0.07667971 -0.07667971 -0.07667971 
0.11523452 0.39765468 -0.13969117 -0.61934980 -0.05298719 -0.05298719 -0.05298719 
0.52522552 -0.17132187 0.34859140 0.58926202 0.01470278 0.01470278 0.01470278 

----------
0.60749853 0.30726255 -0.63698555 0.36164707 -0.12705997 -0.04129400 0.05139793 
0.10812334 0.00022319 0.00011841 -0.99430119 0.07531416 -0.12665908 0.05202003 
0.41426169 0.07373046 0.70301091 0.57351830 0.08284714 0.04890744 0.05225626 

----------
iteration: 1710, probabilities: [0.000002 0.000033 0.999884 0.000060 0.000021], probability: 0.9998838901519775