0.57156512 0.39292993 -0.51896022 0.24478568 -0.07433660 0.01375655 0.15290017 
0.20042679 0.20187938 0.00756699 -0.40536938 -0.02750795 -0.02500019 0.14063162 
0.54084230 -0.04120645 0.14972788 0.53144876 0.01731461 -0.05570802 0.11781817 

----------
0.57156512 0.39292993 -0.51896022 0.24478568 -0.07433660 -0.07433660 -0.07433660 
0.20042679 0.20187938 0.00756699 -0.40536938 -0.02750795 -0.02750795 -0.02750795 
0.54084230 -0.04120645 0.14972788 0.53144876 0.01731461 0.01731461 0.01731461 

----------
0.55700798 0.69878712 -0.10134433 -0.43740754 -0.02957456 -0.11107600 0.05229447 
0.90541901 0.00005745 0.00008598 -0.42507038 0.06313251 -0.05872490 0.05201155 
0.65561444 -0.00007225 0.00006281 0.75514507 -0.00778052 0.03678077 0.05201145 

----------
iteration: 1347, probabilities: [0.000002 0.000037 0.999884 0.000059 0.000017], probability: 0.9998840093612671