0.12841431 -0.96540322 -0.09421486 -0.20647023 -0.05698386 0.03410523 0.14115807 
0.17771310 -0.61591449 0.09197407 -0.76197649 -0.05030101 -0.06323673 0.17154552 
0.11890098 0.88795663 0.44400594 -0.01594667 -0.00601850 0.08440081 0.12089308 

----------
0.12841431 -0.96540322 -0.09421486 -0.20647023 -0.05698386 -0.05698386 -0.05698386 
0.17771310 -0.61591449 0.09197407 -0.76197649 -0.05030101 -0.05030101 -0.05030101 
0.11890098 0.88795663 0.44400594 -0.01594667 -0.00601850 -0.00601850 -0.00601850 

----------
0.00007861 -0.99972131 0.02559262 0.00098412 -0.08836504 -0.10499276 0.05195085 
0.63893396 -0.40685688 0.57852542 -0.30298684 0.07309634 -0.13334694 0.05184914 
0.00041150 0.88793220 0.46007942 -0.00092838 -0.03771871 0.04735844 0.05195131 

----------
iteration: 432, probabilities: [0.000000 0.000002 0.999994 0.000000 0.000004], probability: 0.9999935626983643