0.59909436 -0.64945905 -0.46387642 -0.19358715 0.03964206 -0.07433654 0.19006520 
0.58484109 -0.27904943 -0.03095002 -0.76100881 -0.07614908 0.05587935 0.18908581 
-0.03738269 0.35817909 0.13573815 0.92297640 0.09602095 -0.08450978 0.19941563 

----------
0.59909436 -0.64945905 -0.46387642 -0.19358715 0.03964206 0.03964206 0.03964206 
0.58484109 -0.27904943 -0.03095002 -0.76100881 -0.07614908 -0.07614908 -0.07614908 
-0.03738269 0.35817909 0.13573815 0.92297640 0.09602095 0.09602095 0.09602095 

----------
0.69396705 -0.48573349 -0.51052706 0.14842892 0.01799776 -0.00462481 0.05237057 
0.68501580 0.00006979 0.00006560 -0.72874294 -0.11473258 -0.10866866 0.05201145 
0.05482778 0.04111494 0.03939685 0.99700784 0.07918199 0.10901516 0.05518100 

----------
iteration: 1, probabilities: [0.000014 0.000019 0.999143 0.000490 0.000335], probability: 0.9991428852081299