-0.98825701 0.03897812 -0.01763012 -0.18876125 0.08641654 -0.10000000 0.13722842 
-0.77202425 0.94767641 -0.20422895 -0.23478156 -0.05177002 -0.00687911 0.17772608 
0.26701966 0.52844034 -0.00650198 0.26774995 0.02147158 0.09100285 0.13486409 

----------
-0.98825701 0.03897812 -0.01763012 -0.18876125 0.08641654 0.08641654 0.08641654 
-0.77202425 0.94767641 -0.20422895 -0.23478156 -0.05177002 -0.05177002 -0.05177002 
0.26701966 0.52844034 -0.00650198 0.26774995 0.02147158 0.02147158 0.02147158 

----------
-0.99505967 -0.00003158 -0.00013246 -0.09959868 0.10686686 0.11357995 0.05201269 
-0.67340146 0.69187985 -0.14617528 -0.21565187 -0.07835097 -0.08583932 0.05187073 
0.25617745 0.67774440 0.16754537 0.66873572 0.01803742 0.02604643 0.05249834 

----------
iteration: 531, probabilities: [0.000014 0.000060 0.989833 0.007673 0.002419], probability: 0.9898334741592407