-0.51732876 -0.55811151 -0.95793854 0.24005668 -0.05183450 -0.09925868 0.15358473 
-0.63371391 -0.56257936 -0.46945153 0.20176778 0.00741759 0.08390725 0.13694506 
0.93376946 -0.88364559 -0.53825062 -0.98902146 0.02427466 -0.07734516 0.14709155 

----------
-0.51732876 -0.55811151 -0.95793854 0.24005668 -0.05183450 -0.05183450 -0.05183450 
-0.63371391 -0.56257936 -0.46945153 0.20176778 0.00741759 0.00741759 0.00741759 
0.93376946 -0.88364559 -0.53825062 -0.98902146 0.02427466 0.02427466 0.02427466 

----------
-0.67947488 -0.49054095 -0.50911911 -0.19754332 -0.11253755 -0.10469070 0.05225625 
-0.70525515 -0.63926061 -0.30175228 0.05655927 -0.08702898 0.05380062 0.05225625 
0.70228572 -0.65784730 0.25957443 0.08329235 0.17386904 0.00198860 0.05169861 

----------
iteration: 36, probabilities: [0.000002 0.000031 0.999879 0.000063 0.000024], probability: 0.9998792409896851