-0.89114343 -0.85066127 0.86716573 -0.87828180 0.09244240 -0.09027563 0.10682938 
-0.98153736 -0.98687890 -0.80106078 0.99282868 0.08042357 0.09357312 0.11136539 
-0.97391907 0.99929049 0.95915340 0.94224984 0.08739333 -0.09344224 0.10587179 

----------
-0.89114343 -0.85066127 0.86716573 -0.87828180 0.09244240 0.09244240 0.09244240 
-0.98153736 -0.98687890 -0.80106078 0.99282868 0.08042357 0.08042357 0.08042357 
-0.97391907 0.99929049 0.95915340 0.94224984 0.08739333 0.08739333 0.08739333 

----------
-0.47164431 -0.46365346 0.53405102 -0.52667763 0.12482114 0.14812936 0.05159498 
-0.66643337 -0.69571237 -0.12547732 0.23770157 -0.06733093 0.08883403 0.05225625 
-0.51208686 0.51002952 0.48944441 0.48797839 0.11785929 0.02282694 0.05151220 

----------
iteration: 952, probabilities: [0.000001 0.000093 0.999874 0.000022 0.000010], probability: 0.9998741149902344