-0.98940780 0.21963215 0.58223765 -0.99445542 -0.08980010 -0.07193800 0.19742154 
0.46072169 -0.96883833 0.98359007 0.74184198 -0.08719612 0.07350368 0.10022523 
-0.97092821 -0.99502146 -0.97555645 -0.99149646 -0.09985393 -0.05684344 0.19785818 

----------
-0.98940780 0.21963215 0.58223765 -0.99445542 -0.08980010 -0.08980010 -0.08980010 
0.46072169 -0.96883833 0.98359007 0.74184198 -0.08719612 -0.08719612 -0.08719612 
-0.97092821 -0.99502146 -0.97555645 -0.99149646 -0.09985393 -0.09985393 -0.09985393 

----------
-0.74708419 0.00006249 -0.00007126 -0.66486089 0.03393946 -0.01698328 0.05201144 
-0.09256453 -0.42837359 0.56242377 0.70144062 -0.02914979 -0.17246985 0.05224352 
-0.61162333 -0.35318673 -0.61224520 -0.35549588 -0.15721511 -0.02861312 0.05225625 

----------
iteration: 1179, probabilities: [0.000004 0.000035 0.999708 0.000191 0.000061], probability: 0.9997081160545349