-0.92935562 0.72878249 0.71195690 -0.81660663 -0.05630002 -0.08371877 0.16951422 
0.32865073 -0.40189547 0.29181964 0.99949562 -0.07352543 0.09793156 0.10260207 
-0.47590981 -0.67661209 -0.98126552 -0.65643515 -0.09957890 -0.09906268 0.19913856 

----------
-0.92935562 0.72878249 0.71195690 -0.81660663 -0.05630002 -0.05630002 -0.05630002 
0.32865073 -0.40189547 0.29181964 0.99949562 -0.07352543 -0.07352543 -0.07352543 
-0.47590981 -0.67661209 -0.98126552 -0.65643515 -0.09957890 -0.09957890 -0.09957890 

----------
-0.43574475 0.65413641 0.26868450 -0.55687823 0.00548457 -0.07286211 0.05186308 
0.07533816 -0.28453544 0.64727172 0.70323773 -0.07280365 0.07993870 0.05225555 
-0.54320250 -0.24529247 -0.66289835 -0.45322188 -0.16848455 -0.12335679 0.05225627 

----------
iteration: 1608, probabilities: [0.000010 0.000044 0.998783 0.000890 0.000273], probability: 0.9987834095954895