-0.26002083 -0.21438219 -0.37177459 0.27389207 -0.03659065 -0.09985228 0.17360810 
-0.59630541 -0.54327949 -0.97190838 0.47341235 -0.06208852 0.07764498 0.15776515 
0.99168618 -0.25104512 -0.25729077 -0.91894956 0.09222302 -0.09185864 0.17223018 

----------
-0.26002083 -0.21438219 -0.37177459 0.27389207 -0.03659065 -0.03659065 -0.03659065 
-0.59630541 -0.54327949 -0.97190838 0.47341235 -0.06208852 -0.06208852 -0.06208852 
0.99168618 -0.25104512 -0.25729077 -0.91894956 0.09222302 0.09222302 0.09222302 

----------
-0.41964792 -0.21747261 -0.62713379 0.61915793 0.02282027 0.00424754 0.08121349 
-0.36313829 -0.28686464 -0.63716567 0.61639574 -0.07723159 -0.04235306 0.08093099 
0.61426225 -0.05336362 0.01255432 -0.78730693 0.10736692 0.07612872 0.05603468 

----------
iteration: 1656, probabilities: [0.000002 0.000033 0.999897 0.000050 0.000019], probability: 0.9998971223831177