0.53272146 0.49283561 -0.98687109 0.99716961 0.07062265 -0.06589021 0.18373593 
0.97107607 0.98695490 0.66760748 -0.52180693 -0.09571788 0.09702510 0.19984310 
-0.64641988 0.99588973 1.00000000 -0.64455637 -0.05800687 -0.07789752 0.17816666 

----------
0.53272146 0.49283561 -0.98687109 0.99716961 0.07062265 0.07062265 0.07062265 
0.97107607 0.98695490 0.66760748 -0.52180693 -0.09571788 -0.09571788 -0.09571788 
-0.64641988 0.99588973 1.00000000 -0.64455637 -0.05800687 -0.05800687 -0.05800687 

----------
-0.15390842 -0.20749080 -0.67608129 0.69020688 0.00926418 0.08154970 0.05186420 
0.68753678 0.67878697 0.19738695 -0.16683824 -0.19242264 -0.09477320 0.05225732 
-0.15329202 0.47501475 0.52393181 -0.69031371 -0.00153895 -0.04927153 0.05186980 

----------
iteration: 1429, probabilities: [0.000003 0.000033 0.999889 0.000054 0.000020], probability: 0.9998894929885864