-0.31415347 -0.85897847 -0.61158527 -0.11131260 0.04522270 -0.08055488 0.15571365 
-0.85616119 -0.77926521 -0.73362766 0.76051887 -0.03955049 0.09835461 0.15928636 
0.32101336 -0.43536846 -0.62110308 -0.73400063 0.05646728 -0.07059955 0.16028584 

----------
-0.31415347 -0.85897847 -0.61158527 -0.11131260 0.04522270 0.04522270 0.04522270 
-0.85616119 -0.77926521 -0.73362766 0.76051887 -0.03955049 -0.03955049 -0.03955049 
0.32101336 -0.43536846 -0.62110308 -0.73400063 0.05646728 0.05646728 0.05646728 

----------
-0.01336732 -0.72165871 -0.69214306 0.01515654 0.12512312 -0.03712789 0.05358692 
-0.67763744 -0.68849338 -0.16053798 0.20366612 -0.13199933 -0.04756634 0.05225598 
-0.24692352 0.11577941 -0.69732503 -0.66300181 -0.04866655 0.13691507 0.05225625 

----------
iteration: 1748, probabilities: [0.000003 0.000028 0.999743 0.000149 0.000077], probability: 0.9997426867485046