0.69228271 0.17483760 -0.68108588 0.16216808 -0.07576333 -0.09931459 0.18047810 
0.07957372 -0.76418828 0.56590403 -0.29906006 -0.02867385 -0.01134693 0.19332374 
0.74108429 0.15091521 0.59895770 -0.26318881 0.04410456 -0.01771293 0.11449883 

----------
0.69228271 0.17483760 -0.68108588 0.16216808 -0.07576333 -0.07576333 -0.07576333 
0.07957372 -0.76418828 0.56590403 -0.29906006 -0.02867385 -0.02867385 -0.02867385 
0.74108429 0.15091521 0.59895770 -0.26318881 0.04410456 0.04410456 0.04410456 

----------
0.68909111 0.17610815 -0.68413985 0.16159158 -0.11475084 -0.10902769 0.05173333 
-0.22941206 -0.53168684 0.46589590 0.66932547 0.13016895 -0.06977868 0.05225626 
0.69221674 -0.52807117 0.47017609 -0.14649904 0.11044171 0.19164270 0.05189826 

----------
iteration: 385, probabilities: [0.000008 0.000242 0.999359 0.000374 0.000016], probability: 0.9993593096733093