0.06191105 0.71386675 0.61323236 -0.29253924 -0.05365262 0.09920474 0.11145069 
0.71349006 -0.14096168 0.65759252 0.21396738 0.05062464 -0.00492009 0.16051776 
0.68685085 -0.27039685 0.68035926 0.00843593 0.02716310 -0.08257373 0.15298522 

----------
0.06191105 0.71386675 0.61323236 -0.29253924 -0.05365262 -0.05365262 -0.05365262 
0.71349006 -0.14096168 0.65759252 0.21396738 0.05062464 0.05062464 0.05062464 
0.68685085 -0.27039685 0.68035926 0.00843593 0.02716310 0.02716310 0.02716310 

----------
0.00054333 0.82318164 0.56794581 -0.00090167 -0.10218244 -0.08659829 0.05195181 
0.63609867 -0.39938156 0.58379061 -0.30920642 0.02729930 0.19547163 0.05187219 
0.32177875 0.03295714 0.70626615 -0.63001168 0.04239644 -0.03631674 0.05189574 

----------
iteration: 70, probabilities: [0.000012 0.000020 0.999782 0.000090 0.000097], probability: 0.9997817873954773