0.06200307 0.71417849 0.60689417 -0.29285011 -0.05373349 0.09938408 0.11165216 
0.71429448 -0.14121650 0.65878129 0.21365486 0.05069475 -0.00492899 0.16063584 
0.68788255 -0.26996381 0.68095064 0.00845118 0.02686088 -0.08264217 0.15308214 

----------
0.06200307 0.71417849 0.60689417 -0.29285011 -0.05373349 -0.05373349 -0.05373349 
0.71429448 -0.14121650 0.65878129 0.21365486 0.05069475 0.05069475 0.05069475 
0.68788255 -0.26996381 0.68095064 0.00845118 0.02686088 0.02686088 0.02686088 

----------
-0.00002887 0.83265504 0.55397657 -0.00202662 -0.09270471 -0.09294336 0.05206456 
0.52117926 0.21360061 0.67391331 0.47857249 0.12563438 -0.07178732 0.05225625 
0.68236894 -0.50068262 0.49957405 -0.18587018 -0.02403653 0.13945386 0.05187239 

----------
iteration: 132, probabilities: [0.000018 0.000024 0.999310 0.000400 0.000248], probability: 0.9993096590042114