0.34351296 0.73439712 0.50611348 -0.28290442 -0.07660736 -0.04990632 0.12654649 
0.23312230 -0.43987807 -0.10574179 -0.86622228 -0.06783938 -0.09196717 0.15350114 
0.87077063 0.34393196 0.34708408 0.11402605 -0.00835674 -0.09374424 0.13289582 

----------
0.34351296 0.73439712 0.50611348 -0.28290442 -0.07660736 -0.07660736 -0.07660736 
0.23312230 -0.43987807 -0.10574179 -0.86622228 -0.06783938 -0.06783938 -0.06783938 
0.87077063 0.34393196 0.34708408 0.11402605 -0.00835674 -0.00835674 -0.00835674 

----------
-0.00418447 0.91344897 -0.40751363 -0.00235534 -0.14475481 -0.08364835 0.05230590 
0.44168984 -0.11000333 0.69870592 -0.55237483 0.00162272 -0.24288272 0.05187238 
0.69489101 0.53615062 0.46059776 0.13269967 0.03891492 -0.02259528 0.05225625 

----------
iteration: 129, probabilities: [0.000057 0.000057 0.999846 0.000028 0.000012], probability: 0.9998458623886108