0.99977073 0.30468721 0.56964709 -0.14354097 -0.03579248 -0.03799021 0.15296243 
-0.12367247 -0.03702600 -0.77122048 0.82011799 -0.02493920 -0.01637667 0.16671114 
0.62590760 -0.03322120 -0.43686641 0.99779604 -0.00399877 0.05358924 0.14116420 

----------
0.99977073 0.30468721 0.56964709 -0.14354097 -0.03579248 -0.03579248 -0.03579248 
-0.12367247 -0.03702600 -0.77122048 0.82011799 -0.02493920 -0.02493920 -0.02493920 
0.62590760 -0.03322120 -0.43686641 0.99779604 -0.00399877 -0.00399877 -0.00399877 

----------
0.90232693 0.14248616 0.29982524 0.27535349 -0.10355960 -0.08394788 0.07185609 
-0.20318849 -0.15069814 -0.69090566 0.67726265 -0.09076619 0.02708807 0.05178105 
0.52608875 -0.00008146 0.00005037 0.85052080 0.08287009 0.04199986 0.05201145 

----------
iteration: 591, probabilities: [0.000040 0.000770 0.999157 0.000027 0.000007], probability: 0.9991565942764282