0.99907545 -0.22821751 0.19855683 -0.43911572 0.03365040 -0.09674274 0.14251213 
0.39165919 -0.21755880 -0.97344443 0.68800881 -0.01720515 0.02188109 0.17577220 
-0.15533061 -0.27992062 0.48769761 0.28963845 -0.03960054 0.04538290 0.18359697 

----------
0.99907545 -0.22821751 0.19855683 -0.43911572 0.03365040 0.03365040 0.03365040 
0.39165919 -0.21755880 -0.97344443 0.68800881 -0.01720515 -0.01720515 -0.01720515 
-0.15533061 -0.27992062 0.48769761 0.28963845 -0.03960054 -0.03960054 -0.03960054 

----------
0.92686319 0.00009991 0.00005805 -0.37565089 0.03947458 0.02099846 0.05201217 
0.08887788 -0.42279813 -0.56683916 0.70156492 -0.10999423 0.06667646 0.05184765 
-0.16914016 -0.48821971 0.51113578 0.68693879 0.00459620 -0.12384354 0.05225625 

----------
iteration: 3841, probabilities: [0.000011 0.000015 0.999749 0.000110 0.000114], probability: 0.9997487664222717