0.63392500 0.68369335 0.31169151 -0.39148273 -0.04702162 0.01041118 0.17894908 
-0.37794848 0.50325476 -0.41032447 0.68885083 -0.06650125 0.04548059 0.14827159 
0.06700534 -0.29568087 -0.20507424 0.93532508 -0.03964871 0.06343722 0.14883274 

----------
0.63392500 0.68369335 0.31169151 -0.39148273 -0.04702162 -0.04702162 -0.04702162 
-0.37794848 0.50325476 -0.41032447 0.68885083 -0.06650125 -0.06650125 -0.06650125 
0.06700534 -0.29568087 -0.20507424 0.93532508 -0.03964871 -0.03964871 -0.03964871 

----------
0.58525587 0.72389974 0.01199587 -0.36528305 0.00214572 0.01318294 0.05692642 
-0.57564696 0.29658041 -0.64198870 0.41068019 -0.06446463 -0.17933449 0.05187242 
-0.41600826 -0.00014491 0.00005637 0.90945838 -0.08881666 0.06236636 0.05201126 

----------
iteration: 7708, probabilities: [0.000016 0.000019 0.999886 0.000040 0.000039], probability: 0.9998856782913208