0.18676361 0.55862274 0.90769853 0.15158968 0.01398779 0.02795744 0.14638043 
0.19489073 -0.43400186 0.05811812 0.53676279 -0.07722126 -0.01497891 0.17078268 
0.75295859 -0.10452566 0.19663410 0.99981869 -0.03654848 0.00877225 0.19685452 

----------
0.18676361 0.55862274 0.90769853 0.15158968 0.01398779 0.01398779 0.01398779 
0.19489073 -0.43400186 0.05811812 0.53676279 -0.07722126 -0.07722126 -0.07722126 
0.75295859 -0.10452566 0.19663410 0.99981869 -0.03654848 -0.03654848 -0.03654848 

----------
0.00137454 0.51462157 0.85753797 -0.00212835 0.09008561 0.01166368 0.05208786 
0.36438686 -0.61685505 -0.34596263 0.60608474 -0.12635385 -0.18124924 0.05187230 
0.61991077 -0.00007509 0.00005940 0.78475185 -0.07553478 -0.01175914 0.05201145 

----------
iteration: 9600, probabilities: [0.000033 0.000060 0.999870 0.000024 0.000012], probability: 0.9998704195022583