0.92661212 0.59582101 -0.18323018 -0.01290591 -0.03173315 0.06802759 0.13533647 
0.71786667 0.24828139 0.60866543 0.81567549 0.01104764 0.07399725 0.15435652 
0.68345005 0.72472304 0.57680683 0.40999616 0.03694512 -0.00304350 0.13707682 

----------
0.92661212 0.59582101 -0.18323018 -0.01290591 -0.03173315 -0.03173315 -0.03173315 
0.71786667 0.24828139 0.60866543 0.81567549 0.01104764 0.01104764 0.01104764 
0.68345005 0.72472304 0.57680683 0.40999616 0.03694512 0.03694512 0.03694512 

----------
0.66610548 0.70653709 0.02728706 -0.23770158 0.00582759 -0.10984869 0.05178535 
0.52039799 0.16856135 0.66360475 0.51035261 -0.02921063 0.08842290 0.05492348 
0.65911290 0.44335630 0.55047765 0.25697583 0.09057710 0.05282567 0.05225304 

----------
iteration: 721, probabilities: [0.000002 0.000033 0.999880 0.000059 0.000026], probability: 0.9998799562454224