0.33357196 -0.08648243 -0.35685456 0.06060799 -0.03206773 0.03137335 0.19671216 
0.45888195 0.33180237 0.99718519 0.40991652 0.00870997 0.03979211 0.15603571 
0.27735422 0.97521232 0.26252488 0.05770920 0.08399591 -0.01462018 0.16972963 

----------
0.33357196 -0.08648243 -0.35685456 0.06060799 -0.03206773 -0.03206773 -0.03206773 
0.45888195 0.33180237 0.99718519 0.40991652 0.00870997 0.00870997 0.00870997 
0.27735422 0.97521232 0.26252488 0.05770920 0.08399591 0.08399591 0.08399591 

----------
0.32867225 -0.59575853 -0.38110071 0.62615015 -0.09358258 0.04570595 0.05187168 
0.58888499 0.31530969 0.63259893 0.39203563 0.02455483 -0.02810225 0.05225626 
0.00011085 0.96539115 0.26108972 -0.00073776 0.10348084 0.09410082 0.05194943 

----------
iteration: 52, probabilities: [0.000001 0.000039 0.999918 0.000028 0.000013], probability: 0.9999179840087891