0.62176618 -0.01635613 -0.34339723 -0.55612514 -0.02549839 0.01346369 0.15697025 
0.17870324 -0.21105404 0.47428553 -0.17305950 -0.00620299 0.00278178 0.14029276 
0.55268169 0.95442354 0.22538580 -0.36697181 -0.01576157 0.00402309 0.16967048 

----------
0.62176618 -0.01635613 -0.34339723 -0.55612514 -0.02549839 -0.02549839 -0.02549839 
0.17870324 -0.21105404 0.47428553 -0.17305950 -0.00620299 -0.00620299 -0.00620299 
0.55268169 0.95442354 0.22538580 -0.36697181 -0.01576157 -0.01576157 -0.01576157 

----------
0.81699112 0.00001006 0.00116781 -0.57712309 0.06089662 -0.13143384 0.05207581 
0.59112081 -0.32119052 0.63007655 -0.38814173 -0.14347941 -0.00907740 0.05187241 
0.65356104 0.70105794 0.09032690 -0.27087752 0.00208555 0.09317652 0.05225626 

----------
iteration: 1958, probabilities: [0.000005 0.000036 0.999335 0.000453 0.000171], probability: 0.9993346333503723