0.99385028 0.44048469 -0.25085179 0.52139539 0.00962488 -0.01785843 0.17467845 
0.95918028 0.22741304 0.92118260 -0.48442644 0.00140583 -0.05510433 0.13943772 
0.86181206 0.28776555 0.37050961 -0.68645802 0.01011827 0.03151366 0.14854445 

----------
0.99385028 0.44048469 -0.25085179 0.52139539 0.00962488 0.00962488 0.00962488 
0.95918028 0.22741304 0.92118260 -0.48442644 0.00140583 0.00140583 0.00140583 
0.86181206 0.28776555 0.37050961 -0.68645802 0.01011827 0.01011827 0.01011827 

----------
0.67134044 -0.69657398 0.12232509 0.22251016 -0.02836350 0.25000143 0.05170032 
0.12634380 0.23500939 0.66706567 -0.69581374 -0.03529100 -0.03728614 0.05187216 
0.81416687 0.00005565 0.00007791 -0.58073789 0.08132381 0.03128782 0.05201145 

----------
iteration: 1852, probabilities: [0.000003 0.000028 0.999711 0.000155 0.000102], probability: 0.9997114539146423