0.98540613 0.46028549 -0.58880154 0.18432325 -0.05423775 0.03337409 0.16027692 
0.32034087 0.07205392 0.61561817 0.49079529 -0.01835181 -0.04494834 0.15867699 
0.26874622 0.77354524 0.23760819 0.48339694 0.00600522 -0.00491171 0.15449565 

----------
0.98540613 0.46028549 -0.58880154 0.18432325 -0.05423775 -0.05423775 -0.05423775 
0.32034087 0.07205392 0.61561817 0.49079529 -0.01835181 -0.01835181 -0.01835181 
0.26874622 0.77354524 0.23760819 0.48339694 0.00600522 0.00600522 0.00600522 

----------
0.58645068 0.70502556 -0.05131275 -0.39578121 -0.01697350 -0.15558020 0.05225489 
0.40596319 0.06364111 0.70393329 0.57934612 0.06149261 -0.03096935 0.05225625 
0.61723275 0.36295818 0.60655881 0.34587736 -0.06940593 0.13559827 0.05225508 

----------
iteration: 2141, probabilities: [0.000002 0.000032 0.999890 0.000055 0.000022], probability: 0.9998898506164551