0.99618304 -0.41211208 -0.35366837 -0.02767823 -0.05398896 0.01875940 0.14651755 
0.66802079 0.33740405 0.43560034 -0.45805180 0.03754044 0.02135668 0.13771993 
0.98461803 0.04792513 -0.00005386 0.32458527 0.08170304 0.07329823 0.14789167 

----------
0.99618304 -0.41211208 -0.35366837 -0.02767823 -0.05398896 -0.05398896 -0.05398896 
0.66802079 0.33740405 0.43560034 -0.45805180 0.03754044 0.03754044 0.03754044 
0.98461803 0.04792513 -0.00005386 0.32458527 0.08170304 0.08170304 0.08170304 

----------
0.68410599 -0.64457659 -0.27954630 -0.19615984 -0.09449440 -0.03137002 0.05250841 
0.82523817 0.17478362 0.09941396 -0.52788073 0.01454937 0.04861129 0.06749133 
0.97831603 -0.00002861 0.00009351 0.20728821 0.07543957 0.14638456 0.05201059 

----------
iteration: 2176, probabilities: [0.000002 0.000030 0.999897 0.000049 0.000023], probability: 0.9998966455459595