0.93910537 0.23124022 -0.16158929 0.20991827 0.05198821 0.00283976 0.17479409 
0.99858365 0.17670651 0.26312259 0.03859054 0.01487445 -0.01517398 0.15720182 
0.54555669 0.84164426 0.48313300 -0.48491981 0.02441084 0.02810226 0.14178716 

----------
0.93910537 0.23124022 -0.16158929 0.20991827 0.05198821 0.05198821 0.05198821 
0.99858365 0.17670651 0.26312259 0.03859054 0.01487445 0.01487445 0.01487445 
0.54555669 0.84164426 0.48313300 -0.48491981 0.02441084 0.02441084 0.02441084 

----------
0.96237677 0.00039230 0.00011115 0.27246048 0.08393120 0.13676619 0.05201626 
0.95050186 -0.00002971 0.00009102 0.31097492 -0.08053196 0.04147823 0.05201145 
0.65443008 0.70076329 0.09258265 -0.26877300 0.02533378 0.01434473 0.05225627 

----------
iteration: 3686, probabilities: [0.000001 0.000038 0.999917 0.000030 0.000014], probability: 0.9999167919158936