0.98784938 -0.27391643 -0.44981439 0.94666880 0.00668078 -0.01295265 0.15043733 
0.38533861 -0.30561780 0.77330181 -0.53798952 -0.01803419 -0.05163618 0.17319079 
0.29854774 0.80731846 0.41372787 -0.80519187 -0.03018152 -0.00153887 0.18304768 

----------
0.98784938 -0.27391643 -0.44981439 0.94666880 0.00668078 0.00668078 0.00668078 
0.38533861 -0.30561780 0.77330181 -0.53798952 -0.01803419 -0.01803419 -0.01803419 
0.29854774 0.80731846 0.41372787 -0.80519187 -0.03018152 -0.03018152 -0.03018152 

----------
0.72758771 0.00667374 -0.00324734 0.68608214 0.07439259 0.07249031 0.05250550 
0.42207699 -0.10235253 0.69974139 -0.56726834 0.00222838 -0.08739307 0.05169339 
0.19101187 0.62738713 0.32328841 -0.68220413 -0.08342761 -0.02728062 0.09507824 

----------
iteration: 3428, probabilities: [0.000004 0.000034 0.999531 0.000314 0.000117], probability: 0.999530553817749