0.62060909 0.04638250 -0.06442230 -0.11894135 -0.03111704 -0.02423726 0.14042840 
0.55263728 0.22670383 0.73107919 0.29007690 0.03502544 0.05021739 0.17464647 
0.56298055 0.34188059 0.09969598 -0.02057752 -0.04145284 -0.00463861 0.14159822 

----------
0.62060909 0.04638250 -0.06442230 -0.11894135 -0.03111704 -0.03111704 -0.03111704 
0.55263728 0.22670383 0.73107919 0.29007690 0.03502544 0.03502544 0.03502544 
0.56298055 0.34188059 0.09969598 -0.02057752 -0.04145284 -0.04145284 -0.04145284 

----------
0.97713347 0.00002521 0.00009886 -0.21281148 -0.09351563 -0.05006792 0.05201164 
0.56950451 0.28637152 0.64617599 0.41986303 0.01449294 0.05664375 0.05224391 
0.70214217 0.65141595 0.27432619 -0.08642280 0.06250444 -0.07984192 0.05225624 

----------
iteration: 3551, probabilities: [0.000005 0.000038 0.999238 0.000530 0.000189], probability: 0.9992380142211914