0.52262120 -0.07359193 -0.43103917 0.11803771 0.01994885 0.01984060 0.17841656 
0.25917716 -0.35011979 0.79902203 0.37792345 -0.00420317 0.00601087 0.13687679 
0.66885779 0.66913660 0.02488003 -0.33703843 0.01948584 0.00012197 0.12700520 

----------
0.52262120 -0.07359193 -0.43103917 0.11803771 0.01994885 0.01994885 0.01994885 
0.25917716 -0.35011979 0.79902203 0.37792345 -0.00420317 -0.00420317 -0.00420317 
0.66885779 0.66913660 0.02488003 -0.33703843 0.01948584 0.01948584 0.01948584 

----------
0.34640539 -0.59633707 -0.38018055 0.61652236 -0.08336298 0.12061613 0.05171183 
0.11927841 -0.24347203 0.66360404 0.69734994 0.10673392 0.03194994 0.05225626 
0.62948598 0.70601770 0.03336230 -0.32279757 0.03340741 -0.07488954 0.05225627 

----------
iteration: 4545, probabilities: [0.000003 0.000029 0.999805 0.000111 0.000052], probability: 0.9998053908348083