0.73159808 0.05554885 -0.00093026 0.63692927 0.01739992 0.04995587 0.16402782 
0.83223048 -0.60698890 0.97458390 -0.14995870 -0.01069050 -0.04753759 0.16260612 
0.49545528 0.52463948 0.22129117 0.31260994 0.03327640 0.03625116 0.16416458 

----------
0.73159808 0.05554885 -0.00093026 0.63692927 0.01739992 0.01739992 0.01739992 
0.83223048 -0.60698890 0.97458390 -0.14995870 -0.01069050 -0.01069050 -0.01069050 
0.49545528 0.52463948 0.22129117 0.31260994 0.03327640 0.03327640 0.03327640 

----------
0.71072916 -0.00006729 0.00006809 0.70349330 -0.03373833 0.07134045 0.05201145 
0.59091972 -0.32007694 0.63033704 -0.38888364 -0.04766172 -0.05883795 0.05189912 
0.69030627 0.52120401 0.47743648 0.15476350 0.11273976 0.06236059 0.05225626 

----------
iteration: 4663, probabilities: [0.000004 0.000030 0.999556 0.000275 0.000136], probability: 0.999555766582489