0.83114574 0.40487639 0.26141446 0.16229626 -0.04394059 0.00872666 0.16873219 
0.78038181 0.80575411 0.96075171 0.13887495 0.04986242 0.02146267 0.16661462 
0.91045769 0.62222017 0.20090420 -0.42588394 0.00776867 -0.02262609 0.15662627 

----------
0.83114574 0.40487639 0.26141446 0.16229626 -0.04394059 -0.04394059 -0.04394059 
0.78038181 0.80575411 0.96075171 0.13887495 0.04986242 0.04986242 0.04986242 
0.91045769 0.62222017 0.20090420 -0.42588394 0.00776867 0.00776867 0.00776867 

----------
0.70140477 0.56153692 0.42913760 0.09285937 -0.02211509 -0.10608502 0.05225368 
0.64244501 0.47866658 0.56242624 0.20458322 0.07707800 0.03626334 0.05646762 
0.65517378 0.70045227 0.09468895 -0.26688486 -0.06206452 0.04110219 0.05225546 

----------
iteration: 4764, probabilities: [0.000004 0.000033 0.999522 0.000314 0.000127], probability: 0.9995217323303223