0.94872441 0.14356459 0.14022190 0.31329410 0.01795244 -0.02934084 0.16792750 
0.62127783 0.17700865 0.88946546 0.07789083 -0.01098258 -0.00711900 0.15534348 
0.79572540 0.55106462 0.98276063 0.79175313 -0.02160845 -0.01712374 0.16107845 

----------
0.94872441 0.14356459 0.14022190 0.31329410 0.01795244 0.01795244 0.01795244 
0.62127783 0.17700865 0.88946546 0.07789083 -0.01098258 -0.01098258 -0.01098258 
0.79572540 0.55106462 0.98276063 0.79175313 -0.02160845 -0.02160845 -0.02160845 

----------
0.95749319 -0.00002760 0.00009169 0.28867482 0.00216791 0.08637474 0.05201145 
0.59035507 0.33316847 0.62179896 0.39276143 0.03276560 -0.11681709 0.05233884 
0.55864741 0.26823270 0.65393155 0.43400815 -0.09318874 -0.02113511 0.05225625 

----------
iteration: 4094, probabilities: [0.000004 0.000033 0.999466 0.000355 0.000141], probability: 0.9994660019874573