0.93655584 0.06595843 -0.52984794 0.08390480 -0.00097512 0.01415276 0.14925997 
-0.09868343 0.64191919 0.99815077 -0.27200718 -0.03321602 -0.00815524 0.17243056 
0.95226340 0.99325225 0.05599640 0.27365761 0.02890588 -0.03282353 0.16794083 

----------
0.93655584 0.06595843 -0.52984794 0.08390480 -0.00097512 -0.00097512 -0.00097512 
-0.09868343 0.64191919 0.99815077 -0.27200718 -0.03321602 -0.03321602 -0.03321602 
0.95226340 0.99325225 0.05599640 0.27365761 0.02890588 0.02890588 0.02890588 

----------
0.67498676 0.30184312 -0.63979985 0.21047865 -0.06255084 0.02426806 0.05194096 
0.00084555 0.54513917 0.83841011 -0.00062694 -0.10149222 -0.11421379 0.05195181 
0.70468374 0.64167124 0.29640516 -0.06240188 0.14041250 0.05854031 0.05225626 

----------
iteration: 5595, probabilities: [0.000003 0.000030 0.999812 0.000110 0.000044], probability: 0.9998121857643127