0.99293825 0.06910313 -0.51988874 -0.08599146 -0.02990766 0.02300826 0.17336254 
0.52777971 0.26176335 0.85749943 -0.80732224 0.02449027 0.02822526 0.16527379 
0.14451702 0.97892155 0.39433573 0.75533760 -0.02613244 0.03941813 0.15633048 

----------
0.99293825 0.06910313 -0.51988874 -0.08599146 -0.02990766 -0.02990766 -0.02990766 
0.52777971 0.26176335 0.85749943 -0.80732224 0.02449027 0.02449027 0.02449027 
0.14451702 0.97892155 0.39433573 0.75533760 -0.02613244 -0.02613244 -0.02613244 

----------
0.44318177 0.65835627 -0.25748787 -0.55151190 0.03466761 -0.17399149 0.05225890 
0.27975858 0.07895575 0.70278308 -0.64953864 0.04695322 0.06602023 0.05188600 
0.55707865 0.26579569 0.65502863 0.43617495 -0.13865747 0.04661369 0.05225625 

----------
iteration: 5514, probabilities: [0.000008 0.000042 0.998002 0.001424 0.000523], probability: 0.9980022311210632