0.96141445 -0.72743427 -0.25060036 -0.42463326 -0.06205555 0.01629358 0.14074962 
0.48411201 -0.19714564 0.01082291 0.21953973 -0.02407811 0.03766734 0.16614895 
0.81213914 0.98363614 0.31348997 0.04363570 -0.00165955 -0.01178821 0.14209898 

----------
0.96141445 -0.72743427 -0.25060036 -0.42463326 -0.06205555 -0.06205555 -0.06205555 
0.48411201 -0.19714564 0.01082291 0.21953973 -0.02407811 -0.02407811 -0.02407811 
0.81213914 0.98363614 0.31348997 0.04363570 -0.00165955 -0.00165955 -0.00165955 

----------
0.69563817 -0.70722523 0.01130388 -0.12611362 -0.06807650 -0.06872560 0.05130880 
0.74395306 0.00017132 0.00016477 0.66840504 0.06987994 -0.12579795 0.05200825 
0.70535002 0.63822079 0.30375346 -0.05430400 -0.01335557 0.08208142 0.05225626 

----------
iteration: 5688, probabilities: [0.000003 0.000034 0.999741 0.000164 0.000058], probability: 0.9997407793998718