0.80171146 0.01758736 0.14479863 0.77090815 0.01814965 -0.03344988 0.16477348 
0.72894076 0.06467096 0.98864761 0.32294161 -0.01562124 0.01380342 0.17810820 
0.42598290 0.49754455 0.90215530 0.01177313 0.05136661 0.01202775 0.15044035 

----------
0.80171146 0.01758736 0.14479863 0.77090815 0.01814965 0.01814965 0.01814965 
0.72894076 0.06467096 0.98864761 0.32294161 -0.01562124 -0.01562124 -0.01562124 
0.42598290 0.49754455 0.90215530 0.01177313 0.05136661 0.05136661 0.05136661 

----------
0.78103900 -0.00005976 0.00007481 0.62452557 0.07706918 -0.02445785 0.05201145 
0.53139386 0.25585326 0.65944269 0.46655367 -0.03337274 -0.08138123 0.05218326 
0.63737449 0.39959735 0.58307059 0.30704836 -0.05253269 0.08456470 0.05225621 

----------
iteration: 6479, probabilities: [0.000002 0.000033 0.999897 0.000049 0.000018], probability: 0.9998974800109863