0.93105323 -0.31150384 -0.19056736 0.36240345 0.00666248 -0.01341583 0.16688595 
0.30996833 -0.01758037 0.78818584 -0.07602142 -0.04538232 0.01606509 0.18535915 
0.37051395 0.99672589 -0.32851356 0.10996909 0.05571238 -0.00400055 0.15278924 

----------
0.93105323 -0.31150384 -0.19056736 0.36240345 0.00666248 0.00666248 0.00666248 
0.30996833 -0.01758037 0.78818584 -0.07602142 -0.04538232 -0.04538232 -0.04538232 
0.37051395 0.99672589 -0.32851356 0.10996909 0.05571238 0.05571238 0.05571238 

----------
0.95094983 -0.00002959 0.00009106 0.30975180 0.08850487 -0.07206439 0.05201145 
0.00011477 -0.23354890 0.97254834 0.00057296 -0.04630305 -0.06519973 0.05199684 
0.00006346 0.99268284 0.12164263 -0.00105046 0.07060291 0.03056281 0.05195183 

----------
iteration: 6345, probabilities: [0.000003 0.000038 0.999736 0.000171 0.000053], probability: 0.9997358918190002