0.47795569 -0.13519913 -0.16167327 0.83355691 -0.00796411 0.06571814 0.16803765 
0.66088001 0.21390565 0.95269313 -0.19055404 0.02332827 -0.02287158 0.14128042 
0.35967035 0.99825161 0.40159723 0.37650008 0.03697542 0.00899702 0.17627119 

----------
0.47795569 -0.13519913 -0.16167327 0.83355691 -0.00796411 -0.00796411 -0.00796411 
0.66088001 0.21390565 0.95269313 -0.19055404 0.02332827 0.02332827 0.02332827 
0.35967035 0.99825161 0.40159723 0.37650008 0.03697542 0.03697542 0.03697542 

----------
0.47580757 -0.00008418 0.00004561 0.87958855 0.02096230 0.04327860 0.05201145 
-0.11339888 -0.00019479 -0.00004682 -0.99403874 -0.10220538 0.03182275 0.05201052 
0.68770507 0.51328314 0.48601602 0.16615735 0.09076731 0.17615152 0.05225624 

----------
iteration: 7885, probabilities: [0.000003 0.000025 0.999778 0.000120 0.000075], probability: 0.9997777342796326