0.91693920 0.68355940 -0.48198888 -0.61882874 0.00441933 0.03805709 0.13974120 
0.30379971 0.28937013 0.45828908 0.19072007 0.05154880 -0.02947029 0.16177547 
0.64808869 0.32707628 0.16204033 0.37708170 -0.03445707 0.02698767 0.14797929 

----------
0.91693920 0.68355940 -0.48198888 -0.61882874 0.00441933 0.00441933 0.00441933 
0.30379971 0.28937013 0.45828908 0.19072007 0.05154880 0.05154880 0.05154880 
0.64808869 0.32707628 0.16204033 0.37708170 -0.03445707 -0.03445707 -0.03445707 

----------
0.44398635 0.65869092 -0.25642666 -0.55073676 -0.00180320 -0.01426221 0.05225984 
0.60101178 0.33519872 0.62228667 0.37317466 0.10095064 0.09290154 0.05225626 
0.47571469 0.69509374 0.13147898 0.52282489 -0.07367299 -0.11768939 0.05189856 

----------
iteration: 7672, probabilities: [0.000002 0.000031 0.999881 0.000062 0.000024], probability: 0.9998807907104492