0.99977728 0.02259604 -0.14879977 0.49597998 -0.02490044 -0.00974701 0.15221494 
0.42556979 0.04912101 0.90061604 0.03122514 -0.01656166 0.00676275 0.15754494 
0.70909044 0.83123751 0.20946782 -0.25341919 -0.02835505 -0.05412050 0.18087041 

----------
0.99977728 0.02259604 -0.14879977 0.49597998 -0.02490044 -0.02490044 -0.02490044 
0.42556979 0.04912101 0.90061604 0.03122514 -0.01656166 -0.01656166 -0.01656166 
0.70909044 0.83123751 0.20946782 -0.25341919 -0.02835505 -0.02835505 -0.02835505 

----------
0.87107885 -0.00004698 0.00008342 0.49128281 0.07863866 -0.03101619 0.05201145 
0.00117652 0.34281980 0.93957153 -0.00061989 -0.02160647 -0.08631504 0.05197064 
0.67485111 0.69036307 0.15169259 -0.21228009 -0.05626356 0.05423275 0.05225626 

----------
iteration: 7516, probabilities: [0.000002 0.000037 0.999906 0.000041 0.000014], probability: 0.999906063079834