0.55550265 -0.14040489 -0.19813243 0.31746349 -0.04673456 -0.01121163 0.15664550 
0.58396911 0.34439169 0.39391212 -0.61607656 0.02458421 -0.04421144 0.17121324 
0.80363104 0.91510075 -0.13840602 0.45285003 0.02940523 -0.06153459 0.13226416 

----------
0.55550265 -0.14040489 -0.19813243 0.31746349 -0.04673456 -0.04673456 -0.04673456 
0.58396911 0.34439169 0.39391212 -0.61607656 0.02458421 0.02458421 0.02458421 
0.80363104 0.91510075 -0.13840602 0.45285003 0.02940523 0.02940523 0.02940523 

----------
0.87623182 -0.00004597 0.00008392 0.48204862 -0.02641233 -0.06895344 0.05201145 
0.41707356 -0.09761986 0.70042979 -0.57123076 0.14394308 -0.01480948 0.05170440 
0.70431926 0.64352301 0.29244736 -0.06676014 0.07488213 0.11872251 0.05225625 

----------
iteration: 7503, probabilities: [0.000002 0.000034 0.999833 0.000089 0.000042], probability: 0.9998332262039185