0.79662389 -0.27989970 -0.07902200 0.01116913 0.00243786 0.01674681 0.14354661 
0.31308100 0.22139507 0.71377078 -0.07715969 -0.01719921 -0.06255717 0.15162599 
0.35292191 0.90324093 0.61962334 0.30033299 -0.00471389 -0.05206570 0.13518748 

----------
0.79662389 -0.27989970 -0.07902200 0.01116913 0.00243786 0.00243786 0.00243786 
0.31308100 0.22139507 0.71377078 -0.07715969 -0.01719921 -0.01719921 -0.01719921 
0.35292191 0.90324093 0.61962334 0.30033299 -0.00471389 -0.00471389 -0.00471389 

----------
1.00006831 -0.00000020 0.00009574 0.00269974 -0.08678338 -0.07279140 0.05201145 
0.00098633 0.29141444 0.95668774 -0.00036808 0.03142795 0.05108532 0.05195182 
-0.00086749 0.56945600 0.82219685 0.00007044 0.14226438 -0.04353110 0.05200896 

----------
iteration: 7217, probabilities: [0.000002 0.000032 0.999864 0.000075 0.000028], probability: 0.9998636245727539