0.42745349 -0.35647485 0.38358530 0.24283072 0.02780109 -0.01674779 0.14652127 
0.32104399 0.11565376 0.99931160 0.10503480 0.06256649 0.02383383 0.15980874 
0.87302490 0.78957907 -0.24215710 0.10926529 0.01934907 -0.00589229 0.17256608 

----------
0.42745349 -0.35647485 0.38358530 0.24283072 0.02780109 0.02780109 0.02780109 
0.32104399 0.11565376 0.99931160 0.10503480 0.06256649 0.06256649 0.06256649 
0.87302490 0.78957907 -0.24215710 0.10926529 0.01934907 0.01934907 0.01934907 

----------
0.69264358 -0.67254048 0.21900733 0.14296086 -0.11198387 0.04050379 0.05187241 
0.00139198 0.30691368 0.95192808 -0.00056645 0.13155673 0.10399662 0.05198459 
0.66600489 0.69578784 0.12448410 -0.23860167 0.10881080 -0.03484777 0.05225626 

----------
iteration: 7191, probabilities: [0.000001 0.000067 0.999899 0.000022 0.000009], probability: 0.9998993873596191