0.99206890 -0.18470992 -0.38762582 -0.03816920 -0.01868131 0.05030389 0.16434749 
0.15519507 0.30990648 0.86413297 -0.32345540 -0.04408126 -0.01874901 0.15542670 
0.53731678 0.88776081 0.44213016 0.21870544 -0.02796879 -0.01147543 0.17960708 

----------
0.99206890 -0.18470992 -0.38762582 -0.03816920 -0.01868131 -0.01868131 -0.01868131 
0.15519507 0.30990648 0.86413297 -0.32345540 -0.04408126 -0.04408126 -0.04408126 
0.53731678 0.88776081 0.44213016 0.21870544 -0.02796879 -0.02796879 -0.02796879 

----------
0.68664542 0.51001976 0.48957188 0.17086163 0.19171272 -0.15492572 0.05225653 
0.11699024 0.24419870 0.66346731 -0.69762365 -0.08287311 -0.03047735 0.05189385 
0.69725148 0.54464453 0.45053599 0.11973368 -0.05430006 0.09491032 0.05225626 

----------
iteration: 8442, probabilities: [0.000003 0.000031 0.999762 0.000145 0.000059], probability: 0.9997618794441223