0.03812889 0.38317662 -0.15583108 0.37085994 -0.03757197 0.01746157 0.16246888 
0.43591325 -0.67191175 0.21730219 -0.06117421 -0.01969410 0.04059315 0.16595967 
0.92885873 0.81172572 0.57427984 0.16548108 0.04512445 0.00108355 0.15703078 

----------
0.03812889 0.38317662 -0.15583108 0.37085994 -0.03757197 -0.03757197 -0.03757197 
0.43591325 -0.67191175 0.21730219 -0.06117421 -0.01969410 -0.01969410 -0.01969410 
0.92885873 0.81172572 0.57427984 0.16548108 0.04512445 0.04512445 0.04512445 

----------
-0.52957744 0.24432925 -0.66364893 0.46870702 -0.11683821 -0.19509936 0.05170471 
0.70705481 -0.61869791 0.34249317 0.00903293 -0.01666043 -0.02389590 0.05187249 
0.70107887 0.56048241 0.43062442 0.09455841 0.08889817 0.09611305 0.05225625 

----------
iteration: 8767, probabilities: [0.000002 0.000041 0.999912 0.000035 0.000012], probability: 0.9999115467071533