0.89164095 0.30874071 -0.09474157 -0.01331812 0.03397815 0.00847969 0.14772004 
-0.07007749 -0.15517704 0.45603981 -0.24922332 0.00140868 0.00192821 0.17860506 
0.28219731 0.65022470 -0.14721668 0.20786217 0.05443443 -0.01392713 0.16649629 

----------
0.89164095 0.30874071 -0.09474157 -0.01331812 0.03397815 0.03397815 0.03397815 
-0.07007749 -0.15517704 0.45603981 -0.24922332 0.00140868 0.00140868 0.00140868 
0.28219731 0.65022470 -0.14721668 0.20786217 0.05443443 0.05443443 0.05443443 

----------
0.99992464 -0.00002266 0.00010119 -0.01846605 0.09597297 0.02437048 0.05201179 
0.19188948 0.16977920 0.68655292 -0.68061714 -0.11148906 0.02391877 0.05186330 
0.70693983 0.59828947 0.37651869 0.02875532 0.11301903 0.18627301 0.05225607 

----------
iteration: 8747, probabilities: [0.000002 0.000029 0.999859 0.000066 0.000043], probability: 0.999859094619751