0.94691507 -0.28481626 -0.39305336 0.18824579 -0.01027131 -0.03053184 0.14430382 
0.65158881 0.58117249 0.70600376 -0.43442012 0.02904116 0.00767887 0.16406541 
0.59096327 -0.19275028 0.39038915 0.28194784 0.04922307 0.05870887 0.13442760 

----------
0.94691507 -0.28481626 -0.39305336 0.18824579 -0.01027131 -0.01027131 -0.01027131 
0.65158881 0.58117249 0.70600376 -0.43442012 0.02904116 0.02904116 0.02904116 
0.59096327 -0.19275028 0.39038915 0.28194784 0.04922307 0.04922307 0.04922307 

----------
0.65054989 -0.45720727 -0.53883823 0.27842070 -0.03036829 -0.04319234 0.05186866 
0.66021533 0.69926465 0.10469372 -0.25415904 -0.13408305 0.06975100 0.05223636 
0.59688375 -0.70641025 -0.03366135 0.37920224 0.00269163 0.09630478 0.05187230 

----------
iteration: 8893, probabilities: [0.000007 0.000034 0.998782 0.000808 0.000369], probability: 0.9987816214561462