0.94010389 -0.52975008 0.00312358 0.47783918 0.04220107 -0.00840492 0.17318510 
0.45428087 0.39831636 0.99831737 0.15739474 0.03567827 0.00114080 0.13730746 
0.90753136 0.94137099 0.49673345 -0.49598890 -0.02787984 -0.05022534 0.17197144 

----------
0.94010389 -0.52975008 0.00312358 0.47783918 0.04220107 0.04220107 0.04220107 
0.45428087 0.39831636 0.99831737 0.15739474 0.03567827 0.03567827 0.03567827 
0.90753136 0.94137099 0.49673345 -0.49598890 -0.02787984 -0.02787984 -0.02787984 

----------
0.63315337 -0.70601765 0.04023136 0.31482463 0.09512722 0.09519969 0.05187242 
0.62882693 0.38366953 0.59366205 0.32417444 -0.09307337 0.04499377 0.05225641 
0.68465529 0.68191094 0.18262307 -0.18233954 -0.05483157 -0.06658513 0.05231143 

----------
iteration: 9260, probabilities: [0.000004 0.000031 0.999499 0.000320 0.000145], probability: 0.9994986057281494