0.99303867 -0.17929571 0.08964507 0.32165332 -0.00513759 0.07662242 0.14631740 
0.16961116 0.10388930 0.94947908 -0.08379509 -0.00522764 0.06705385 0.14832479 
0.20097940 0.66915511 0.37259697 0.13981379 -0.02480862 -0.00503096 0.13764793 

----------
0.99303867 -0.17929571 0.08964507 0.32165332 -0.00513759 -0.00513759 -0.00513759 
0.16961116 0.10388930 0.94947908 -0.08379509 -0.00522764 -0.00522764 -0.00522764 
0.20097940 0.66915511 0.37259697 0.13981379 -0.02480862 -0.02480862 -0.02480862 

----------
0.95392211 -0.00002868 0.00009134 0.30019639 -0.06225147 0.02817026 0.05201145 
0.00102766 0.15590483 0.98784537 -0.00022778 -0.02213790 -0.09322997 0.05195181 
0.00052775 0.77796463 0.62857707 -0.00133882 0.10936784 -0.02581978 0.05198971 

----------
iteration: 9433, probabilities: [0.000002 0.000031 0.999867 0.000073 0.000026], probability: 0.9998672008514404