0.97739909 0.06587712 -0.23339478 -0.13082799 0.01287104 0.03899214 0.16296705 
0.42073814 0.60991453 0.99521621 0.58012007 -0.01235794 -0.06719635 0.15936131 
0.24174224 0.52109015 0.57741624 0.67496346 0.03464542 0.01918798 0.16444203 

----------
0.97739909 0.06587712 -0.23339478 -0.13082799 0.01287104 0.01287104 0.01287104 
0.42073814 0.60991453 0.99521621 0.58012007 -0.01235794 -0.01235794 -0.01235794 
0.24174224 0.52109015 0.57741624 0.67496346 0.03464542 0.03464542 0.03464542 

----------
0.97698215 -0.00023311 0.00013193 0.21360944 -0.00929164 0.09900791 0.05202214 
0.52695293 0.22185684 0.67111571 0.47203140 -0.07181675 -0.06255475 0.05225627 
0.61825770 0.36482074 0.60546547 0.34386624 0.11104241 0.06563769 0.05225393 

----------
iteration: 10441, probabilities: [0.000003 0.000028 0.999716 0.000164 0.000090], probability: 0.9997163414955139