0.83196799 0.31707885 -0.29311566 0.35589338 -0.04658315 -0.02195603 0.16336350 
0.97463437 0.39249907 0.99973623 -0.05979786 -0.02738034 -0.00549930 0.14086781 
0.82713625 0.43897347 0.27351422 0.44860092 -0.07037034 0.05925898 0.13159970 

----------
0.83196799 0.31707885 -0.29311566 0.35589338 -0.04658315 -0.04658315 -0.04658315 
0.97463437 0.39249907 0.99973623 -0.05979786 -0.02738034 -0.02738034 -0.02738034 
0.82713625 0.43897347 0.27351422 0.44860092 -0.07037034 -0.07037034 -0.07037034 

----------
0.40859290 0.07559141 0.70311547 0.57730357 0.12291883 -0.02672579 0.05227952 
0.61880493 0.37202945 0.60702382 0.33215882 -0.01518682 0.01877976 0.05295710 
0.68866903 0.51611246 0.48294559 0.16192720 -0.09629350 -0.08552699 0.05225673 

----------
iteration: 10429, probabilities: [0.000002 0.000031 0.999863 0.000076 0.000027], probability: 0.9998632669448853