0.52440355 -0.07200053 -0.69472039 0.00542463 -0.01917195 0.00335022 0.12895257 
0.54276769 0.06112173 0.50491740 0.19993556 0.01403719 0.03955509 0.14690847 
0.66786487 0.67542491 0.28523960 -0.55145264 -0.00448423 0.00770746 0.11760408 

----------
0.52440355 -0.07200053 -0.69472039 0.00542463 -0.01917195 -0.01917195 -0.01917195 
0.54276769 0.06112173 0.50491740 0.19993556 0.01403719 0.01403719 0.01403719 
0.66786487 0.67542491 0.28523960 -0.55145264 -0.00448423 -0.00448423 -0.00448423 

----------
0.48560938 0.65009694 -0.27835615 -0.51416267 0.05941058 -0.11715201 0.05187326 
0.55727902 0.26611774 0.65486932 0.43587618 0.02061178 0.09268783 0.05225626 
0.60985439 0.70686176 -0.00746253 -0.35865425 -0.07041415 -0.12320598 0.05225710 

----------
iteration: 10677, probabilities: [0.000002 0.000043 0.999904 0.000040 0.000012], probability: 0.9999037981033325