0.65885079 0.02609182 -0.71741204 0.09729470 -0.02043885 0.00783993 0.17040413 
0.65745544 0.26402966 0.95014437 -0.18117061 0.02264184 -0.02437265 0.14530293 
0.53523726 0.90934283 0.76939275 0.15499786 -0.07200347 0.04769226 0.15532560 

----------
0.65885079 0.02609182 -0.71741204 0.09729470 -0.02043885 -0.02043885 -0.02043885 
0.65745544 0.26402966 0.95014437 -0.18117061 0.02264184 0.02264184 0.02264184 
0.53523726 0.90934283 0.76939275 0.15499786 -0.07200347 -0.07200347 -0.07200347 

----------
0.70084924 0.03349910 -0.70638364 0.09342117 0.00722732 -0.05869041 0.05138793 
0.96520601 0.00050181 0.00024354 -0.26210922 -0.08599223 0.15150036 0.05204412 
0.69954404 0.55360195 0.43953029 0.10571732 -0.16543118 -0.05323821 0.05225627 

----------
iteration: 11128, probabilities: [0.000004 0.000032 0.999825 0.000097 0.000043], probability: 0.9998250603675842