0.80569570 -0.14617806 -0.02375555 -0.61263279 0.02292131 -0.02299133 0.13756419 
0.31734233 0.83418384 0.93323435 -0.30739452 0.02052986 -0.02189669 0.18403239 
0.76575783 0.62765041 0.36878363 0.53517680 -0.00326336 -0.05071299 0.13703728 

----------
0.80569570 -0.14617806 -0.02375555 -0.61263279 0.02292131 0.02292131 0.02292131 
0.31734233 0.83418384 0.93323435 -0.30739452 0.02052986 0.02052986 0.02052986 
0.76575783 0.62765041 0.36878363 0.53517680 -0.00326336 -0.00326336 -0.00326336 

----------
0.81459810 0.00005559 0.00007795 -0.58013681 0.04630492 -0.06306339 0.05201145 
0.00130551 0.47662453 0.87926676 -0.00017000 0.08168312 0.05999879 0.05198870 
0.66237153 0.45039207 0.54474364 0.24847022 -0.04879653 0.01600317 0.05225625 

----------
iteration: 11799, probabilities: [0.000003 0.000032 0.999707 0.000183 0.000075], probability: 0.9997065663337708