0.70840473 0.49419988 -0.14001645 -0.08703261 0.00029804 0.02663160 0.12437068 
0.74389828 0.27860316 0.94054906 -0.07494756 -0.06259761 0.04513261 0.12845166 
0.54440257 0.85073542 0.46048647 0.16613444 0.01213168 0.00344390 0.15105718 

----------
0.70840473 0.49419988 -0.14001645 -0.08703261 0.00029804 0.00029804 0.00029804 
0.74389828 0.27860316 0.94054906 -0.07494756 -0.06259761 -0.06259761 -0.06259761 
0.54440257 0.85073542 0.46048647 0.16613444 0.01213168 0.01213168 0.01213168 

----------
0.63152491 0.70582755 0.03778863 -0.31885987 -0.01316561 -0.03549139 0.05225625 
0.68579264 0.50362380 0.49466597 0.17825301 -0.13170107 -0.18111002 0.05231310 
0.70218374 0.56558008 0.42395981 0.08623336 0.06464909 0.10949167 0.05225625 

----------
iteration: 11579, probabilities: [0.000002 0.000034 0.999899 0.000049 0.000017], probability: 0.9998985528945923