0.82271848 -0.36566849 -0.41779025 -0.33426699 0.05244194 0.07241682 0.14520565 
0.46629010 0.35895885 0.87316514 0.53618202 -0.04146898 -0.05363330 0.15367384 
0.51610872 0.77022518 0.06468172 -0.11189304 0.06275451 0.00830966 0.15620660 

----------
0.82271848 -0.36566849 -0.41779025 -0.33426699 0.05244194 0.05244194 0.05244194 
0.46629010 0.35895885 0.87316514 0.53618202 -0.04146898 -0.04146898 -0.04146898 
0.51610872 0.77022518 0.06468172 -0.11189304 0.06275451 0.06275451 0.06275451 

----------
0.70436635 -0.62290791 -0.33144824 -0.07807446 0.03880525 0.06989360 0.05238521 
0.51510641 0.20518747 0.67638056 0.48490696 -0.09615933 -0.05977262 0.05225626 
0.67234388 0.69207749 0.14372251 -0.22005091 0.14881974 0.12526530 0.05225215 

----------
iteration: 13135, probabilities: [0.000002 0.000027 0.999823 0.000095 0.000053], probability: 0.9998233914375305