0.54948324 0.05441810 -0.37378730 -0.09949027 0.02180857 -0.01822919 0.15826936 
0.44376172 0.98899237 0.98489188 0.65621690 -0.01783548 0.01166599 0.15695636 
0.57078312 0.54169708 0.28508670 -0.37726142 0.01836743 0.04356955 0.17307812 

----------
0.54948324 0.05441810 -0.37378730 -0.09949027 0.02180857 0.02180857 0.02180857 
0.44376172 0.98899237 0.98489188 0.65621690 -0.01783548 -0.01783548 -0.01783548 
0.57078312 0.54169708 0.28508670 -0.37726142 0.01836743 0.01836743 0.01836743 

----------
0.34123238 0.60394833 -0.36735938 -0.61979195 0.06640390 -0.07207619 0.05225625 
0.46879687 0.43802171 0.55491250 0.52966414 -0.07570009 -0.06145521 0.05085547 
0.68379932 0.68286776 0.18256974 -0.18160420 -0.06681191 0.08284373 0.05224934 

----------
iteration: 13279, probabilities: [0.000040 0.000139 0.898410 0.090154 0.011258], probability: 0.8984095454216003