0.94507869 0.05573214 0.32479936 0.17543543 -0.00594688 0.01059312 0.16404172 
0.36438208 0.45819173 0.92129229 -0.39240580 0.02314542 -0.05033450 0.12976339 
0.03916133 0.95599336 0.16969770 -0.58761563 0.02121488 0.01937567 0.14672700 

----------
0.94507869 0.05573214 0.32479936 0.17543543 -0.00594688 -0.00594688 -0.00594688 
0.36438208 0.45819173 0.92129229 -0.39240580 0.02314542 0.02314542 0.02314542 
0.03916133 0.95599336 0.16969770 -0.58761563 0.02121488 0.02121488 0.02121488 

----------
0.97051687 -0.00002297 0.00009291 0.24143269 -0.09933705 0.05728977 0.05201145 
0.00131384 0.18122628 0.98353905 -0.00047501 0.04094610 -0.13561154 0.05198001 
0.00077514 0.76791688 0.64071997 -0.00121265 0.04286546 -0.02525628 0.05197944 

----------
iteration: 14963, probabilities: [0.000002 0.000033 0.999885 0.000059 0.000020], probability: 0.9998854398727417