0.88704873 0.47264930 -0.32702218 0.51719707 0.01055580 -0.01017346 0.17678651 
0.22331316 0.37806450 0.51424979 0.37648477 0.02829541 -0.05749354 0.17363037 
0.70019953 0.63276843 -0.14698536 0.07294304 -0.02084373 -0.03023654 0.16705207 

----------
0.88704873 0.47264930 -0.32702218 0.51719707 0.01055580 0.01055580 0.01055580 
0.22331316 0.37806450 0.51424979 0.37648477 0.02829541 0.02829541 0.02829541 
0.70019953 0.63276843 -0.14698536 0.07294304 -0.02084373 -0.02084373 -0.02084373 

----------
0.69847951 0.66132261 0.24974012 -0.11263013 0.14338509 0.07744052 0.05225033 
0.55970487 0.55999719 0.43247948 0.43160270 0.06667217 -0.07230197 0.05050931 
0.63150933 0.70583223 0.03786106 -0.31882359 -0.06520406 -0.02576165 0.05226058 

----------
iteration: 14613, probabilities: [0.000002 0.000036 0.999875 0.000064 0.000023], probability: 0.9998748302459717