0.79192326 0.57264061 -0.37086497 -0.34710515 -0.02821237 -0.04626618 0.16254338 
0.83396146 0.49565655 0.99999940 0.17628471 -0.06944077 0.02832440 0.16035558 
0.36839776 0.67271587 0.17918683 0.68355780 -0.00676131 -0.00291449 0.14863327 

----------
0.79192326 0.57264061 -0.37086497 -0.34710515 -0.02821237 -0.02821237 -0.02821237 
0.83396146 0.49565655 0.99999940 0.17628471 -0.06944077 -0.06944077 -0.06944077 
0.36839776 0.67271587 0.17918683 0.68355780 -0.00676131 -0.00676131 -0.00676131 

----------
0.51549503 0.68767277 -0.16346064 -0.48451453 0.02256947 -0.13339080 0.05225650 
0.64264430 0.40964348 0.57606880 0.29588463 -0.14253322 -0.08185954 0.05226270 
0.64353650 0.41473041 0.57250380 0.29374435 0.02466839 0.11805004 0.05225544 

----------
iteration: 15487, probabilities: [0.000003 0.000031 0.999839 0.000092 0.000035], probability: 0.9998388290405273