0.99396407 0.20666287 -0.06972660 -0.10075306 0.02626800 0.03064826 0.12225244 
0.51923161 0.40235609 0.94917084 0.36585051 -0.00002194 0.07632035 0.16148652 
0.26680874 0.95205711 0.14743159 0.39861995 -0.03586032 -0.05910056 0.15983161 

----------
0.99396407 0.20666287 -0.06972660 -0.10075306 0.02626800 0.02626800 0.02626800 
0.51923161 0.40235609 0.94917084 0.36585051 -0.00002194 -0.00002194 -0.00002194 
0.26680874 0.95205711 0.14743159 0.39861995 -0.03586032 -0.03586032 -0.03586032 

----------
0.99872494 0.00000504 0.00009561 -0.05199771 0.08848375 0.04981538 0.05201145 
0.51908910 0.21074644 0.67469039 0.48066959 -0.09598994 0.05500741 0.05225627 
0.69116851 0.67389568 0.21356260 -0.15126109 0.00024885 -0.06890678 0.05235793 

----------
iteration: 15726, probabilities: [0.000006 0.000037 0.998639 0.000930 0.000388], probability: 0.9986390471458435