0.99783044 0.01019861 -0.21199760 0.28371114 0.01719546 -0.00188004 0.16779435 
0.16433713 0.18847741 0.98897445 0.04123408 -0.01233907 -0.03829337 0.14926440 
0.78510906 0.09751169 0.14674362 -0.62196382 0.01467878 0.04313365 0.14837542 

----------
0.99783044 0.01019861 -0.21199760 0.28371114 0.01719546 0.01719546 0.01719546 
0.16433713 0.18847741 0.98897445 0.04123408 -0.01233907 -0.01233907 -0.01233907 
0.78510906 0.09751169 0.14674362 -0.62196382 0.01467878 0.01467878 0.01467878 

----------
0.96333482 -0.00002564 0.00009224 0.26850746 0.10576761 -0.00988188 0.05201145 
0.00109803 0.16317390 0.98666526 0.00103292 -0.03518013 -0.04948196 0.05205997 
0.79432927 0.00005821 0.00007601 -0.60754977 -0.01745610 0.10774494 0.05201145 

----------
iteration: 16321, probabilities: [0.000002 0.000032 0.999876 0.000063 0.000027], probability: 0.9998763799667358