0.37578493 -0.46147263 0.40718983 -0.03249734 0.00827990 0.06388102 0.16926564 
0.50047945 0.13002140 0.29735284 -0.32377873 -0.00558288 0.00742345 0.16710415 
0.98371466 0.98866924 0.17955793 0.35943044 0.03053796 0.00491102 0.19188225 

----------
0.37578493 -0.46147263 0.40718983 -0.03249734 0.00827990 0.00827990 0.00827990 
0.50047945 0.13002140 0.29735284 -0.32377873 -0.00558288 -0.00558288 -0.00558288 
0.98371466 0.98866924 0.17955793 0.35943044 0.03053796 0.03053796 0.03053796 

----------
0.69350295 -0.53472413 0.46280430 -0.13807035 0.04739881 -0.06187026 0.05186130 
0.68119933 0.00001338 0.00009518 -0.73243272 -0.10038710 0.06589043 0.05201187 
0.70743614 0.61413124 0.34991172 -0.00223406 0.06315388 0.09322919 0.05225625 

----------
iteration: 17019, probabilities: [0.000002 0.000029 0.999880 0.000060 0.000028], probability: 0.9998804330825806