0.89987886 0.64004633 -0.36590307 -0.38632048 0.01685812 0.01661259 0.14023015 
0.71110859 0.18133491 0.96740640 0.48461650 -0.05265334 -0.01816460 0.19155687 
0.98765547 0.16129495 0.35462655 0.21770506 -0.01759922 0.05562418 0.16127442 

----------
0.89987886 0.64004633 -0.36590307 -0.38632048 0.01685812 0.01685812 0.01685812 
0.71110859 0.18133491 0.96740640 0.48461650 -0.05265334 -0.05265334 -0.05265334 
0.98765547 0.16129495 0.35462655 0.21770506 -0.01759922 -0.01759922 -0.01759922 

----------
0.52652822 0.69131122 -0.14758745 -0.47239032 0.04444065 0.05092668 0.05225282 
0.52873114 0.22437210 0.67029977 0.47006845 -0.10898480 -0.10750708 0.05225636 
0.99983949 0.00014263 0.00007750 -0.02147670 -0.01918357 -0.03849665 0.05201360 

----------
iteration: 18071, probabilities: [0.000002 0.000034 0.999892 0.000054 0.000017], probability: 0.9998924732208252