0.86118089 0.56900199 -0.82045338 0.06783238 0.03048974 -0.07925971 0.18605809 
-0.99706530 0.93761247 0.04922392 0.15702499 0.03415428 0.01246831 0.15611096 
0.24233870 0.05468186 -0.36286959 0.96268360 0.00842731 0.00490000 0.14490955 

----------
0.86118089 0.56900199 -0.82045338 0.06783238 0.03048974 0.03048974 0.03048974 
-0.99706530 0.93761247 0.04922392 0.15702499 0.03415428 0.03415428 0.03415428 
0.24233870 0.05468186 -0.36286959 0.96268360 0.00842731 0.00842731 0.00842731 

----------
0.70211431 0.52477056 -0.47435764 -0.08198962 0.06972309 0.08985413 0.05201900 
-0.68980766 0.67620316 -0.20550674 -0.15740090 0.10869778 -0.03758139 0.05193092 
0.24280356 0.00011596 0.00041398 0.97016202 -0.04067436 0.05117430 0.05202799 

----------
iteration: 1535, probabilities: [0.000004 0.000033 0.999574 0.000263 0.000126], probability: 0.9995741248130798