0.72172514 0.32440856 -0.51015930 0.46254920 -0.03564446 0.01817637 0.17586769 
-0.87933495 0.95789821 -0.13791680 -0.31762332 -0.01067156 -0.04273926 0.15387693 
0.37685159 -0.09276103 -0.54875486 0.77351816 0.01332339 0.00455241 0.14476202 

----------
0.72172514 0.32440856 -0.51015930 0.46254920 -0.03564446 -0.03564446 -0.03564446 
-0.87933495 0.95789821 -0.13791680 -0.31762332 -0.01067156 -0.01067156 -0.01067156 
0.37685159 -0.09276103 -0.54875486 0.77351816 0.01332339 0.01332339 0.01332339 

----------
0.63151416 0.41660235 -0.57185163 0.31731343 -0.09459515 -0.05324471 0.05189205 
-0.66241324 0.69799080 -0.11336226 -0.24734766 0.04543698 -0.06931483 0.05187341 
0.04089255 -0.37055071 -0.60229123 0.70599998 -0.03000470 0.07166220 0.05170202 

----------
iteration: 1950, probabilities: [0.000005 0.000037 0.999197 0.000556 0.000205], probability: 0.9991968274116516