0.79779576 -0.18907636 -0.39380689 0.01165653 -0.03265916 -0.01653501 0.14831080 
-0.94839915 0.86992120 -0.39636050 -0.13216716 0.00737178 -0.04144262 0.17538052 
0.99066036 0.48798955 -0.33537801 0.97407167 -0.02708311 -0.02813206 0.15921875 

----------
0.79779576 -0.18907636 -0.39380689 0.01165653 -0.03265916 -0.03265916 -0.03265916 
-0.94839915 0.86992120 -0.39636050 -0.13216716 0.00737178 0.00737178 0.00737178 
0.99066036 0.48798955 -0.33537801 0.97407167 -0.02708311 -0.02708311 -0.02708311 

----------
0.69581742 -0.43471727 -0.55188344 0.14955572 -0.04853217 -0.06542600 0.05250909 
-0.70502192 0.63928757 -0.30238892 -0.05399837 0.05099993 0.00850582 0.05187164 
0.85510854 -0.00003139 0.00006980 0.51870870 -0.06695389 0.09920231 0.05201121 

----------
iteration: 2407, probabilities: [0.000007 0.000038 0.998309 0.001170 0.000476], probability: 0.9983086585998535