0.93914037 0.35411104 -0.98233252 0.30045752 0.05098013 -0.01647268 0.14879339 
-0.60617949 0.97299681 0.02793498 -0.04069312 0.01102904 0.00477868 0.16975033 
0.16875028 0.54941056 -0.84577090 0.90952785 0.02428198 -0.01524137 0.15672614 

----------
0.93914037 0.35411104 -0.98233252 0.30045752 0.05098013 0.05098013 0.05098013 
-0.60617949 0.97299681 0.02793498 -0.04069312 0.01102904 0.01102904 0.01102904 
0.16875028 0.54941056 -0.84577090 0.90952785 0.02428198 0.02428198 0.02428198 

----------
0.65245145 0.17611545 -0.68464696 0.27309632 0.09434277 0.09086121 0.05169544 
-0.67773527 0.68871656 -0.16055339 -0.20174734 0.05543680 -0.08229527 0.05187248 
-0.29226997 -0.06560833 -0.70392131 0.64419698 -0.10431629 0.04259743 0.05189551 

----------
iteration: 3908, probabilities: [0.000003 0.000029 0.999806 0.000111 0.000052], probability: 0.999805748462677