0.66490955 0.05937993 -0.67018418 -0.06318980 -0.00144765 0.00258724 0.16031000 
-0.56094113 0.70427990 -0.26779605 0.04061927 -0.00147588 -0.03192551 0.17770531 
0.71351067 0.17541725 -0.40062332 0.42200268 -0.03426442 0.06621400 0.17757485 

----------
0.66490955 0.05937993 -0.67018418 -0.06318980 -0.00144765 -0.00144765 -0.00144765 
-0.56094113 0.70427990 -0.26779605 0.04061927 -0.00147588 -0.00147588 -0.00147588 
0.71351067 0.17541725 -0.40062332 0.42200268 -0.03426442 -0.03426442 -0.03426442 

----------
0.36189781 0.61596193 -0.34681282 -0.60794202 -0.00377204 -0.20433953 0.05225626 
-0.70601412 0.63275238 -0.31575429 -0.03921786 -0.08248187 0.01510643 0.05187238 
0.57871544 0.70307412 -0.07494881 -0.40686786 0.11356669 -0.07017918 0.05223470 

----------
iteration: 4405, probabilities: [0.000002 0.000039 0.999813 0.000114 0.000032], probability: 0.9998127818107605