0.27331897 0.24048580 -0.68840356 -0.12551449 0.04148144 -0.06943462 0.17075624 
-0.31802216 0.67777475 -0.52052765 0.16671595 0.02301250 -0.00152892 0.13421068 
0.52588471 0.23032199 0.15729973 0.17678641 0.06331349 -0.04106985 0.15527050 

----------
0.27331897 0.24048580 -0.68840356 -0.12551449 0.04148144 0.04148144 0.04148144 
-0.31802216 0.67777475 -0.52052765 0.16671595 0.02301250 0.02301250 0.02301250 
0.52588471 0.23032199 0.15729973 0.17678641 0.06331349 0.06331349 0.06331349 

----------
0.14853416 0.47274958 -0.52554129 -0.69173660 0.11207730 -0.10393347 0.05225626 
-0.67672463 0.49860404 -0.50146837 0.20534541 -0.08059785 -0.01755675 0.05170346 
0.67895972 0.48948621 0.50992400 0.19876717 0.11314962 0.11168721 0.05225625 

----------
iteration: 4710, probabilities: [0.000007 0.000044 0.998498 0.001055 0.000396], probability: 0.9984984397888184