0.52460729 0.45050338 -0.87309331 0.60366430 -0.04350679 -0.04553760 0.13688323 
-0.96956016 0.97672639 -0.36636128 0.54728329 -0.04628570 -0.04903931 0.17601173 
-0.03617987 0.52550123 -0.37935499 0.88164022 0.01055133 -0.00845075 0.15991078 

----------
0.52460729 0.45050338 -0.87309331 0.60366430 -0.04350679 -0.04350679 -0.04350679 
-0.96956016 0.97672639 -0.36636128 0.54728329 -0.04628570 -0.04628570 -0.04628570 
-0.03617987 0.52550123 -0.37935499 0.88164022 0.01055133 0.01055133 0.01055133 

----------
-0.07051221 -0.27124819 -0.65312253 0.70373607 -0.18990503 0.03947918 0.05170439 
-0.69851832 0.55232957 -0.44157350 0.10989417 0.00567837 -0.13083121 0.05187270 
0.06419311 0.40810341 -0.57130985 0.70932092 0.04375203 -0.00817935 0.05247643 

----------
iteration: 4204, probabilities: [0.000003 0.000033 0.999845 0.000089 0.000031], probability: 0.9998447895050049