0.98250262 0.53467928 -0.20837895 0.89108775 0.00416463 -0.01400794 0.18042180 
0.07980107 0.21425783 0.20498116 -0.48900566 0.04079601 -0.01767661 0.15148121 
0.15002513 0.05588445 -0.31274760 0.99248543 0.02058825 -0.00571810 0.15555289 

----------
0.98250262 0.53467928 -0.20837895 0.89108775 0.00416463 0.00416463 0.00416463 
0.07980107 0.21425783 0.20498116 -0.48900566 0.04079601 0.04079601 0.04079601 
0.15002513 0.05588445 -0.31274760 0.99248543 0.02058825 0.02058825 0.02058825 

----------
0.98947297 -0.00001283 0.00009445 0.14549295 0.07204357 0.03834724 0.05201145 
-0.27563445 0.00327477 -0.00056206 -0.96145489 0.10984977 0.15264331 0.05225052 
0.19104352 -0.00009392 0.00001845 0.98166031 -0.05186982 0.02904038 0.05201145 

----------
iteration: 5151, probabilities: [0.000011 0.000052 0.995479 0.003261 0.001197], probability: 0.9954785704612732