0.95315033 0.37375210 -0.98256161 -0.19374564 -0.03048999 -0.02163667 0.16427532 
-0.90090950 0.87249618 0.37360359 -0.41551127 0.03350399 -0.05942874 0.14933982 
0.56346523 0.41813716 -0.60960693 0.17644669 0.00154552 0.01717511 0.18924211 

----------
0.95315033 0.37375210 -0.98256161 -0.19374564 -0.03048999 -0.03048999 -0.03048999 
-0.90090950 0.87249618 0.37360359 -0.41551127 0.03350399 0.03350399 0.03350399 
0.56346523 0.41813716 -0.60960693 0.17644669 0.00154552 0.00154552 0.00154552 

----------
0.41604754 0.64512375 -0.28893750 -0.57223308 -0.06690707 -0.17662653 0.05225626 
-0.54965795 0.69789412 0.11406440 -0.44481579 0.10666884 0.11487738 0.05187241 
0.58105923 0.70424857 -0.06268756 -0.40344279 0.07655259 -0.04258277 0.05227039 

----------
iteration: 5385, probabilities: [0.000002 0.000043 0.999904 0.000039 0.000013], probability: 0.9999039173126221