0.97513700 0.16645588 -0.79472433 -0.13582714 0.02522276 0.04351622 0.19368303 
-0.41598551 -0.09083627 0.09631537 -0.95517293 0.00460510 -0.06698096 0.16211810 
0.76703187 0.32846180 -0.68357751 0.68717267 0.03930027 -0.03745810 0.14177272 

----------
0.97513700 0.16645588 -0.79472433 -0.13582714 0.02522276 0.02522276 0.02522276 
-0.41598551 -0.09083627 0.09631537 -0.95517293 0.00460510 0.00460510 0.00460510 
0.76703187 0.32846180 -0.68357751 0.68717267 0.03930027 0.03930027 0.03930027 

----------
0.32701783 -0.59314175 -0.37913792 0.63070888 -0.03298295 0.21290385 0.05233801 
-0.26477099 0.00009354 -0.00001935 -0.96437164 -0.02631352 -0.02736118 0.05201112 
0.31634909 0.24995924 -0.66142269 0.63248876 0.08275063 0.01384979 0.05195648 

----------
iteration: 5950, probabilities: [0.000002 0.000029 0.999863 0.000067 0.000039], probability: 0.9998632669448853