-0.01011737 0.40941496 -0.90451009 0.11738248 0.00411744 0.02188871 0.17605920 
0.25035586 0.98536262 -0.44761704 -0.30508252 -0.04923425 0.03828129 0.17586389 
0.83654765 0.40904347 -0.77987663 0.73483091 -0.04423537 -0.00885387 0.15984592 

----------
-0.01011737 0.40941496 -0.90451009 0.11738248 0.00411744 0.00411744 0.00411744 
0.25035586 0.98536262 -0.44761704 -0.30508252 -0.04923425 -0.04923425 -0.04923425 
0.83654765 0.40904347 -0.77987663 0.73483091 -0.04423537 -0.04423537 -0.04423537 

----------
-0.00099251 0.39041536 -0.92068960 -0.00035051 0.07654276 -0.01250811 0.05195181 
0.07261960 0.41296524 -0.57374869 -0.70379659 -0.04337064 0.04266505 0.05225625 
0.58722171 0.41281710 -0.57337818 0.39501347 -0.06728462 -0.13424262 0.05177988 

----------
iteration: 5503, probabilities: [0.000002 0.000034 0.999896 0.000051 0.000018], probability: 0.9998956918716431