0.58342996 0.52163982 -0.99993133 0.62271954 -0.01223483 -0.02623589 0.18182132 
-0.87679396 0.91460380 -0.00321677 -0.84973949 0.03202531 0.01074366 0.15282845 
0.57342760 0.65594794 -0.07077837 0.75184571 0.00966164 -0.03100410 0.13423233 

----------
0.58342996 0.52163982 -0.99993133 0.62271954 -0.01223483 -0.01223483 -0.01223483 
-0.87679396 0.91460380 -0.00321677 -0.84973949 0.03202531 0.03202531 0.03202531 
0.57342760 0.65594794 -0.07077837 0.75184571 0.00966164 0.00966164 0.00966164 

----------
0.16793554 -0.48621537 -0.51362370 0.68697608 -0.10178552 0.01944778 0.05187102 
-0.59684533 0.70636110 0.03363928 -0.37917181 0.07813960 0.01486566 0.05187350 
0.70761270 0.61447854 0.34926630 -0.00244374 0.04629692 0.12064087 0.05224349 

----------
iteration: 6202, probabilities: [0.000002 0.000029 0.999880 0.000058 0.000031], probability: 0.9998801946640015