0.69139994 0.32427561 -0.74070087 0.04535684 0.03383262 -0.01204674 0.15348371 
-0.93445070 0.99903580 -0.23706511 -0.41258888 -0.05524040 0.01312537 0.16780155 
0.68272798 -0.42716810 -0.96447539 0.89025843 0.01872748 0.01109175 0.14204087 

----------
0.69139994 0.32427561 -0.74070087 0.04535684 0.03383262 0.03383262 0.03383262 
-0.93445070 0.99903580 -0.23706511 -0.41258888 -0.05524040 -0.05524040 -0.05524040 
0.68272798 -0.42716810 -0.96447539 0.89025843 0.01872748 0.01872748 0.01872748 

----------
0.48689883 0.67747689 -0.20232300 -0.51312888 0.13810898 -0.02461154 0.05228177 
-0.66367490 0.69745733 -0.11684823 -0.24403671 -0.05521962 -0.09488853 0.05187241 
0.19506907 -0.50623092 -0.49378436 0.67967555 -0.06534362 0.07095753 0.05187241 

----------
iteration: 7785, probabilities: [0.000003 0.000031 0.999782 0.000132 0.000052], probability: 0.9997820258140564