0.53510174 -0.01446708 -0.52907874 0.98102612 0.06068639 0.04331111 0.18820338 
-0.26592264 0.82979967 -0.04786649 0.29245743 -0.00889972 -0.01361424 0.13405000 
0.99991991 0.16667274 -0.75423885 0.18638805 0.05470097 0.00569521 0.12065176 

----------
0.53510174 -0.01446708 -0.52907874 0.98102612 0.06068639 0.06068639 0.06068639 
-0.26592264 0.82979967 -0.04786649 0.29245743 -0.00889972 -0.00889972 -0.00889972 
0.99991991 0.16667274 -0.75423885 0.18638805 0.05470097 0.05470097 0.05470097 

----------
0.41482370 0.00015437 0.00028219 0.91003324 0.15541020 0.09872777 0.05202121 
-0.65154716 0.43059351 -0.56105920 0.27500579 0.00349556 -0.14441264 0.05186199 
0.47090635 0.67068318 -0.22336288 -0.52804352 0.02309840 -0.00491534 0.05225618 

----------
iteration: 7808, probabilities: [0.000003 0.000038 0.999767 0.000142 0.000050], probability: 0.9997671246528625