0.83934970 0.13126494 -0.03451791 -0.40677342 -0.01252673 -0.00464990 0.16713624 
-0.58326325 0.98521533 -0.17832913 -0.01284657 -0.01168485 0.03280694 0.17736898 
-0.07004709 0.30911280 0.19559279 0.41094527 0.02753367 -0.05409682 0.16270202 

----------
0.83934970 0.13126494 -0.03451791 -0.40677342 -0.01252673 -0.01252673 -0.01252673 
-0.58326325 0.98521533 -0.17832913 -0.01284657 -0.01168485 -0.01168485 -0.01168485 
-0.07004709 0.30911280 0.19559279 0.41094527 0.02753367 0.02753367 0.02753367 

----------
0.89625014 0.00084234 -0.00196057 -0.44366044 -0.03586000 0.07441292 0.05209464 
-0.69717099 0.66456935 -0.24002845 -0.12169982 -0.03634342 -0.11861273 0.05192844 
0.04549563 0.47676409 0.52232631 0.70557810 0.08364346 0.05078762 0.05195358 

----------
iteration: 7905, probabilities: [0.000003 0.000031 0.999696 0.000190 0.000080], probability: 0.9996957778930664