0.56613032 0.07696047 -0.63582374 0.66806183 -0.02327403 0.00574475 0.12887158 
-0.99936890 0.99866427 -0.57044113 0.17773581 -0.02845653 -0.02857355 0.16833709 
0.05467076 0.58292062 -0.99490656 0.99693708 0.03315759 0.02765933 0.15912230 

----------
0.56613032 0.07696047 -0.63582374 0.66806183 -0.02327403 -0.02327403 -0.02327403 
-0.99936890 0.99866427 -0.57044113 0.17773581 -0.02845653 -0.02845653 -0.02845653 
0.05467076 0.58292062 -0.99490656 0.99693708 0.03315759 0.03315759 0.03315759 

----------
-0.04001914 -0.31483151 -0.63327594 0.70601627 -0.07668256 -0.00238109 0.05186964 
-0.70413639 0.57959117 -0.40513101 0.06470712 -0.09296578 -0.12076115 0.05187399 
-0.18750277 -0.17419063 -0.68542653 0.68182210 0.01132545 0.09290321 0.05186352 

----------
iteration: 8727, probabilities: [0.000003 0.000031 0.999878 0.000063 0.000025], probability: 0.9998779296875