0.22513001 -0.54873541 -0.69541855 0.42759087 0.00640377 -0.02445474 0.16010060 
-0.84894026 0.56175460 0.24345815 -0.45058954 0.02262412 -0.01436296 0.14811638 
0.21405324 0.45414727 -0.64180674 0.58515658 -0.02122429 0.02163453 0.14498980 

----------
0.22513001 -0.54873541 -0.69541855 0.42759087 0.00640377 0.00640377 0.00640377 
-0.84894026 0.56175460 0.24345815 -0.45058954 0.02262412 0.02262412 0.02262412 
0.21405324 0.45414727 -0.64180674 0.58515658 -0.02122429 -0.02122429 -0.02122429 

----------
0.22328874 -0.52641502 -0.47223014 0.67094201 0.06293807 -0.04640814 0.05187199 
-0.54433022 0.69650044 0.12237513 -0.45134379 0.05777253 0.11427680 0.05187241 
-0.24225473 -0.11920365 -0.69683435 0.66469224 -0.17568692 0.00320482 0.05189836 

----------
iteration: 8955, probabilities: [0.000002 0.000032 0.999912 0.000038 0.000017], probability: 0.999911904335022