0.13147308 0.06518361 -0.74584185 0.79516784 0.04249222 0.00008666 0.14469592 
-0.83657743 0.61027084 -0.27968791 -0.00564952 0.01135519 -0.03726959 0.14926247 
0.60279285 -0.23148491 -0.29366603 0.79794159 -0.01468239 -0.03416482 0.17340224 

----------
0.13147308 0.06518361 -0.74584185 0.79516784 0.04249222 0.04249222 0.04249222 
-0.83657743 0.61027084 -0.27968791 -0.00564952 0.01135519 0.01135519 0.01135519 
0.60279285 -0.23148491 -0.29366603 0.79794159 -0.01468239 -0.01468239 -0.01468239 

----------
-0.06881289 -0.00884130 -0.70768466 0.70314714 0.04867201 0.09313513 0.05122931 
-0.70644349 0.62922620 -0.32255887 -0.03163114 0.06545454 -0.03823946 0.05187409 
0.61660191 -0.02210016 -0.01076605 0.78697792 -0.03367705 -0.00362643 0.05422614 

----------
iteration: 12487, probabilities: [0.000003 0.000030 0.999804 0.000114 0.000049], probability: 0.9998043179512024