0.61544565 -0.01761547 -0.97578513 0.25923278 -0.03818598 -0.04234239 0.14941273 
-0.98147440 0.98838122 0.41720236 -0.47982191 -0.00032459 0.02570555 0.15747850 
0.36835595 -0.31127603 -0.66938185 0.67233587 0.00745042 0.01879864 0.15002604 

----------
0.61544565 -0.01761547 -0.97578513 0.25923278 -0.03818598 -0.03818598 -0.03818598 
-0.98147440 0.98838122 0.41720236 -0.47982191 -0.00032459 -0.00032459 -0.00032459 
0.36835595 -0.31127603 -0.66938185 0.67233587 0.00745042 0.00745042 0.00745042 

----------
0.63698446 -0.35607643 -0.60992539 0.30927817 -0.06833713 -0.03382859 0.05234870 
-0.54875678 0.69765852 0.11547042 -0.44592019 0.08137670 -0.01510506 0.05187240 
0.15089369 -0.46758011 -0.53045041 0.69086081 -0.03442494 0.09388718 0.05178975 

----------
iteration: 12876, probabilities: [0.000003 0.000028 0.999794 0.000119 0.000056], probability: 0.9997941851615906