0.42532069 0.12569367 -0.86727419 0.63364575 0.00971419 0.00187606 0.18703526 
-0.38322272 0.72721298 -0.39239919 -0.76086330 -0.00594829 0.05797271 0.14593267 
0.02300310 0.59237872 0.02098730 0.78533050 -0.03047899 0.03347586 0.14991892 

----------
0.42532069 0.12569367 -0.86727419 0.63364575 0.00971419 0.00971419 0.00971419 
-0.38322272 0.72721298 -0.39239919 -0.76086330 -0.00594829 -0.00594829 -0.00594829 
0.02300310 0.59237872 0.02098730 0.78533050 -0.03047899 -0.03047899 -0.03047899 

----------
-0.08777675 -0.27142254 -0.65305744 0.70170032 -0.05925553 0.11296085 0.05187102 
-0.09529196 0.26673504 -0.65336395 -0.70242625 0.13800556 -0.03039995 0.05233153 
0.37423003 0.67749389 0.19605842 0.60215001 -0.06197086 -0.00844962 0.05235430 

----------
iteration: 12711, probabilities: [0.000003 0.000027 0.999805 0.000109 0.000056], probability: 0.9998052716255188