0.50056839 0.01568147 -0.53535512 0.62467473 -0.00663285 -0.05349098 0.17707284 
-0.99985642 0.67664347 -0.41917442 0.54868813 0.03122788 -0.01132233 0.17294162 
0.46964882 -0.07028424 -0.45594466 0.94104034 -0.04875848 -0.01031526 0.15328464 

----------
0.50056839 0.01568147 -0.53535512 0.62467473 -0.00663285 -0.00663285 -0.00663285 
-0.99985642 0.67664347 -0.41917442 0.54868813 0.03122788 0.03122788 0.03122788 
0.46964882 -0.07028424 -0.45594466 0.94104034 -0.04875848 -0.04875848 -0.04875848 

----------
0.52824463 -0.03300101 -0.70426315 0.47326807 0.01080747 -0.09903108 0.05215729 
-0.67919357 0.49251032 -0.50745608 0.19675062 0.07861703 0.06486715 0.05187313 
0.92592976 -0.00001585 0.00011987 0.37805907 -0.06679152 -0.02126994 0.05201114 

----------
iteration: 13637, probabilities: [0.000002 0.000032 0.999865 0.000075 0.000026], probability: 0.9998646974563599