0.27765015 0.23753136 -0.52655754 0.67201119 -0.06686239 -0.08950198 0.13929659 
-0.29830233 0.93754841 0.53337965 -0.45702483 -0.02120756 0.05396202 0.14455773 
0.25603059 -0.16540507 -0.58563793 0.26488882 -0.00705045 -0.06864707 0.14915451 

----------
0.27765015 0.23753136 -0.52655754 0.67201119 -0.06686239 -0.06686239 -0.06686239 
-0.29830233 0.93754841 0.53337965 -0.45702483 -0.02120756 -0.02120756 -0.02120756 
0.25603059 -0.16540507 -0.58563793 0.26488882 -0.00705045 -0.00705045 -0.00705045 

----------
-0.18405049 -0.17764980 -0.68453372 0.68278882 -0.22453552 -0.08309815 0.05186373 
-0.32187196 0.58361497 0.39944872 -0.62968641 0.02165911 -0.07898790 0.05172302 
0.19764030 -0.50816926 -0.49183146 0.67898004 0.07381406 0.11523535 0.05187618 

----------
iteration: 13733, probabilities: [0.000004 0.000031 0.999804 0.000116 0.000046], probability: 0.9998043179512024