0.67693086 -0.37292789 -0.58868605 0.06661124 0.03699622 -0.00166050 0.16034506 
-0.56097670 0.99073583 -0.38862023 -0.97450584 -0.03824612 -0.01628059 0.14916287 
0.44844770 0.47809245 -0.52043472 0.91886249 -0.02328822 0.08371121 0.15739553 

----------
0.67693086 -0.37292789 -0.58868605 0.06661124 0.03699622 0.03699622 0.03699622 
-0.56097670 0.99073583 -0.38862023 -0.97450584 -0.03824612 -0.03824612 -0.03824612 
0.44844770 0.47809245 -0.52043472 0.91886249 -0.02328822 -0.02328822 -0.02328822 

----------
0.50773910 -0.68496573 -0.17601253 0.49221693 0.10548565 0.11181505 0.05187241 
-0.60510452 0.70679473 0.01826685 -0.36662072 -0.07962529 -0.12984224 0.05189676 
-0.34007075 -0.01152441 -0.70715100 0.62005812 -0.15009332 -0.03154699 0.05186857 

----------
iteration: 16126, probabilities: [0.000003 0.000032 0.999814 0.000111 0.000040], probability: 0.9998138546943665