-0.02975453 -0.36505971 -0.15920978 0.31475484 -0.00048881 0.01258304 0.17009009 
-0.99928994 0.99984440 -0.66698839 -0.09491623 -0.02688207 0.00113689 0.16289820 
0.42223029 0.54664704 -0.91058239 0.21286725 -0.00456476 0.01158141 0.15810660 

----------
-0.02975453 -0.36505971 -0.15920978 0.31475484 -0.00048881 -0.00048881 -0.00048881 
-0.99928994 0.99984440 -0.66698839 -0.09491623 -0.02688207 -0.02688207 -0.02688207 
0.42223029 0.54664704 -0.91058239 0.21286725 -0.00456476 -0.00456476 -0.00456476 

----------
0.39366323 -0.00008800 0.00003774 0.91947618 0.13592122 0.06019925 0.05201145 
-0.70709779 0.61653689 -0.34637060 -0.00459282 -0.10288045 -0.04749208 0.05187241 
0.16949293 0.52182995 -0.48082681 -0.68429956 0.06774776 -0.14151150 0.05713105 

----------
iteration: 16732, probabilities: [0.000004 0.000039 0.999470 0.000363 0.000124], probability: 0.9994704127311707