0.26648467 -0.12535303 -0.46606261 0.15293424 0.00608179 -0.00369351 0.15294529 
-0.80880654 0.98694539 0.14986361 0.12012694 0.01428765 -0.01798758 0.16784205 
0.55993463 0.60251383 -0.36318316 0.96532808 -0.00548200 0.01291267 0.12546063 

----------
0.26648467 -0.12535303 -0.46606261 0.15293424 0.00608179 0.00608179 0.00608179 
-0.80880654 0.98694539 0.14986361 0.12012694 0.01428765 0.01428765 0.01428765 
0.55993463 0.60251383 -0.36318316 0.96532808 -0.00548200 -0.00548200 -0.00548200 

----------
0.61069460 -0.34594840 -0.61652970 0.35693161 -0.03698753 -0.01789000 0.05199661 
-0.69436530 0.66957853 -0.22755098 -0.13373457 0.04594710 0.08275695 0.05186574 
0.70601035 0.65692293 0.26201510 0.04074169 0.18325645 -0.01188316 0.05162820 

----------
iteration: 16953, probabilities: [0.000002 0.000036 0.999862 0.000070 0.000031], probability: 0.9998619556427002