0.92547676 0.11801170 -0.52234998 0.23368741 -0.02153198 0.03298846 0.16188558 
-0.64163367 0.73739744 -0.09318820 -0.61035703 0.03253813 0.01136370 0.17348022 
0.23498117 0.29192839 -0.33523558 0.30043267 -0.00949964 0.05521592 0.14441260 

----------
0.92547676 0.11801170 -0.52234998 0.23368741 -0.02153198 -0.02153198 -0.02153198 
-0.64163367 0.73739744 -0.09318820 -0.61035703 0.03253813 0.03253813 0.03253813 
0.23498117 0.29192839 -0.33523558 0.30043267 -0.00949964 -0.00949964 -0.00949964 

----------
0.64094681 0.28017908 -0.64887407 0.29962016 -0.10103195 0.00659276 0.05154902 
-0.52259519 0.69001371 0.15487530 -0.47635868 0.05570414 0.04113861 0.05187241 
0.53539622 0.45702113 -0.53882482 0.46287525 0.00377782 -0.07847206 0.05158525 

----------
iteration: 18479, probabilities: [0.000002 0.000030 0.999857 0.000080 0.000031], probability: 0.9998571872711182