0.63903977 0.02403795 -0.22734198 0.43497992 -0.01195780 -0.01766116 0.16007965 
-0.41120775 0.27389336 -0.38739302 0.20990156 -0.03051153 0.00041042 0.16576109 
0.99627390 0.39485554 -0.63251707 0.60509992 -0.03006639 -0.06672594 0.14952541 

----------
0.63903977 0.02403795 -0.22734198 0.43497992 -0.01195780 -0.01195780 -0.01195780 
-0.41120775 0.27389336 -0.38739302 0.20990156 -0.03051153 -0.03051153 -0.03051153 
0.99627390 0.39485554 -0.63251707 0.60509992 -0.03006639 -0.03006639 -0.03006639 

----------
0.75913838 0.00028271 0.00016437 0.65115862 -0.01149284 0.07288300 0.05202095 
-0.63440126 0.39639110 -0.58559577 0.31225217 -0.08353557 -0.08179916 0.05187241 
0.63461685 0.70549676 0.04460747 -0.31281796 0.14196411 -0.11237543 0.05225973 

----------
iteration: 20935, probabilities: [0.000006 0.000041 0.998960 0.000737 0.000257], probability: 0.998960018157959