0.44459004 -0.04117989 -0.77919703 -0.07365804 0.03067437 -0.02188425 0.16849461 
-0.77134817 0.86064994 0.25912222 -0.25902470 0.00168007 -0.01211087 0.14777626 
0.35125867 -0.11955115 -0.30259353 0.61210353 0.02090690 0.02925934 0.15916397 

----------
0.44459004 -0.04117989 -0.77919703 -0.07365804 0.03067437 0.03067437 0.03067437 
-0.77134817 0.86064994 0.25912222 -0.25902470 0.00168007 0.00168007 0.00168007 
0.35125867 -0.11955115 -0.30259353 0.61210353 0.02090690 0.02090690 0.02090690 

----------
0.39923429 -0.63589490 -0.30896585 0.58405724 0.02442957 0.19088125 0.05189981 
-0.59716747 0.70638087 0.03304412 -0.37864880 -0.00829257 -0.05122630 0.05187241 
0.51172248 -0.00008289 0.00004732 0.85932527 0.15360690 0.06811443 0.05201140 

----------
iteration: 20850, probabilities: [0.000004 0.000037 0.999541 0.000268 0.000150], probability: 0.9995408058166504