0.24764237 -0.04247984 -0.28789683 0.11702961 0.01915989 -0.01217778 0.14165509 
-0.95623531 0.36777405 0.33658014 -0.45297932 -0.01729617 -0.00608091 0.17994905 
0.51072330 0.22714050 -0.82164361 0.99653111 0.05861349 -0.06115567 0.14785620 

----------
0.24764237 -0.04247984 -0.28789683 0.11702961 0.01915989 0.01915989 0.01915989 
-0.95623531 0.36777405 0.33658014 -0.45297932 -0.01729617 -0.01729617 -0.01729617 
0.51072330 0.22714050 -0.82164361 0.99653111 0.05861349 0.05861349 0.05861349 

----------
0.54417734 -0.03886098 -0.70586548 0.45188504 0.08464558 -0.02075394 0.05195663 
-0.89748549 -0.06448787 0.05163765 -0.43334290 -0.03189013 -0.05627845 0.05812673 
-0.44006842 0.10919574 -0.69873311 0.55355277 0.00636964 0.08037126 0.05185690 

----------
iteration: 21184, probabilities: [0.000002 0.000031 0.999836 0.000094 0.000037], probability: 0.9998362064361572