0.75261301 0.27634839 -0.95916952 -0.26066865 0.02695360 -0.01406384 0.16580638 
-0.75390261 0.58657835 -0.24850915 0.05530933 0.02052916 -0.05852918 0.16407943 
0.39346385 0.24126274 -0.78935230 0.54646668 -0.01135557 -0.05251378 0.17102968 

----------
0.75261301 0.27634839 -0.95916952 -0.26066865 0.02695360 0.02695360 0.02695360 
-0.75390261 0.58657835 -0.24850915 0.05530933 0.02052916 0.02052916 0.02052916 
0.39346385 0.24126274 -0.78935230 0.54646668 -0.01135557 -0.01135557 -0.01135557 

----------
0.39674126 0.63524992 -0.31002017 -0.58586121 0.11345775 -0.04361892 0.05226915 
-0.70706412 0.61713798 -0.34524879 -0.00586497 -0.04244809 0.07448521 0.05187241 
-0.11130144 -0.24517550 -0.66337044 0.69834739 -0.07012957 -0.05209869 0.05182815 

----------
iteration: 21835, probabilities: [0.000003 0.000031 0.999827 0.000101 0.000040], probability: 0.9998267292976379