0.55497461 0.21726303 -0.20212828 0.88972151 0.05312650 0.03490037 0.16025817 
-0.68005407 0.98539096 -0.28074862 -0.63288174 0.01632340 -0.02785070 0.18141643 
0.31928584 0.16838858 -0.89586268 0.28006196 0.00005568 0.00816668 0.15371946 

----------
0.55497461 0.21726303 -0.20212828 0.88972151 0.05312650 0.05312650 0.05312650 
-0.68005407 0.98539096 -0.28074862 -0.63288174 0.01632340 0.01632340 0.01632340 
0.31928584 0.16838858 -0.89586268 0.28006196 0.00005568 0.00005568 0.00005568 

----------
0.53148349 -0.00008106 0.00005094 0.84714901 0.02296891 0.13806066 0.05201145 
-0.70662586 0.62838570 -0.32459808 -0.02710870 0.08410749 -0.02929026 0.05184983 
0.07141070 -0.40870538 -0.57715163 0.70360850 -0.10706218 0.06795140 0.05184896 

----------
iteration: 22462, probabilities: [0.000003 0.000027 0.999691 0.000172 0.000106], probability: 0.9996912479400635