0.04696042 -0.05969303 -0.64920491 0.26087139 0.04958043 -0.02180410 0.13846752 
-0.36937307 0.78557725 -0.68327847 0.01439644 -0.04382894 -0.04665617 0.16937776 
0.28728287 0.65890245 -0.99785860 0.59479341 0.04143990 -0.00383635 0.14930782 

----------
0.04696042 -0.05969303 -0.64920491 0.26087139 0.04958043 0.04958043 0.04958043 
-0.36937307 0.78557725 -0.68327847 0.01439644 -0.04382894 -0.04382894 -0.04382894 
0.28728287 0.65890245 -0.99785860 0.59479341 0.04143990 0.04143990 0.04143990 

----------
-0.23157070 -0.12988737 -0.69515451 0.66813449 0.06577510 0.05424732 0.05187242 
-0.70246970 0.57482486 -0.41192299 0.08117516 -0.10595778 -0.09193488 0.05178939 
-0.28377900 -0.07458774 -0.70331457 0.64778892 -0.08165337 0.13113042 0.05187824 

----------
iteration: 22632, probabilities: [0.000005 0.000031 0.999365 0.000401 0.000197], probability: 0.9993652701377869