0.99703551 0.09310016 -0.96587900 0.19074652 0.04155650 0.02118431 0.14781990 
-0.94265447 0.66198074 -0.34882377 0.70834078 -0.03418675 -0.01521234 0.15108370 
0.35363526 0.32969262 -0.79249577 0.99748026 -0.05766310 -0.04742688 0.15903873 

----------
0.99703551 0.09310016 -0.96587900 0.19074652 0.04155650 0.04155650 0.04155650 
-0.94265447 0.66198074 -0.34882377 0.70834078 -0.03418675 -0.03418675 -0.03418675 
0.35363526 0.32969262 -0.79249577 0.99748026 -0.05766310 -0.05766310 -0.05766310 

----------
0.69544698 0.07329773 -0.70335579 0.12759061 0.03200463 0.07025577 0.05139121 
-0.67215282 0.47508491 -0.52383285 0.21962242 0.06327830 -0.08538289 0.05187234 
-0.19393526 -0.16855997 -0.68682485 0.68004551 -0.17463733 -0.07348133 0.05187527 

----------
iteration: 23060, probabilities: [0.000005 0.000034 0.999547 0.000305 0.000110], probability: 0.9995467066764832