0.60650063 0.41601448 -0.43964616 0.16383374 0.02719713 -0.03917371 0.14111038 
-0.94133953 0.46032173 -0.29661985 -0.58482243 -0.05749685 -0.00689343 0.17762882 
0.64434465 0.40608178 -0.78087133 0.34697460 0.00635102 -0.01126842 0.15940580 

----------
0.60650063 0.41601448 -0.43964616 0.16383374 0.02719713 0.02719713 0.02719713 
-0.94133953 0.46032173 -0.29661985 -0.58482243 -0.05749685 -0.05749685 -0.05749685 
0.64434465 0.40608178 -0.78087133 0.34697460 0.00635102 0.00635102 0.00635102 

----------
0.70696929 0.59929424 -0.37556473 0.00511685 0.01093269 0.05762493 0.05216577 
-0.97648899 0.00077908 -0.00040213 -0.21659493 -0.09467295 -0.12885245 0.05205640 
0.66969911 0.38980068 -0.59006719 0.22677876 0.08353131 -0.02839193 0.05167932 

----------
iteration: 23806, probabilities: [0.000002 0.000033 0.999880 0.000063 0.000022], probability: 0.9998799562454224