0.45592011 -0.05793158 -0.62070311 0.27271252 0.01863566 -0.04974722 0.13374428 
-0.42481441 0.65548564 0.61728103 -0.49431336 -0.02326113 0.03244144 0.16890351 
0.49693952 0.57296211 -0.27102787 0.77891866 -0.00882522 -0.02067826 0.13222568 

----------
0.45592011 -0.05793158 -0.62070311 0.27271252 0.01863566 0.01863566 0.01863566 
-0.42481441 0.65548564 0.61728103 -0.49431336 -0.02326113 -0.02326113 -0.02326113 
0.49693952 0.57296211 -0.27102787 0.77891866 -0.00882522 -0.00882522 -0.00882522 

----------
0.13216275 -0.45415357 -0.54211706 0.69468916 0.01388763 0.14859727 0.05180609 
-0.36546232 0.60979879 0.35806048 -0.60535129 0.04502450 -0.08101259 0.05171212 
0.45165662 0.69355227 0.11099435 0.55030284 -0.02793713 0.03495918 0.05257549 

----------
iteration: 25753, probabilities: [0.000003 0.000028 0.999743 0.000147 0.000080], probability: 0.9997426867485046