0.75253554 0.31720177 -0.93871852 0.60709829 0.03571035 -0.00470513 0.16903345 
-0.38796129 0.77646182 0.15277166 -0.77915184 0.02310476 -0.05375570 0.14374112 
0.75508179 0.03478661 -0.49210740 0.98800288 -0.02004736 -0.01604738 0.19932969 

----------
0.75253554 0.31720177 -0.93871852 0.60709829 0.03571035 0.03571035 0.03571035 
-0.38796129 0.77646182 0.15277166 -0.77915184 0.02310476 0.02310476 0.02310476 
0.75508179 0.03478661 -0.49210740 0.98800288 -0.02004736 -0.02004736 -0.02004736 

----------
-0.02101340 -0.33010254 -0.62550277 0.70682151 -0.07595893 0.14030909 0.05185099 
-0.42783810 0.64981747 0.27900002 -0.56312214 0.07902185 -0.03443993 0.05185292 
0.49261757 -0.00008327 0.00004723 0.87030227 -0.03204032 -0.00254579 0.05201145 

----------
iteration: 26059, probabilities: [0.000003 0.000028 0.999742 0.000150 0.000076], probability: 0.9997418522834778