0.48627414 0.25315099 -0.61799717 0.34371475 0.02309768 0.00680390 0.14092361 
-0.51689862 0.73094371 0.05320745 0.11246640 0.01620714 0.00093484 0.13848615 
0.62498943 0.52793878 -0.85031957 0.12078526 -0.04052673 -0.02412886 0.17703815 

----------
0.48627414 0.25315099 -0.61799717 0.34371475 0.02309768 0.02309768 0.02309768 
-0.51689862 0.73094371 0.05320745 0.11246640 0.01620714 0.01620714 0.01620714 
0.62498943 0.52793878 -0.85031957 0.12078526 -0.04052673 -0.04052673 -0.04052673 

----------
0.07511156 -0.31705735 -0.63220620 0.70314932 -0.04535460 0.13960937 0.05214745 
-0.69678765 0.66505650 -0.24043516 -0.12065939 0.09707534 -0.07952213 0.05187200 
0.69116565 0.57549442 -0.41193422 -0.14690785 -0.02435201 -0.05258492 0.05191652 

----------
iteration: 26931, probabilities: [0.000004 0.000035 0.999414 0.000387 0.000160], probability: 0.999414324760437