0.77975917 0.43601340 -0.65657913 0.32079866 -0.00084808 -0.00590131 0.15419931 
-0.99322812 0.83381404 -0.27205097 -0.62631684 0.00134486 0.03390422 0.16390672 
0.76475297 -0.26159156 -0.40241446 0.09181485 -0.00053113 -0.00010091 0.13678518 

----------
0.77975917 0.43601340 -0.65657913 0.32079866 -0.00084808 -0.00084808 -0.00084808 
-0.99322812 0.83381404 -0.27205097 -0.62631684 0.00134486 0.00134486 0.00134486 
0.76475297 -0.26159156 -0.40241446 0.09181485 -0.00053113 -0.00053113 -0.00053113 

----------
0.62497905 0.25322820 -0.66043905 0.33033043 -0.04325140 0.08309654 0.05156286 
-0.64521714 0.70384690 -0.06838829 -0.28929537 0.05615799 -0.00849462 0.05187252 
0.70349374 -0.53926768 -0.45622955 -0.07898014 -0.07503184 -0.03561871 0.05202440 

----------
iteration: 26486, probabilities: [0.000003 0.000029 0.999725 0.000167 0.000075], probability: 0.9997250437736511