0.54353565 -0.18582030 -0.41622306 0.50373389 0.00757387 0.00995195 0.17004241 
-0.40750940 0.96230373 -0.61223739 -0.00967076 -0.00615377 0.00154612 0.15235505 
0.13566936 0.33970476 -0.83175935 0.62138120 0.00192554 0.00210618 0.16657962 

----------
0.54353565 -0.18582030 -0.41622306 0.50373389 0.00757387 0.00757387 0.00757387 
-0.40750940 0.96230373 -0.61223739 -0.00967076 -0.00615377 -0.00615377 -0.00615377 
0.13566936 0.33970476 -0.83175935 0.62138120 0.00192554 0.00192554 0.00192554 

----------
0.24349105 -0.54047339 -0.45607785 0.66388904 -0.10545590 0.07972287 0.05187241 
-0.12265872 -0.45310340 0.54324981 0.69732047 -0.25707914 -0.16699735 0.05225621 
-0.26324257 -0.09401961 -0.70091256 0.65637280 0.01962816 -0.02720769 0.05184702 

----------
iteration: 27177, probabilities: [0.000004 0.000047 0.999887 0.000045 0.000016], probability: 0.9998867511749268