0.75001778 0.24626337 -0.98533182 0.09832974 0.00046643 0.00357844 0.17008034 
-0.66463452 0.23593595 -0.35092404 0.12444728 0.01753350 -0.01315970 0.16256246 
0.26307081 0.27305601 -0.32845207 0.40241385 -0.01637038 0.03003332 0.14820924 

----------
0.75001778 0.24626337 -0.98533182 0.09832974 0.00046643 0.00046643 0.00046643 
-0.66463452 0.23593595 -0.35092404 0.12444728 0.01753350 0.01753350 0.01753350 
0.26307081 0.27305601 -0.32845207 0.40241385 -0.01637038 -0.01637038 -0.01637038 

----------
0.27288890 -0.56040470 -0.43141513 0.65243830 -0.07574097 0.16032848 0.05188002 
-0.68579724 0.51038257 -0.48948738 0.17230332 0.09560723 0.06913725 0.05187241 
-0.22337974 -0.13758697 -0.69371120 0.67097460 -0.10989729 -0.09734435 0.05186422 

----------
iteration: 28257, probabilities: [0.000006 0.000031 0.999286 0.000446 0.000231], probability: 0.9992859959602356