0.38090950 0.46674502 -0.80597660 0.56518030 0.04535668 -0.00181255 0.16391651 
-0.56531006 0.99998768 0.00944109 0.18026383 -0.00893762 0.01357885 0.17807940 
0.04800519 0.34412783 -0.22009552 0.98509582 -0.03012658 0.04660607 0.16656091 

----------
0.38090950 0.46674502 -0.80597660 0.56518030 0.04535668 0.04535668 0.04535668 
-0.56531006 0.99998768 0.00944109 0.18026383 -0.00893762 -0.00893762 -0.00893762 
0.04800519 0.34412783 -0.22009552 0.98509582 -0.03012658 -0.03012658 -0.03012658 

----------
-0.14420135 -0.21837755 -0.67218222 0.69282573 -0.04042284 0.10945134 0.05191823 
-0.70495755 0.64001690 -0.30088472 -0.05573243 0.08516626 -0.10574954 0.05187241 
-0.11785749 -0.44911541 0.54593964 0.69766751 -0.21418637 0.08724960 0.05225614 

----------
iteration: 28910, probabilities: [0.000002 0.000031 0.999902 0.000044 0.000021], probability: 0.9999018907546997