0.55375723 0.05284077 -0.93238021 0.62481739 0.00239831 -0.02136183 0.14254596 
-0.85910395 0.24285618 -0.12725336 0.21055328 -0.00716916 -0.00515103 0.13934622 
0.99944360 0.49336563 -0.43610573 0.16202246 0.00803860 -0.01116548 0.13142105 

----------
0.55375723 0.05284077 -0.93238021 0.62481739 0.00239831 0.00239831 0.00239831 
-0.85910395 0.24285618 -0.12725336 0.21055328 -0.00716916 -0.00716916 -0.00716916 
0.99944360 0.49336563 -0.43610573 0.16202246 0.00803860 0.00803860 0.00803860 

----------
0.13717955 -0.46128985 -0.53601160 0.69376623 -0.11846661 0.03313561 0.05185189 
-0.92407596 -0.00003722 -0.00008797 0.38239440 0.00360408 0.06335958 0.05201145 
0.61621802 0.70687413 0.00529714 -0.34760526 0.11125947 -0.11476292 0.05226003 

----------
iteration: 29956, probabilities: [0.000002 0.000029 0.999862 0.000075 0.000031], probability: 0.9998621940612793