0.77661955 0.46640555 -0.80187917 0.18919269 -0.01457292 0.00406896 0.15628034 
-0.67285887 0.52427326 -0.29441571 0.14077322 -0.02817497 -0.00471862 0.15661777 
0.10942327 0.54169959 -0.19088885 0.56617371 0.04920293 -0.02614654 0.14684704 

----------
0.77661955 0.46640555 -0.80187917 0.18919269 -0.01457292 -0.01457292 -0.01457292 
-0.67285887 0.52427326 -0.29441571 0.14077322 -0.02817497 -0.02817497 -0.02817497 
0.10942327 0.54169959 -0.19088885 0.56617371 0.04920293 0.04920293 0.04920293 

----------
0.65868758 0.40941355 -0.57659489 0.25711727 0.05411216 -0.04470966 0.05159992 
-0.70344438 0.57556209 -0.41083417 0.07169730 -0.10011469 -0.03854036 0.05187241 
0.00724809 0.61773930 -0.34333828 0.70745679 0.06243060 0.07322374 0.05219084 

----------
iteration: 30183, probabilities: [0.000003 0.000032 0.999761 0.000148 0.000057], probability: 0.9997610449790955