0.68318897 -0.45568324 -0.37017981 0.02568932 -0.00364788 0.00736521 0.14398220 
0.04553144 0.97488330 0.40403916 0.05038228 0.05339139 -0.02030577 0.16392012 
0.67065251 0.28060903 -0.70658198 0.59036177 0.01693141 -0.00677753 0.15863471 

----------
0.68318897 -0.45568324 -0.37017981 0.02568932 -0.00364788 -0.00364788 -0.00364788 
0.04553144 0.97488330 0.40403916 0.05038228 0.05339139 0.05339139 0.05339139 
0.67065251 0.28060903 -0.70658198 0.59036177 0.01693141 0.01693141 0.01693141 

----------
0.67961672 -0.49297352 -0.50641156 0.19670642 -0.06731377 -0.05654665 0.05188908 
0.00018805 0.92533332 0.37925860 0.00172435 0.07126903 0.13244365 0.05209772 
0.50287372 0.21847171 -0.67240507 0.49728276 0.05690662 -0.00401994 0.05207686 

----------
iteration: 30450, probabilities: [0.000002 0.000028 0.999824 0.000099 0.000047], probability: 0.9998239874839783