0.48432262 -0.33270338 -0.99913371 0.08095677 0.00256884 0.04285587 0.15868430 
-0.55031693 0.78261347 -0.03720499 -0.93668980 0.03266531 -0.03577614 0.16097433 
-0.24191906 0.06966680 -0.28671133 0.85909211 -0.04289233 0.00140642 0.12190369 

----------
0.48432262 -0.33270338 -0.99913371 0.08095677 0.00256884 0.00256884 0.00256884 
-0.55031693 0.78261347 -0.03720499 -0.93668980 0.03266531 0.03266531 0.03266531 
-0.24191906 0.06966680 -0.28671133 0.85909211 -0.04289233 -0.04289233 -0.04289233 

----------
0.59974467 -0.29829242 -0.63866231 0.37897658 0.09462455 -0.02905606 0.05228658 
-0.27572541 0.56220505 0.42913944 -0.65112801 0.02329080 0.06614662 0.05186891 
-0.42415294 -0.00008673 -0.00004079 0.90577954 -0.11633473 -0.01814192 0.05201145 

----------
iteration: 31606, probabilities: [0.000005 0.000035 0.999131 0.000585 0.000243], probability: 0.9991310238838196