0.85859857 -0.01828327 -0.75577473 0.34310529 0.07564113 -0.07033117 0.15306618 
-0.56119357 0.56349379 -0.08211558 -0.86980079 -0.02848744 -0.03014725 0.17255977 
0.43005690 -0.02661114 -0.42358344 0.91000397 -0.03519871 -0.03394551 0.14503260 

----------
0.85859857 -0.01828327 -0.75577473 0.34310529 0.07564113 0.07564113 0.07564113 
-0.56119357 0.56349379 -0.08211558 -0.86980079 -0.02848744 -0.02848744 -0.02848744 
0.43005690 -0.02661114 -0.42358344 0.91000397 -0.03519871 -0.03519871 -0.03519871 

----------
0.25782631 -0.53897615 -0.45791026 0.65848906 0.05122724 0.17532112 0.05170519 
-0.82597981 0.00005938 -0.00007682 -0.56395440 0.05692597 -0.09758001 0.05201147 
0.61603936 0.00025356 0.00015902 0.78783761 -0.07089577 -0.02556124 0.05202073 

----------
iteration: 32956, probabilities: [0.000002 0.000030 0.999852 0.000078 0.000037], probability: 0.9998522996902466