0.22994585 0.49911268 -0.44976950 -0.42864464 0.00981696 -0.02994169 0.13149754 
0.21355884 0.36916961 -0.39369233 0.42420881 -0.07440049 0.01782355 0.11589574 
0.41114160 -0.64151854 0.03038567 -0.24703209 -0.06217054 -0.03232812 0.13401448 

----------
0.22994585 0.49911268 -0.44976950 -0.42864464 0.00981696 0.00981696 0.00981696 
0.21355884 0.36916961 -0.39369233 0.42420881 -0.07440049 -0.07440049 -0.07440049 
0.41114160 -0.64151854 0.03038567 -0.24703209 -0.06217054 -0.06217054 -0.06217054 

----------
0.27622259 0.56327905 -0.42698424 -0.65128746 0.05063103 0.00457267 0.05225626 
-0.25702870 -0.08703438 -0.70186405 0.65882414 -0.19517916 -0.02805660 0.05170126 
0.70599754 -0.59310892 0.38513056 -0.04058903 -0.01976038 -0.18103040 0.05188084 

----------
iteration: 474, probabilities: [0.000002 0.000047 0.999907 0.000033 0.000010], probability: 0.9999074935913086