0.34863812 0.39981990 -0.51507617 -0.14954029 -0.01890572 -0.00557749 0.14195118 
0.15947851 0.42926478 -0.34937187 0.02945419 -0.07405661 -0.00786049 0.12382423 
0.44416744 -0.52247604 0.18545146 0.03980315 -0.03786240 -0.03837501 0.12358640 

----------
0.34863812 0.39981990 -0.51507617 -0.14954029 -0.01890572 -0.01890572 -0.01890572 
0.15947851 0.42926478 -0.34937187 0.02945419 -0.07405661 -0.07405661 -0.07405661 
0.44416744 -0.52247604 0.18545146 0.03980315 -0.03786240 -0.03786240 -0.03786240 

----------
0.57620047 0.50884917 -0.48780450 -0.41376834 -0.05883820 0.02427818 0.05138915 
-0.70725835 0.62303568 -0.33484367 0.00021001 -0.16433461 -0.24028522 0.05170729 
0.70603214 -0.63261980 0.31600204 0.03893237 0.04512112 -0.04511795 0.05187058 

----------
iteration: 970, probabilities: [0.000003 0.000037 0.999803 0.000121 0.000036], probability: 0.9998030066490173