0.20146928 0.52293494 -0.43410116 -0.49560717 0.01670808 -0.03578713 0.12898950 
0.22653376 0.35475161 -0.40432567 0.51891808 -0.07448299 0.02398565 0.11399354 
0.40321806 -0.67007914 -0.00681761 -0.31584941 -0.06800253 -0.03087735 0.13651638 

----------
0.20146928 0.52293494 -0.43410116 -0.49560717 0.01670808 0.01670808 0.01670808 
0.22653376 0.35475161 -0.40432567 0.51891808 -0.07448299 -0.07448299 -0.07448299 
0.40321806 -0.67007914 -0.00681761 -0.31584941 -0.06800253 -0.06800253 -0.06800253 

----------
0.25393822 0.54844884 -0.44587280 -0.66029476 0.04277099 0.02675582 0.05225625 
0.35337024 0.40470220 -0.55668793 0.63359670 -1.06163855 -0.07508345 -52762.64839327 
0.69607344 -0.54286916 0.45327381 -0.12475529 -0.03715737 -0.14412967 0.05187241 

----------
predicted 2 mugs - WRONG, the actual number of mugs is 3!
----------
iteration: 355, probabilities: [0.000008 0.999949 0.000021 0.000017 0.000005], probability: 2.139949720003642e-05