0.33810897 0.40862813 -0.50928284 -0.17429955 -0.01635774 -0.00773883 0.14102384 
0.16427595 0.42393375 -0.35330353 0.06447274 -0.07408712 -0.00558206 0.12312090 
0.44123772 -0.53303626 0.17169563 0.01435809 -0.04001876 -0.03783859 0.12451147 

----------
0.33810897 0.40862813 -0.50928284 -0.17429955 -0.01635774 -0.01635774 -0.01635774 
0.16427595 0.42393375 -0.35330353 0.06447274 -0.07408712 -0.07408712 -0.07408712 
0.44123772 -0.53303626 0.17169563 0.01435809 -0.04001876 -0.04001876 -0.04001876 

----------
0.44457627 0.65898504 -0.25585877 -0.55037539 0.08700091 -0.05855137 0.05225474 
0.00346617 0.77070616 -0.63728707 0.00189784 -0.08800824 -0.16995334 0.05228106 
0.70170757 -0.65275079 0.27199911 0.08713000 -0.09469063 -0.00484101 0.05187241 

----------
iteration: 926, probabilities: [0.000004 0.000039 0.999542 0.000322 0.000093], probability: 0.9995418787002563