0.31585417 0.42724553 -0.49703784 -0.22663161 -0.01097224 -0.01230712 0.13906378 
0.17441602 0.41266591 -0.36161361 0.13848923 -0.07415159 -0.00076631 0.12163430 
0.43504538 -0.55535673 0.14262079 -0.03942352 -0.04457654 -0.03670480 0.12646674 

----------
0.31585417 0.42724553 -0.49703784 -0.22663161 -0.01097224 -0.01097224 -0.01097224 
0.17441602 0.41266591 -0.36161361 0.13848923 -0.07415159 -0.07415159 -0.07415159 
0.43504538 -0.55535673 0.14262079 -0.03942352 -0.04457654 -0.04457654 -0.04457654 

----------
0.39421910 0.63379352 -0.31300797 -0.58748172 0.04609253 0.00702504 0.05225625 
0.00023788 0.66530512 -0.74686122 -0.00021011 -0.12605050 -0.10676813 0.05197850 
0.70183796 -0.65237015 0.27292965 0.08613321 -0.00451926 -0.14254499 0.05187241 

----------
iteration: 833, probabilities: [0.000003 0.000042 0.999864 0.000072 0.000019], probability: 0.9998644590377808