0.37328592 0.37920063 -0.52863784 -0.09158112 -0.02487031 -0.00051799 0.14412200 
0.14824811 0.44174422 -0.34016823 -0.05252106 -0.07398520 -0.01319407 0.12547067 
0.45102562 -0.49775552 0.21765263 0.09936773 -0.03281454 -0.03963071 0.12142089 

----------
0.37328592 0.37920063 -0.52863784 -0.09158112 -0.02487031 -0.02487031 -0.02487031 
0.14824811 0.44174422 -0.34016823 -0.05252106 -0.07398520 -0.07398520 -0.07398520 
0.45102562 -0.49775552 0.21765263 0.09936773 -0.03281454 -0.03281454 -0.03281454 

----------
0.68106023 0.69167963 -0.14542763 -0.19227483 0.04083870 0.00848351 0.05092361 
-0.00070801 0.78752751 -0.61648191 -0.00080399 -0.14575874 -0.10812649 0.05195204 
0.70490964 -0.63990902 0.30101227 0.05556962 0.01349104 -0.09708287 0.05187197 

----------
iteration: 1073, probabilities: [0.000002 0.000041 0.999897 0.000046 0.000013], probability: 0.9998974800109863