0.40391618 0.35357669 -0.54549118 -0.01955419 -0.03228262 0.00576954 0.14681972 
0.13429190 0.45725265 -0.32873069 -0.15439322 -0.07389646 -0.01982221 0.12751673 
0.45954842 -0.46703487 0.25766961 0.17338973 -0.02654147 -0.04119120 0.11872977 

----------
0.40391618 0.35357669 -0.54549118 -0.01955419 -0.03228262 -0.03228262 -0.03228262 
0.13429190 0.45725265 -0.32873069 -0.15439322 -0.07389646 -0.07389646 -0.07389646 
0.45954842 -0.46703487 0.25766961 0.17338973 -0.02654147 -0.02654147 -0.02654147 

----------
0.70023350 -0.56841274 0.42098112 -0.09963631 0.23236553 0.06426028 0.05170781 
0.28273542 0.56754873 -0.42135141 -0.64852526 -0.05703999 -0.12040430 0.05225626 
0.69593378 -0.66703980 0.23502509 0.12565755 -0.07845669 0.03261134 0.05186626 

----------
iteration: 1201, probabilities: [0.000002 0.000034 0.999884 0.000059 0.000021], probability: 0.9998842477798462