0.38788315 0.36698922 -0.53666951 -0.05725579 -0.02840274 0.00247841 0.14540763 
0.14159710 0.44913495 -0.33471753 -0.10106951 -0.07394291 -0.01635279 0.12644575 
0.45508727 -0.48311521 0.23672322 0.13464384 -0.02982503 -0.04037438 0.12013840 

----------
0.38788315 0.36698922 -0.53666951 -0.05725579 -0.02840274 -0.02840274 -0.02840274 
0.14159710 0.44913495 -0.33471753 -0.10106951 -0.07394291 -0.07394291 -0.07394291 
0.45508727 -0.48311521 0.23672322 0.13464384 -0.02982503 -0.02982503 -0.02982503 

----------
0.53195523 0.69297338 -0.13966430 -0.46649489 0.11541204 -0.10237065 0.05225625 
0.01746658 0.77327502 -0.63375658 0.01783931 -0.12941289 -0.11893983 0.05383872 
0.69691302 -0.66471055 0.24135139 0.11967644 -0.09917549 0.01882406 0.05187249 

----------
iteration: 1134, probabilities: [0.000007 0.000043 0.998789 0.000892 0.000269], probability: 0.9987892508506775