0.45704054 0.30913516 -0.57472118 0.10536751 -0.04513833 0.01667448 0.15149857 
0.11008658 0.48415008 -0.30889371 -0.33107775 -0.07374254 -0.03131788 0.13106537 
0.47433014 -0.41375375 0.32707405 0.30177163 -0.01566162 -0.04389767 0.11406236 

----------
0.45704054 0.30913516 -0.57472118 0.10536751 -0.04513833 -0.04513833 -0.04513833 
0.11008658 0.48415008 -0.30889371 -0.33107775 -0.07374254 -0.07374254 -0.07374254 
0.47433014 -0.41375375 0.32707405 0.30177163 -0.01566162 -0.01566162 -0.01566162 

----------
-0.09168614 -0.25776206 -0.65861956 0.70124428 -0.14928728 -0.00345052 0.05176127 
0.27553846 0.56283771 -0.42758888 -0.65159298 -0.12401157 -0.13228104 0.05225626 
0.70057544 -0.65634499 0.26336805 0.09624313 0.01321024 0.06835097 0.05187013 

----------
iteration: 1423, probabilities: [0.000003 0.000036 0.999883 0.000056 0.000021], probability: 0.9998831748962402