0.57573282 0.20984238 -0.64002786 0.38447186 -0.07386101 0.04103868 0.16195221 
0.05600625 0.54424525 -0.26457325 -0.72583236 -0.07339867 -0.05700192 0.13899386 
0.50735598 -0.29471124 0.48213985 0.58860686 0.00864652 -0.04994456 0.10363427 

----------
0.57573282 0.20984238 -0.64002786 0.38447186 -0.07386101 -0.07386101 -0.07386101 
0.05600625 0.54424525 -0.26457325 -0.72583236 -0.07339867 -0.07339867 -0.07339867 
0.50735598 -0.29471124 0.48213985 0.58860686 0.00864652 0.00864652 0.00864652 

----------
0.06259493 -0.38850894 -0.59083417 0.70448492 -0.20307305 0.02546377 0.05170049 
0.22795255 0.53061879 -0.46696410 -0.66971986 -0.02835898 -0.08615101 0.05225625 
0.45851905 0.12933894 0.69495532 0.53882123 0.08179367 -0.00457829 0.05225622 

----------
iteration: 1919, probabilities: [0.000002 0.000032 0.999881 0.000063 0.000022], probability: 0.9998807907104492