0.22602855 0.65705572 0.08393789 -0.71424317 -0.09263527 0.01109196 0.10568633 
0.15697406 -0.85772362 0.22980606 -0.43227134 0.07619994 0.07332769 0.17309997 
-0.77176325 -0.44074270 0.30726323 -0.34017151 0.08565330 0.00012601 0.14476472 

----------
0.22602855 0.65705572 0.08393789 -0.71424317 -0.09263527 -0.09263527 -0.09263527 
0.15697406 -0.85772362 0.22980606 -0.43227134 0.07619994 0.07619994 0.07619994 
-0.77176325 -0.44074270 0.30726323 -0.34017151 0.08565330 0.08565330 0.08565330 

----------
0.49972334 0.68215224 -0.18536478 -0.50080904 -0.13373997 -0.03630099 0.05225626 
0.04476980 -0.44742854 0.54556167 -0.70743812 -0.03214728 0.04286277 0.05246430 
-0.67390523 -0.69112002 -0.14847518 0.21545015 0.22976477 0.03526456 0.05225625 

----------
iteration: 225, probabilities: [0.000041 0.000312 0.999308 0.000253 0.000086], probability: 0.9993081092834473