1.00576162 0.00002106 0.00002696 0.00002826 0.00003027 -0.00014177 0.00003027 
1.00493347 -0.00003923 0.00000103 0.00002769 0.00001048 0.00002715 0.00003027 
1.00503748 0.00002990 0.00000124 0.00004288 -0.00004099 0.00002894 0.00002665 

----------
1.00576162 0.00002106 0.00002696 0.00002826 0.00003027 0.00003027 0.00003027 
1.00493347 -0.00003923 0.00000103 0.00002769 0.00001048 0.00001048 0.00001048 
1.00503748 0.00002990 0.00000124 0.00004288 -0.00004099 -0.00004099 -0.00004099 

----------
1.00000217 0.00010373 0.00008920 -0.00063527 -0.08516449 0.01942836 0.05201291 
1.00000092 -0.00000047 0.00009694 -0.00073711 0.07475783 0.04426418 0.05201147 
1.00000453 -0.00037575 0.00057925 0.00048721 0.01061723 -0.06341170 0.05205785 

----------
iteration: 162, probabilities: [0.000015 0.000020 0.999848 0.000055 0.000062], probability: 0.9998481273651123