1.00599533 0.00002218 0.00002998 0.00002998 0.00002998 -0.00014150 0.00002998 
1.00599532 -0.00005295 0.00000165 0.00002998 0.00001048 0.00002998 0.00002998 
1.00599505 0.00002998 -0.00000104 0.00002998 -0.00003848 0.00002998 0.00002998 

----------
1.00599533 0.00002218 0.00002998 0.00002998 0.00002998 0.00002998 0.00002998 
1.00599532 -0.00005295 0.00000165 0.00002998 0.00001048 0.00001048 0.00001048 
1.00599505 0.00002998 -0.00000104 0.00002998 -0.00003848 -0.00003848 -0.00003848 

----------
1.00000177 -0.00003143 0.00011306 -0.00123961 0.07825596 0.03939516 0.05201213 
1.00000182 0.00002136 0.00010396 -0.00011144 0.00636413 -0.06285663 0.05201138 
1.00000298 0.00025768 -0.00010708 0.00042187 -0.08465420 0.02365068 0.05202171 

----------
iteration: 545, probabilities: [0.000016 0.000021 0.999865 0.000046 0.000052], probability: 0.9998648166656494