1.00599534 0.00002218 0.00002998 0.00002998 0.00002998 -0.00014150 0.00002998 
1.00599541 -0.00005295 0.00000166 0.00002998 0.00001048 0.00002998 0.00002998 
1.00599523 0.00002998 -0.00000104 0.00002998 -0.00003848 0.00002998 0.00002998 

----------
1.00599534 0.00002218 0.00002998 0.00002998 0.00002998 0.00002998 0.00002998 
1.00599541 -0.00005295 0.00000166 0.00002998 0.00001048 0.00001048 0.00001048 
1.00599523 0.00002998 -0.00000104 0.00002998 -0.00003848 -0.00003848 -0.00003848 

----------
1.00000388 -0.00001289 0.00009986 -0.00117962 0.07664893 0.04152632 0.05201158 
1.00000184 0.00000507 0.00009593 -0.00028013 -0.08495528 0.02202447 0.05201149 
1.00000776 0.00008046 0.00012682 0.00038756 0.00862531 -0.06323986 0.05201308 

----------
iteration: 580, probabilities: [0.000015 0.000020 0.999845 0.000057 0.000063], probability: 0.999845027923584