1.00599530 0.00002218 0.00002998 0.00002998 0.00002998 -0.00014150 0.00002998 
1.00599548 -0.00005295 0.00000166 0.00002998 0.00001048 0.00002998 0.00002998 
1.00599522 0.00002998 -0.00000104 0.00002998 -0.00003848 0.00002998 0.00002998 

----------
1.00599530 0.00002218 0.00002998 0.00002998 0.00002998 0.00002998 0.00002998 
1.00599548 -0.00005295 0.00000166 0.00002998 0.00001048 0.00001048 0.00001048 
1.00599522 0.00002998 -0.00000104 0.00002998 -0.00003848 -0.00003848 -0.00003848 

----------
0.99999952 -0.00000012 0.00009574 0.00188170 -0.04351655 0.04716751 0.05201145 
0.99881308 0.00000474 0.00009562 -0.04881488 0.02796230 -0.05347116 0.05201145 
-0.32594209 -0.01610808 -0.00324826 -0.94590542 0.25939240 0.30312701 0.05300664 

----------
iteration: 672, probabilities: [0.000020 0.000044 0.999273 0.000446 0.000218], probability: 0.9992726445198059