1.00599528 0.00002218 0.00002998 0.00002998 0.00002998 -0.00014150 0.00002998 
1.00599545 -0.00005295 0.00000166 0.00002998 0.00001048 0.00002998 0.00002998 
1.00599521 0.00002998 -0.00000104 0.00002998 -0.00003848 0.00002998 0.00002998 

----------
1.00599528 0.00002218 0.00002998 0.00002998 0.00002998 0.00002998 0.00002998 
1.00599545 -0.00005295 0.00000166 0.00002998 0.00001048 0.00001048 0.00001048 
1.00599521 0.00002998 -0.00000104 0.00002998 -0.00003848 -0.00003848 -0.00003848 

----------
0.99984935 0.00000174 0.00009572 -0.01755494 -0.02579979 0.07214595 0.05201145 
0.99999162 -0.00000048 0.00009573 0.00564712 0.02404087 -0.04274282 0.05201145 
-0.22352877 -0.25203767 -0.65853601 -0.67370129 -0.27935129 -0.12992164 0.05070347 

----------
iteration: 688, probabilities: [0.000011 0.000015 0.999777 0.000095 0.000101], probability: 0.9997774958610535