1.00599529 0.00002218 0.00002998 0.00002998 0.00002998 -0.00014150 0.00002998 
1.00599546 -0.00005295 0.00000166 0.00002998 0.00001048 0.00002998 0.00002998 
1.00599522 0.00002998 -0.00000104 0.00002998 -0.00003848 0.00002998 0.00002998 

----------
1.00599529 0.00002218 0.00002998 0.00002998 0.00002998 0.00002998 0.00002998 
1.00599546 -0.00005295 0.00000166 0.00002998 0.00001048 0.00001048 0.00001048 
1.00599522 0.00002998 -0.00000104 0.00002998 -0.00003848 -0.00003848 -0.00003848 

----------
1.00000385 0.00019180 -0.00000741 0.00101770 0.04336341 0.06472778 0.05201672 
1.00000725 0.00023573 0.00024030 -0.00006973 0.04080417 -0.06482178 0.05202249 
1.00000523 0.00002079 0.00005569 -0.00031271 -0.08398751 0.00062233 0.05201105 

----------
iteration: 732, probabilities: [0.000019 0.000025 0.999887 0.000033 0.000037], probability: 0.9998871088027954