1.00599528 0.00002218 0.00002998 0.00002998 0.00002998 -0.00014150 0.00002998 
1.00599545 -0.00005295 0.00000166 0.00002998 0.00001048 0.00002998 0.00002998 
1.00599522 0.00002998 -0.00000104 0.00002998 -0.00003848 0.00002998 0.00002998 

----------
1.00599528 0.00002218 0.00002998 0.00002998 0.00002998 0.00002998 0.00002998 
1.00599545 -0.00005295 0.00000166 0.00002998 0.00001048 0.00001048 0.00001048 
1.00599522 0.00002998 -0.00000104 0.00002998 -0.00003848 -0.00003848 -0.00003848 

----------
1.00000556 0.00000193 0.00015527 -0.00050199 0.03580389 0.07404992 0.05201630 
1.00000320 0.00003902 0.00011145 -0.00119772 0.03459250 -0.07406092 0.05201198 
1.00000525 -0.00000001 0.00009542 0.00078999 -0.07089888 0.00015639 0.05201145 

----------
iteration: 736, probabilities: [0.000016 0.000020 0.999628 0.000187 0.000149], probability: 0.9996278285980225