1.00599528 0.00002218 0.00002998 0.00002998 0.00002998 -0.00014150 0.00002998 
1.00599545 -0.00005295 0.00000166 0.00002998 0.00001048 0.00002998 0.00002998 
1.00599522 0.00002998 -0.00000104 0.00002998 -0.00003848 0.00002998 0.00002998 

----------
1.00599528 0.00002218 0.00002998 0.00002998 0.00002998 0.00002998 0.00002998 
1.00599545 -0.00005295 0.00000166 0.00002998 0.00001048 0.00001048 0.00001048 
1.00599522 0.00002998 -0.00000104 0.00002998 -0.00003848 -0.00003848 -0.00003848 

----------
0.99999820 0.00018686 0.00006565 0.00322303 -0.00353841 0.06307322 0.05200906 
0.99995931 -0.00007488 0.00006320 -0.00932156 0.00281510 -0.06297151 0.05200552 
0.99943018 0.00022516 0.00115034 -0.03398595 0.00107795 0.00534572 0.15595864 

----------
predicted 2 mugs - WRONG, the actual number of mugs is 3!
----------
iteration: 897, probabilities: [0.000002 0.999966 0.000021 0.000010 0.000002], probability: 2.0905925339320675e-05