0.04094956 -0.19458794 -0.49284619 -0.85208735 0.01656713 -0.01853223 0.16987801 
0.91933861 0.45954905 -0.25184849 0.44440026 0.00813957 -0.03876605 0.14501759 
0.23037988 0.57576730 -0.00337164 -0.79302264 -0.00432651 -0.03736669 0.15420648 

----------
0.04094956 -0.19458794 -0.49284619 -0.85208735 0.01656713 0.01656713 0.01656713 
0.91933861 0.45954905 -0.25184849 0.44440026 0.00813957 0.00813957 0.00813957 
0.23037988 0.57576730 -0.00337164 -0.79302264 -0.00432651 -0.00432651 -0.00432651 

----------
-0.14725089 -0.52406749 -0.47511282 -0.69140643 0.12214141 0.01141121 0.05200639 
0.67009300 0.46791953 0.52988491 0.22686246 0.07504125 0.13260747 0.05225256 
0.07576917 0.41556145 -0.57189243 -0.70346590 -0.04496537 -0.00172481 0.05225741 

----------
iteration: 674, probabilities: [0.000121 0.000019 0.997255 0.002496 0.000108], probability: 0.9972549080848694