0.33980934 -0.99452001 0.41716707 0.45272182 -0.03710511 -0.00333705 0.16111296 
-0.02845184 -0.03344415 0.95089384 0.38718994 -0.02440106 0.00993060 0.16450692 
0.15006543 -0.20557310 -0.39026822 0.11680670 0.03361943 -0.01739015 0.17814711 

----------
0.33980934 -0.99452001 0.41716707 0.45272182 -0.03710511 -0.03710511 -0.03710511 
-0.02845184 -0.03344415 0.95089384 0.38718994 -0.02440106 -0.02440106 -0.02440106 
0.15006543 -0.20557310 -0.39026822 0.11680670 0.03361943 0.03361943 0.03361943 

----------
-0.01857121 -0.91477216 0.40313462 -0.02862114 -0.17292618 -0.07719414 0.05473742 
0.40927804 0.06761536 0.70366178 0.57713071 -0.07033668 -0.00300058 0.05225626 
0.22981210 -0.53101145 -0.46710031 0.66877523 0.13088588 0.11363556 0.05187241 

----------
iteration: 853, probabilities: [0.000037 0.000031 0.999627 0.000289 0.000017], probability: 0.9996265172958374