-0.36390775 -0.44668033 -0.72788437 -0.79734023 -0.01769491 0.02555236 0.16791176 
0.22682646 -0.95273901 0.98131727 -0.44226302 0.01060518 -0.09428125 0.17138220 
0.98163966 0.19853677 -0.39099618 -0.11886029 0.07705158 -0.04352670 0.19827922 

----------
-0.36390775 -0.44668033 -0.72788437 -0.79734023 -0.01769491 -0.01769491 -0.01769491 
0.22682646 -0.95273901 0.98131727 -0.44226302 0.01060518 0.01060518 0.01060518 
0.98163966 0.19853677 -0.39099618 -0.11886029 0.07705158 0.07705158 0.07705158 

----------
-0.48287127 -0.16128448 -0.68817423 -0.51701743 -0.09771694 0.01245576 0.05225625 
0.00046035 -0.63447676 0.77314323 0.00079495 0.11248333 -0.05434485 0.05193786 
0.98895283 0.00001433 0.00009467 -0.14900754 0.13066073 0.13100852 0.05201145 

----------
iteration: 259, probabilities: [0.000003 0.000029 0.999797 0.000113 0.000058], probability: 0.9997971653938293