0.55914671 0.00590101 -0.18652928 -0.99134668 -0.08167388 -0.01560587 0.11875940 
0.28217125 0.18581904 0.04761393 0.99997992 -0.02415837 -0.06134155 0.13317632 
0.96019434 0.35928231 0.07854265 -0.64042292 0.05986660 0.08045529 0.13768069 

----------
0.55914671 0.00590101 -0.18652928 -0.99134668 -0.08167388 -0.08167388 -0.08167388 
0.28217125 0.18581904 0.04761393 0.99997992 -0.02415837 -0.02415837 -0.02415837 
0.96019434 0.35928231 0.07854265 -0.64042292 0.05986660 0.05986660 0.05986660 

----------
0.48688503 0.00008366 0.00004655 -0.87353764 -0.09020321 -0.13257560 0.05201145 
0.28723794 -0.00009176 0.00002748 0.95791138 -0.05093787 -0.01044470 0.05201145 
0.77291646 0.00121009 0.00021986 -0.63478048 0.10171703 0.12010604 0.05208245 

----------
iteration: 727, probabilities: [0.000054 0.000024 0.999206 0.000681 0.000035], probability: 0.9992055296897888