0.15748886 -0.74596805 0.92863818 0.34348136 -0.00101337 0.00786286 0.14589746 
0.77510412 -0.39479662 0.61048986 -0.24272602 -0.05069693 0.03611562 0.15444413 
0.77045198 0.56904503 -0.09748805 0.65728572 0.01786965 0.09167129 0.16789123 

----------
0.15748886 -0.74596805 0.92863818 0.34348136 -0.00101337 -0.00101337 -0.00101337 
0.77510412 -0.39479662 0.61048986 -0.24272602 -0.05069693 -0.05069693 -0.05069693 
0.77045198 0.56904503 -0.09748805 0.65728572 0.01786965 0.01786965 0.01786965 

----------
-0.00030845 -0.64014824 0.76836786 0.00060219 -0.00400662 -0.00633901 0.05199821 
0.66073628 -0.44918013 0.54620272 -0.25188455 -0.11304552 -0.05644846 0.05187241 
0.70546438 0.58463973 0.39733562 0.05362608 0.15376185 0.09642635 0.05225626 

----------
iteration: 1409, probabilities: [0.000040 0.000028 0.999450 0.000456 0.000025], probability: 0.999450147151947