0.05075852 0.91646512 -0.01603733 -0.15702452 -0.03772582 -0.00463265 0.13029895 
-0.36569074 0.01722551 -0.30265024 0.96586520 0.05453190 -0.01070325 0.17017976 
-0.62070603 -0.26439067 -0.36810918 0.17524702 0.01393461 0.06567352 0.15313654 

----------
0.05075852 0.91646512 -0.01603733 -0.15702452 -0.03772582 -0.03772582 -0.03772582 
-0.36569074 0.01722551 -0.30265024 0.96586520 0.05453190 0.05453190 0.05453190 
-0.62070603 -0.26439067 -0.36810918 0.17524702 0.01393461 0.01393461 0.01393461 

----------
0.00000977 0.99887735 0.04828792 -0.00088442 -0.04906053 -0.09158118 0.05194874 
-0.39716233 0.00021527 -0.00025897 0.91788930 0.08625488 0.08239655 0.05202367 
-0.70057830 -0.65621799 -0.26282305 0.09880846 -0.08941654 0.01611956 0.05225658 

----------
iteration: 2672, probabilities: [0.000044 0.000022 0.999189 0.000709 0.000036], probability: 0.9991886019706726