-0.89886902 0.38174443 -0.12882508 -0.83984643 -0.03487184 0.02290247 0.13114894 
-0.01352805 -0.19815427 0.99917440 -0.72880974 -0.03168610 -0.00903257 0.14143408 
0.59245254 0.67269510 -0.43707266 0.40980587 0.00580627 -0.00096592 0.16176272 

----------
-0.89886902 0.38174443 -0.12882508 -0.83984643 -0.03487184 -0.03487184 -0.03487184 
-0.01352805 -0.19815427 0.99917440 -0.72880974 -0.03168610 -0.03168610 -0.03168610 
0.59245254 0.67269510 -0.43707266 0.40980587 0.00580627 0.00580627 0.00580627 

----------
-0.68897875 -0.00003705 -0.00005333 -0.72490104 0.07998370 -0.06180988 0.05201129 
0.22273239 0.13905424 0.69338600 -0.67113975 -0.10975293 0.06074355 0.05187241 
0.62857584 0.67212281 -0.21335215 0.32819935 -0.02744841 -0.07605554 0.05255386 

----------
iteration: 2228, probabilities: [0.000020 0.000040 0.999601 0.000320 0.000018], probability: 0.9996010661125183