-0.95635341 -0.09680490 -0.01467325 -0.34960040 -0.01514841 -0.01249342 0.15180150 
0.50238415 -0.20161528 0.98008727 0.12389507 -0.02923877 -0.00317317 0.16189538 
0.69042071 0.40405869 0.02817768 0.56989415 0.02178285 0.04015588 0.14586925 

----------
-0.95635341 -0.09680490 -0.01467325 -0.34960040 -0.01514841 -0.01514841 -0.01514841 
0.50238415 -0.20161528 0.98008727 0.12389507 -0.02923877 -0.02923877 -0.02923877 
0.69042071 0.40405869 0.02817768 0.56989415 0.02178285 0.02178285 0.02178285 

----------
-0.89183098 0.00004326 -0.00008541 -0.45245723 -0.06466489 0.04271326 0.05201145 
0.01408526 -0.16268918 0.98673480 -0.00234680 0.02756185 -0.05463602 0.05317271 
0.85863640 -0.00004903 0.00008223 0.51271999 0.03551332 0.07464777 0.05201145 

----------
iteration: 2293, probabilities: [0.000041 0.000028 0.999412 0.000492 0.000027], probability: 0.9994121789932251