-0.83305282 0.79962383 0.19884657 0.52133122 -0.04287972 -0.01073454 0.15433300 
0.14649942 0.13426478 -0.20859110 0.99984830 0.00801367 -0.02660851 0.17762811 
-0.06663836 -0.21702824 -0.44252056 0.60918992 -0.05694932 -0.01946497 0.16258555 

----------
-0.83305282 0.79962383 0.19884657 0.52133122 -0.04287972 -0.04287972 -0.04287972 
0.14649942 0.13426478 -0.20859110 0.99984830 0.00801367 0.00801367 0.00801367 
-0.06663836 -0.21702824 -0.44252056 0.60918992 -0.05694932 -0.05694932 -0.05694932 

----------
-0.70077236 0.65616257 -0.26290789 -0.09726221 0.01540192 -0.15077569 0.05190416 
0.15325897 -0.00008812 0.00001413 0.98825820 0.03894119 0.07270516 0.05201122 
-0.06841840 -0.28927569 -0.64527180 0.70377029 -0.09113370 -0.00780653 0.05187238 

----------
iteration: 3420, probabilities: [0.000052 0.000023 0.998221 0.001636 0.000068], probability: 0.998221218585968