0.07512592 0.81004761 -0.02526071 -0.16959960 0.08995699 -0.03352562 0.15712954 
0.44262708 0.66625847 0.47531451 -0.52904945 -0.00260277 -0.00440060 0.16190800 
0.12540653 -0.12412650 -0.21062546 -0.27340594 0.02632452 0.00218063 0.16690812 

----------
0.07512592 0.81004761 -0.02526071 -0.16959960 0.08995699 0.08995699 0.08995699 
0.44262708 0.66625847 0.47531451 -0.52904945 -0.00260277 -0.00260277 -0.00260277 
0.12540653 -0.12412650 -0.21062546 -0.27340594 0.02632452 0.02632452 0.02632452 

----------
-0.00001193 0.99998644 0.01343131 -0.00088037 0.08967141 0.07442726 0.05194972 
0.51238166 0.68669028 -0.16799672 -0.48796237 -0.10595552 0.14705710 0.05225651 
-0.20632844 0.15779142 -0.68906876 -0.67674369 -0.06109218 -0.03215755 0.05225537 

----------
iteration: 3926, probabilities: [0.000115 0.000046 0.991061 0.000413 0.008365], probability: 0.9910609126091003