0.04038392 0.88477971 -0.43251311 0.99095412 0.00388376 -0.04372485 0.17876597 
0.19514861 0.75737495 -0.17568998 0.72027430 0.02429757 0.01669723 0.15552961 
-0.79846876 -0.32153749 -0.34988533 0.50296794 -0.06612810 -0.00337249 0.15711374 

----------
0.04038392 0.88477971 -0.43251311 0.99095412 0.00388376 0.00388376 0.00388376 
0.19514861 0.75737495 -0.17568998 0.72027430 0.02429757 0.02429757 0.02429757 
-0.79846876 -0.32153749 -0.34988533 0.50296794 -0.06612810 -0.06612810 -0.06612810 

----------
0.02469945 0.63431097 -0.31301995 0.70644165 0.02300250 -0.04597516 0.05185952 
0.06744411 0.65534532 -0.26453738 0.70429004 0.03956424 0.06240779 0.05209972 
-0.89400458 -0.00007105 -0.00008166 0.44836517 -0.13176541 -0.00769368 0.05201181 

----------
iteration: 3207, probabilities: [0.000024 0.000042 0.999658 0.000261 0.000016], probability: 0.9996575117111206