-0.26450253 0.80867020 0.35741534 0.61328209 -0.02110635 0.02060482 0.13981968 
0.70134698 -0.72791259 0.29794147 0.28131061 0.00350085 -0.00781632 0.16966529 
0.13571888 -0.22635837 -0.76518689 0.24117423 -0.06667042 0.00432346 0.16622139 

----------
-0.26450253 0.80867020 0.35741534 0.61328209 -0.02110635 -0.02110635 -0.02110635 
0.70134698 -0.72791259 0.29794147 0.28131061 0.00350085 0.00350085 0.00350085 
0.13571888 -0.22635837 -0.76518689 0.24117423 -0.06667042 -0.06667042 -0.06667042 

----------
0.34464318 -0.00867727 0.70685565 0.61791340 -0.19333429 0.07148524 0.05225629 
0.68998422 -0.67607721 0.20743912 0.15475960 0.04182361 0.00522766 0.05187236 
-0.39315811 -0.04719206 -0.70527678 -0.58842456 -0.14181023 -0.21444324 0.05228737 

----------
iteration: 4804, probabilities: [0.000021 0.000056 0.999666 0.000026 0.000231], probability: 0.9996659755706787