-0.12108243 0.90453356 -0.17658504 0.19432847 -0.00874123 -0.02871060 0.13790230 
0.95225843 0.27568859 0.24895912 0.32001403 0.00647206 0.03460397 0.13632626 
0.45062086 0.08384934 -0.97855386 0.03383026 0.00643900 -0.00739105 0.15292458 

----------
-0.12108243 0.90453356 -0.17658504 0.19432847 -0.00874123 -0.00874123 -0.00874123 
0.95225843 0.27568859 0.24895912 0.32001403 0.00647206 0.00647206 0.00647206 
0.45062086 0.08384934 -0.97855386 0.03383026 0.00643900 0.00643900 0.00643900 

----------
-0.00038105 0.95272791 -0.30397383 -0.00098117 -0.02436331 -0.03898090 0.05195181 
0.96024592 -0.00002670 0.00009195 0.27951429 -0.06734288 0.09667134 0.05201145 
0.50946551 -0.68092062 -0.19089047 0.49069545 0.18568474 0.09487592 0.05170589 

----------
iteration: 4885, probabilities: [0.000028 0.000056 0.999745 0.000022 0.000150], probability: 0.9997445940971375