0.58742849 0.73639559 -0.75357888 0.11893904 0.07560881 -0.02907429 0.11592975 
0.68387738 -0.35694930 0.98716837 0.23169365 -0.02162457 -0.02208672 0.15917372 
-0.43334278 -0.69255022 -0.30712616 0.98472142 0.01099987 0.05222779 0.11548341 

----------
0.58742849 0.73639559 -0.75357888 0.11893904 0.07560881 0.07560881 0.07560881 
0.68387738 -0.35694930 0.98716837 0.23169365 -0.02162457 -0.02162457 -0.02162457 
-0.43334278 -0.69255022 -0.30712616 0.98472142 0.01099987 0.01099987 0.01099987 

----------
0.53330929 0.53910981 -0.45916119 -0.46302793 0.17246650 0.10546161 0.05048044 
0.70747571 0.60628477 0.36366071 0.01361020 -0.13152680 -0.24776554 0.05225626 
-0.46667306 -0.07555829 -0.02224650 0.88101406 0.06693320 0.09173153 0.05830171 

----------
iteration: 4658, probabilities: [0.000082 0.000084 0.997928 0.000167 0.001740], probability: 0.9979279041290283