-0.91546757 0.97171745 0.65026290 0.15415313 -0.00834062 0.01770649 0.15237322 
-0.10617542 0.99919119 0.11180599 0.12330146 -0.05685534 -0.00611769 0.15019513 
0.67337857 0.99826367 0.21867940 0.00787003 0.01501501 -0.00755955 0.19082949 

----------
-0.91546757 0.97171745 0.65026290 0.15415313 -0.00834062 -0.00834062 -0.00834062 
-0.10617542 0.99919119 0.11180599 0.12330146 -0.05685534 -0.05685534 -0.05685534 
0.67337857 0.99826367 0.21867940 0.00787003 0.01501501 0.01501501 0.01501501 

----------
-0.66433875 0.69721215 -0.11861171 -0.24237063 0.11707009 -0.07380328 0.05187188 
0.00059488 0.99024495 0.13998666 -0.00013588 -0.09734268 -0.02749825 0.05199142 
0.69976719 0.65810403 0.25790609 -0.10400858 0.03585747 0.09847618 0.05225625 

----------
iteration: 5696, probabilities: [0.000026 0.000032 0.999299 0.000051 0.000592], probability: 0.9992985725402832