0.88576145 0.03314343 0.99764013 -0.34420717 0.03097080 0.06363803 0.16865761 
0.99927400 -0.33726077 -0.05601283 0.46151056 0.02073212 -0.02996847 0.15692830 
-0.74365308 -0.42752564 -0.08033570 -0.59290884 0.02647062 -0.02539649 0.15745020 

----------
0.88576145 0.03314343 0.99764013 -0.34420717 0.03097080 0.03097080 0.03097080 
0.99927400 -0.33726077 -0.05601283 0.46151056 0.02073212 0.02073212 0.02073212 
-0.74365308 -0.42752564 -0.08033570 -0.59290884 0.02647062 0.02647062 0.02647062 

----------
0.54928769 -0.25829590 0.65836848 -0.44554179 0.02104560 0.17176539 0.05185195 
0.89562306 -0.00004258 0.00008580 0.44506840 0.12344531 -0.02905110 0.05201145 
-0.89972329 0.00020506 -0.00016197 -0.43683222 -0.07538398 0.00477185 0.05202223 

----------
iteration: 5219, probabilities: [0.000042 0.000055 0.999391 0.000050 0.000462], probability: 0.9993908405303955