-0.97093609 0.11240108 0.35968363 0.48342213 -0.00393397 -0.00137231 0.15867197 
0.51250704 0.69360177 0.11270806 -0.04202619 0.00738523 -0.00774316 0.16762119 
0.76757478 0.99580939 0.21172593 -0.36930189 0.01538756 0.01897185 0.14766372 

----------
-0.97093609 0.11240108 0.35968363 0.48342213 -0.00393397 -0.00393397 -0.00393397 
0.51250704 0.69360177 0.11270806 -0.04202619 0.00738523 0.00738523 0.00738523 
0.76757478 0.99580939 0.21172593 -0.36930189 0.01538756 0.01538756 0.01538756 

----------
-0.94673393 0.02821990 0.15978686 0.27827003 -0.04083499 0.04914842 0.06485118 
0.70621317 0.66170885 0.24905471 -0.03842479 0.00616310 -0.06921887 0.05189919 
0.69494384 0.66805045 0.23098876 -0.13229730 0.08147103 0.05921336 0.05225255 

----------
iteration: 5560, probabilities: [0.000018 0.000028 0.999717 0.000021 0.000217], probability: 0.9997168183326721