0.04007995 0.47585389 0.04553079 0.07406455 0.01208182 0.01703386 0.13145759 
0.41326038 -0.21724073 0.71922398 -0.09762341 0.05881466 -0.04495381 0.14337132 
-0.07781365 -0.14684733 -0.79566185 0.00345150 -0.02448987 0.01049511 0.13089505 

----------
0.04007995 0.47585389 0.04553079 0.07406455 0.01208182 0.01208182 0.01208182 
0.41326038 -0.21724073 0.71922398 -0.09762341 0.05881466 0.05881466 0.05881466 
-0.07781365 -0.14684733 -0.79566185 0.00345150 -0.02448987 -0.02448987 -0.02448987 

----------
0.00020310 0.95374262 0.30087428 -0.00053899 -0.06942177 -0.05626248 0.05195169 
0.55044149 -0.25899680 0.65810972 -0.44392936 0.02448305 0.15074789 0.05186318 
-0.00101160 -0.20784224 -0.97819406 0.00027985 0.09164724 -0.02210375 0.05195173 

----------
iteration: 5053, probabilities: [0.000034 0.000053 0.999583 0.000034 0.000296], probability: 0.9995834231376648