0.50125402 -0.31194504 -0.70906332 -0.02704290 -0.04882261 0.04741627 0.16474515 
0.65226652 0.05909347 0.96968185 0.69001386 -0.03772052 0.02932295 0.16861811 
-0.50576556 -0.11221210 0.51206870 0.94497934 0.03060859 -0.05341213 0.16064045 

----------
0.50125402 -0.31194504 -0.70906332 -0.02704290 -0.04882261 -0.04882261 -0.04882261 
0.65226652 0.05909347 0.96968185 0.69001386 -0.03772052 -0.03772052 -0.03772052 
-0.50576556 -0.11221210 0.51206870 0.94497934 0.03060859 0.03060859 0.03060859 

----------
0.64019705 -0.41532365 -0.57180546 0.30137686 0.01377329 -0.09361198 0.05178003 
0.42186390 0.08311147 0.70192613 0.56790387 -0.09167062 0.00038531 0.05225626 
-0.16616483 0.10083674 0.35656855 0.91385867 0.06754402 0.03396216 0.06976229 

----------
iteration: 5340, probabilities: [0.000106 0.000065 0.993982 0.000361 0.005486], probability: 0.9939823746681213