-0.07409682 -0.99999746 0.16144273 0.88673123 -0.01238662 0.00928990 0.15818944 
0.18409185 0.46871621 0.10765754 -0.02395174 -0.05286766 0.03629242 0.18137983 
0.40586183 -0.51039453 -0.21015792 -0.33769839 -0.02896578 0.00712227 0.15901806 

----------
-0.07409682 -0.99999746 0.16144273 0.88673123 -0.01238662 -0.01238662 -0.01238662 
0.18409185 0.46871621 0.10765754 -0.02395174 -0.05286766 -0.05286766 -0.05286766 
0.40586183 -0.51039453 -0.21015792 -0.33769839 -0.02896578 -0.02896578 -0.02896578 

----------
-0.26175311 -0.53996301 0.45565058 0.65784706 0.07689996 0.04337677 0.05220759 
0.69045386 0.67500654 0.20976348 -0.15422016 -0.06109885 0.09105675 0.05225625 
0.70347726 -0.64698677 0.28563605 0.07208983 -0.00410068 -0.12932028 0.05186883 

----------
iteration: 5934, probabilities: [0.000021 0.000031 0.999600 0.000031 0.000317], probability: 0.9995999932289124