-0.28320032 -0.96376251 0.52144568 0.16527500 0.01568059 0.01566675 0.16514230 
-0.52460241 0.54988976 0.22787089 -0.83651709 0.00830188 0.01427427 0.19485333 
0.68202792 -0.16211749 0.11936693 -0.79811110 0.01629988 0.02866895 0.13493892 

----------
-0.28320032 -0.96376251 0.52144568 0.16527500 0.01568059 0.01568059 0.01568059 
-0.52460241 0.54988976 0.22787089 -0.83651709 0.00830188 0.00830188 0.00830188 
0.68202792 -0.16211749 0.11936693 -0.79811110 0.01629988 0.01629988 0.01629988 

----------
0.04364708 -0.87686427 0.47875396 0.01455873 -0.06168457 0.07020144 0.05628474 
-0.40637154 0.63974100 0.30133827 -0.57866432 -0.06282731 -0.07542032 0.05187234 
0.67444434 0.00007074 0.00006449 -0.73836865 0.07214262 0.03017416 0.05201145 

----------
iteration: 6105, probabilities: [0.000028 0.000029 0.999229 0.000056 0.000659], probability: 0.9992287158966064