-0.58818171 -0.73528189 0.33603311 0.90119954 0.03129986 0.03438387 0.16683336 
-0.58710220 0.89075769 -0.03751410 -0.94489830 -0.00888511 -0.05232909 0.14787188 
0.99796637 0.19241418 0.09126512 -0.94936985 0.04125409 0.03018643 0.15540859 

----------
-0.58818171 -0.73528189 0.33603311 0.90119954 0.03129986 0.03129986 0.03129986 
-0.58710220 0.89075769 -0.03751410 -0.94489830 -0.00888511 -0.00888511 -0.00888511 
0.99796637 0.19241418 0.09126512 -0.94936985 0.04125409 0.04125409 0.04125409 

----------
-0.39792946 -0.63572616 0.30892854 0.58490385 -0.05773650 0.07571723 0.05225625 
-0.49238125 0.67388713 0.21450235 -0.50766934 -0.02181934 -0.09602525 0.05170058 
0.71330826 0.00006723 0.00006804 -0.70092304 0.09948999 0.07294459 0.05201145 

----------
iteration: 6423, probabilities: [0.000014 0.000032 0.999824 0.000014 0.000116], probability: 0.9998237490653992