-0.16626254 -0.67177572 0.31360813 0.35127934 -0.04517041 -0.01070294 0.17578206 
0.06550576 -0.65868312 -0.84448173 0.99852930 -0.04873778 0.00906008 0.14199117 
-0.22428934 -0.36592373 0.00725317 -0.96349674 0.01902890 0.01452287 0.15631266 

----------
-0.16626254 -0.67177572 0.31360813 0.35127934 -0.04517041 -0.04517041 -0.04517041 
0.06550576 -0.65868312 -0.84448173 0.99852930 -0.04873778 -0.04873778 -0.04873778 
-0.22428934 -0.36592373 0.00725317 -0.96349674 0.01902890 0.01902890 0.01902890 

----------
-0.42809652 -0.63468809 0.31123089 0.56313359 -0.09086995 -0.02119072 0.05214413 
0.08258206 -0.41972887 -0.56911266 0.70226347 0.03203578 -0.09481246 0.05187291 
0.14412400 0.00006195 -0.00007440 -0.98972286 -0.00903258 0.10722340 0.05200332 

----------
iteration: 7832, probabilities: [0.000010 0.000032 0.999881 0.000009 0.000067], probability: 0.9998812675476074