-0.02869724 0.63791449 -0.07873590 0.46983394 0.02503897 -0.02554423 0.14475718 
0.29998437 -0.87127326 -0.41054662 -0.41998663 -0.01145028 0.01155704 0.14916831 
0.63007045 -0.71609576 0.02843532 0.78763798 -0.03334526 -0.01035540 0.14952244 

----------
-0.02869724 0.63791449 -0.07873590 0.46983394 0.02503897 0.02503897 0.02503897 
0.29998437 -0.87127326 -0.41054662 -0.41998663 -0.01145028 -0.01145028 -0.01145028 
0.63007045 -0.71609576 0.02843532 0.78763798 -0.03334526 -0.03334526 -0.03334526 

----------
-0.00268888 0.70577962 -0.04271183 0.70719245 0.01846892 0.07740797 0.05144701 
0.70688282 -0.60527668 0.36593734 -0.02028775 0.09625451 -0.15689049 0.05184938 
0.49041908 -0.67846089 -0.19956911 0.50945480 -0.12182717 -0.03104944 0.05187241 

----------
iteration: 8354, probabilities: [0.000007 0.000040 0.999902 0.000007 0.000043], probability: 0.9999020099639893