0.70269247 0.73512274 0.21047253 0.39561338 -0.02704387 -0.00618168 0.17032014 
0.57867471 0.11069527 -0.98532298 -0.03022839 0.02719900 -0.02239667 0.15140464 
-0.20687211 -0.20144414 0.34215746 -0.59574367 0.02887974 -0.04648251 0.15703190 

----------
0.70269247 0.73512274 0.21047253 0.39561338 -0.02704387 -0.02704387 -0.02704387 
0.57867471 0.11069527 -0.98532298 -0.03022839 0.02719900 0.02719900 0.02719900 
-0.20687211 -0.20144414 0.34215746 -0.59574367 0.02887974 0.02887974 0.02887974 

----------
0.70580856 0.58787310 0.39246031 0.04769864 -0.01132247 -0.05300524 0.05225611 
0.55064346 -0.69515556 -0.13008094 0.44387666 0.05841310 0.17995697 0.05170467 
-0.07152765 -0.30559415 0.63624563 -0.70482114 0.09632976 -0.00529909 0.05212657 

----------
iteration: 8819, probabilities: [0.000020 0.000036 0.999721 0.000022 0.000201], probability: 0.9997208714485168