0.27419285 0.07412787 -0.64239513 0.00286380 0.00393012 -0.05270257 0.14694033 
0.93486429 0.32588861 0.01279247 0.41055939 0.03524956 -0.03599764 0.15989567 
-0.68516797 -0.31155308 0.97126416 0.33934280 0.05053456 0.04641385 0.16602870 

----------
0.27419285 0.07412787 -0.64239513 0.00286380 0.00393012 0.00393012 0.00393012 
0.93486429 0.32588861 0.01279247 0.41055939 0.03524956 0.03524956 0.03524956 
-0.68516797 -0.31155308 0.97126416 0.33934280 0.05053456 0.05053456 0.05053456 

----------
-0.38518682 -0.03838293 -0.70624465 -0.59309870 -0.15048472 -0.09833442 0.05230921 
0.90630443 -0.00001585 0.00009392 0.42268191 0.06916547 0.00953680 0.05201121 
-0.57911759 -0.09604553 0.69762542 0.41085462 0.07460574 0.12442253 0.05259389 

----------
iteration: 9796, probabilities: [0.000009 0.000051 0.999898 0.000007 0.000036], probability: 0.9998983144760132