0.82942990 0.33124127 0.19220235 0.36271401 -0.00708694 -0.02582896 0.15927793 
0.99640972 0.09283415 -0.35544874 0.96393363 0.03085156 -0.02244699 0.14430249 
-0.25151576 -0.54500333 0.57143147 -0.12718910 0.08620330 -0.02018059 0.15920939 

----------
0.82942990 0.33124127 0.19220235 0.36271401 -0.00708694 -0.00708694 -0.00708694 
0.99640972 0.09283415 -0.35544874 0.96393363 0.03085156 0.03085156 0.03085156 
-0.25151576 -0.54500333 0.57143147 -0.12718910 0.08620330 0.08620330 0.08620330 

----------
0.99602061 0.00000871 0.00009535 -0.09033412 -0.04328234 -0.00124646 0.05201145 
0.68581779 -0.00006965 0.00006570 0.72796440 0.01064064 0.11032334 0.05201145 
-0.00071400 -0.66364602 0.74826595 -0.00017849 0.11476892 0.04851989 0.05201165 

----------
iteration: 9385, probabilities: [0.000023 0.000031 0.999660 0.000024 0.000263], probability: 0.9996597766876221