-0.01268363 0.91542924 -0.11001103 -0.28291954 0.06433940 -0.00855054 0.16782257 
0.75613091 -0.06046743 -0.99737817 -0.39951657 -0.09460859 -0.03541116 0.17905788 
0.64310980 -0.36725847 0.25716731 0.54656716 -0.01147747 0.00424354 0.15275916 

----------
-0.01268363 0.91542924 -0.11001103 -0.28291954 0.06433940 0.06433940 0.06433940 
0.75613091 -0.06046743 -0.99737817 -0.39951657 -0.09460859 -0.09460859 -0.09460859 
0.64310980 -0.36725847 0.25716731 0.54656716 -0.01147747 -0.01147747 -0.01147747 

----------
0.00043077 0.99364056 -0.11318683 -0.00017855 0.05223023 0.08299990 0.05198135 
0.23020195 0.53221735 -0.46523046 -0.66901186 -0.13590867 -0.20556461 0.05225634 
0.81043108 -0.00005581 0.00007956 0.58597345 -0.03405166 -0.06771766 0.05201148 

----------
iteration: 10279, probabilities: [0.000005 0.000061 0.999907 0.000005 0.000022], probability: 0.9999072551727295