0.51645316 0.28234339 0.22740719 0.97318592 0.06882233 0.07001692 0.18612747 
-0.48678016 -0.84666293 -0.22693553 0.89011431 -0.01235628 -0.00400110 0.16611635 
0.46805765 -0.49358523 0.53543253 0.53190473 0.01551455 -0.08770910 0.14922047 

----------
0.51645316 0.28234339 0.22740719 0.97318592 0.06882233 0.06882233 0.06882233 
-0.48678016 -0.84666293 -0.22693553 0.89011431 -0.01235628 -0.01235628 -0.01235628 
0.46805765 -0.49358523 0.53543253 0.53190473 0.01551455 0.01551455 0.01551455 

----------
0.45634467 -0.00008517 0.00004374 0.88991358 0.02796925 0.09918441 0.05201145 
-0.54389385 -0.69640403 0.12168042 0.45259354 -0.11706471 0.02698150 0.05225627 
0.21263577 -0.19372936 0.68271436 0.67210445 0.14711744 -0.02018668 0.05708595 

----------
iteration: 10634, probabilities: [0.000022 0.000028 0.999571 0.000029 0.000350], probability: 0.9995706677436829