-0.04726474 0.78637288 -0.99707484 0.61577438 0.01337267 0.00068538 0.16479437 
-0.29593320 -0.76160657 0.01428932 0.21653536 -0.02239442 0.01274093 0.18125716 
0.54891810 -0.91778227 -0.25453023 0.73221293 0.06787575 0.04746523 0.13538624 

----------
-0.04726474 0.78637288 -0.99707484 0.61577438 0.01337267 0.01337267 0.01337267 
-0.29593320 -0.76160657 0.01428932 0.21653536 -0.02239442 -0.02239442 -0.02239442 
0.54891810 -0.91778227 -0.25453023 0.73221293 0.06787575 0.06787575 0.06787575 

----------
-0.40940283 0.08314287 -0.70231070 0.57661810 -0.13029788 0.03404922 0.05173493 
-0.62399645 -0.70649548 -0.02151187 0.33332244 0.02793060 -0.04023507 0.05225626 
0.48303077 -0.67553829 -0.20916827 0.51644607 0.09780751 0.07006492 0.05187850 

----------
iteration: 11062, probabilities: [0.000036 0.000030 0.998738 0.000083 0.001114], probability: 0.9987379908561707