0.39243274 0.59864643 -0.28465466 0.91843437 0.00327473 0.02376106 0.16169918 
-0.76490231 -0.58562281 -0.00468026 0.37755044 0.02208933 -0.03852364 0.18072987 
0.35995754 -0.21034560 0.41643069 -0.08796739 -0.02665975 0.01244258 0.16482576 

----------
0.39243274 0.59864643 -0.28465466 0.91843437 0.00327473 0.00327473 0.00327473 
-0.76490231 -0.58562281 -0.00468026 0.37755044 0.02208933 0.02208933 0.02208933 
0.35995754 -0.21034560 0.41643069 -0.08796739 -0.02665975 -0.02665975 -0.02665975 

----------
0.40752247 0.55944245 -0.43211314 0.57820272 -0.06684095 0.01181822 0.05151492 
-0.62725680 -0.70624746 -0.02852011 0.32713838 0.05691293 0.04398735 0.05225660 
0.66233323 -0.45268346 0.54328428 -0.24761416 -0.00617513 -0.07889485 0.05187240 

----------
iteration: 11316, probabilities: [0.000031 0.000035 0.998947 0.000088 0.000899], probability: 0.9989473223686218