0.77903940 0.09120097 0.85692229 -0.86667264 -0.03057284 0.00232094 0.16775204 
0.99773607 0.19563354 0.22728269 -0.30105716 0.02163958 -0.00638138 0.13468812 
0.80581426 0.21794733 0.46964908 -0.10067794 0.01398952 -0.00997248 0.13997396 

----------
0.77903940 0.09120097 0.85692229 -0.86667264 -0.03057284 -0.03057284 -0.03057284 
0.99773607 0.19563354 0.22728269 -0.30105716 0.02163958 0.02163958 0.02163958 
0.80581426 0.21794733 0.46964908 -0.10067794 0.01398952 0.01398952 0.01398952 

----------
0.45035427 -0.12111536 0.69671177 -0.54513789 -0.02510385 -0.04846920 0.05187241 
0.99776650 0.00000658 0.00009552 -0.06811674 0.07590828 0.00730859 0.05201145 
0.91724382 -0.00164790 0.00158423 0.39905221 -0.09739343 0.09607977 0.05217066 

----------
iteration: 11935, probabilities: [0.000115 0.000072 0.981077 0.000881 0.017856], probability: 0.9810765981674194