0.45573658 0.25214186 -0.03416838 0.98697419 -0.04573323 -0.09454824 0.13540766 
0.06782405 -0.84397750 0.60004768 0.99868388 0.03513181 -0.06815147 0.16679002 
0.66981379 -0.19326961 0.46246545 0.18585595 0.01746696 -0.01845473 0.16790185 

----------
0.45573658 0.25214186 -0.03416838 0.98697419 -0.04573323 -0.04573323 -0.04573323 
0.06782405 -0.84397750 0.60004768 0.99868388 0.03513181 0.03513181 0.03513181 
0.66981379 -0.19326961 0.46246545 0.18585595 0.01746696 0.01746696 0.01746696 

----------
0.47708076 -0.00008415 0.00004571 0.87893994 -0.07817447 -0.04578862 0.05201145 
-0.10614015 -0.43988103 0.55336419 0.69951171 0.10900676 0.02145573 0.05225625 
0.68399971 -0.68791078 0.16447470 0.17985453 -0.09032945 0.15612915 0.05170795 

----------
iteration: 11223, probabilities: [0.000017 0.000029 0.999788 0.000016 0.000150], probability: 0.9997879862785339