0.59999483 -0.20926532 -0.48299096 0.12184651 0.06453756 -0.04180744 0.15354507 
0.44777938 0.91425475 -0.40577825 0.35179598 0.02439730 0.00845548 0.15093980 
0.54707858 -0.46393150 -0.18626968 0.40233197 0.01173133 0.03169226 0.17551634 

----------
0.59999483 -0.20926532 -0.48299096 0.12184651 0.06453756 0.06453756 0.06453756 
0.44777938 0.91425475 -0.40577825 0.35179598 0.02439730 0.02439730 0.02439730 
0.54707858 -0.46393150 -0.18626968 0.40233197 0.01173133 0.01173133 0.01173133 

----------
0.40575161 -0.63806731 -0.30495024 0.57918302 0.09857114 0.18856582 0.05183947 
0.52799156 0.65910988 0.13526890 0.51838435 0.00297099 0.10660649 0.05419686 
0.51153734 -0.68626355 -0.17062093 0.48817714 0.05149908 -0.03369074 0.05187242 

----------
iteration: 12825, probabilities: [0.000037 0.000044 0.999467 0.000034 0.000419], probability: 0.9994673132896423