0.73163674 0.46050271 -0.00472071 0.40984839 0.02904299 0.01171783 0.15298661 
0.85926882 0.70825233 -0.15888448 0.34109062 -0.02521489 -0.01804800 0.13101793 
0.56448844 -0.45930835 -0.83664562 0.81513574 0.00340900 0.02850147 0.13336218 

----------
0.73163674 0.46050271 -0.00472071 0.40984839 0.02904299 0.02904299 0.02904299 
0.85926882 0.70825233 -0.15888448 0.34109062 -0.02521489 -0.02521489 -0.02521489 
0.56448844 -0.45930835 -0.83664562 0.81513574 0.00340900 0.00340900 0.00340900 

----------
0.70629510 0.59672812 0.37973355 0.03249179 0.13978839 0.06180284 0.05224717 
0.69701485 0.66426694 0.24164460 -0.12119597 0.05198706 -0.08783189 0.05225630 
0.20589995 -0.51402427 -0.48566662 0.67644972 -0.07349302 0.06349587 0.05187146 

----------
iteration: 12422, probabilities: [0.000029 0.000036 0.999663 0.000017 0.000255], probability: 0.9996631145477295