0.57462606 0.98967195 -0.27877072 0.20360816 0.02462679 0.04660448 0.16458610 
0.67588191 0.74366938 -0.73664637 0.52939176 -0.00684871 -0.03679554 0.13558363 
0.87683604 -0.09338648 -0.94377734 0.44634312 -0.02059227 0.00145592 0.17337123 

----------
0.57462606 0.98967195 -0.27877072 0.20360816 0.02462679 0.02462679 0.02462679 
0.67588191 0.74366938 -0.73664637 0.52939176 -0.00684871 -0.00684871 -0.00684871 
0.87683604 -0.09338648 -0.94377734 0.44634312 -0.02059227 -0.02059227 -0.02059227 

----------
0.70129012 0.65645262 0.25830320 -0.10387235 0.10825753 0.11170015 0.05235831 
0.62179095 0.47808404 -0.52106326 0.33669911 -0.08137170 0.00677035 0.05159522 
0.43205168 -0.14723406 -0.69088427 0.56070202 0.03037601 -0.05148396 0.05191746 

----------
iteration: 12366, probabilities: [0.000038 0.000035 0.998976 0.000045 0.000906], probability: 0.9989761114120483