0.76931045 0.47579388 -0.31958465 -0.61739424 -0.06718065 -0.07671164 0.16325294 
0.99856754 -0.45782622 0.30882821 -0.81898051 0.00486682 0.06136028 0.17262390 
0.67909855 -0.92050637 -0.64733578 0.46571141 0.06993001 0.00808530 0.15897636 

----------
0.76931045 0.47579388 -0.31958465 -0.61739424 -0.06718065 -0.06718065 -0.06718065 
0.99856754 -0.45782622 0.30882821 -0.81898051 0.00486682 0.00486682 0.00486682 
0.67909855 -0.92050637 -0.64733578 0.46571141 0.06993001 0.06993001 0.06993001 

----------
0.46181777 0.66672597 -0.23470746 -0.53592038 -0.11686607 -0.13733340 0.05225625 
0.95514140 0.00075985 -0.00002085 -0.29657449 -0.08859784 0.00421445 0.05206027 
0.46254889 -0.66674104 -0.23572005 0.53485037 0.15296096 0.09502710 0.05186900 

----------
iteration: 12162, probabilities: [0.000027 0.000029 0.999551 0.000022 0.000371], probability: 0.9995513558387756