0.45921438 0.77788996 0.29871120 -0.16279274 -0.01487600 0.01291230 0.14122230 
0.23830284 0.95736666 -0.45934791 0.44053858 -0.07192306 -0.01659283 0.16831569 
0.23695528 -0.36135200 -0.97299137 0.84449542 0.00873839 0.01488888 0.16271992 

----------
0.45921438 0.77788996 0.29871120 -0.16279274 -0.01487600 -0.01487600 -0.01487600 
0.23830284 0.95736666 -0.45934791 0.44053858 -0.07192306 -0.07192306 -0.07192306 
0.23695528 -0.36135200 -0.97299137 0.84449542 0.00873839 0.00873839 0.00873839 

----------
0.68213249 0.68438227 0.17673315 -0.18760025 -0.10233699 0.06648826 0.05225557 
0.29984332 0.68375077 0.16513320 0.64463224 -0.06837661 -0.03861939 0.05247071 
0.10169889 -0.36392326 -0.60621115 0.69983869 0.06271466 0.02308312 0.05211984 

----------
iteration: 12316, probabilities: [0.000060 0.000043 0.995648 0.000195 0.004055], probability: 0.9956476092338562