-0.37011742 -0.92056377 0.30470667 0.58145717 0.00080650 0.02153652 0.15318802 
0.48532642 -0.90293555 0.78945095 0.64520870 0.00177315 -0.00516966 0.15016268 
-0.09447613 0.87749302 -0.84359529 -0.33395714 0.02093841 -0.03700850 0.16133007 

----------
-0.37011742 -0.92056377 0.30470667 0.58145717 0.00080650 0.00080650 0.00080650 
0.48532642 -0.90293555 0.78945095 0.64520870 0.00177315 0.00177315 0.00177315 
-0.09447613 0.87749302 -0.84359529 -0.33395714 0.02093841 0.02093841 0.02093841 

----------
-0.47481036 -0.66040311 0.21607310 0.54027202 0.10649756 -0.01260113 0.05358597 
0.14265561 -0.31565569 0.48937647 0.80039640 0.02066453 -0.07388546 0.07210035 
-0.00654468 0.87211456 -0.48927485 -0.01141201 -0.03520553 0.12508596 0.05294943 

----------
iteration: 13980, probabilities: [0.000020 0.000044 0.999838 0.000007 0.000091], probability: 0.99983811378479