0.90222681 0.80482656 0.15028602 -0.28690704 0.03808457 0.03228692 0.18258648 
0.07510219 0.59692256 -0.51376187 0.46347823 -0.03491511 -0.00272393 0.12152047 
0.96772693 0.10271596 -0.86341827 0.61677381 0.02275388 0.01324651 0.15719573 

----------
0.90222681 0.80482656 0.15028602 -0.28690704 0.03808457 0.03808457 0.03808457 
0.07510219 0.59692256 -0.51376187 0.46347823 -0.03491511 -0.03491511 -0.03491511 
0.96772693 0.10271596 -0.86341827 0.61677381 0.02275388 0.02275388 0.02275388 

----------
0.65990227 0.69862013 0.10727943 -0.25492229 0.05340594 0.10773118 0.05225442 
-0.18202013 0.10609802 -0.69990415 0.68270787 -0.16332083 -0.08120794 0.05123064 
0.44978554 -0.07208413 -0.70406891 0.54484753 0.01799119 -0.00303219 0.05234504 

----------
iteration: 13056, probabilities: [0.000034 0.000030 0.999043 0.000041 0.000852], probability: 0.9990429282188416