0.85802519 -0.00336615 -0.58496000 0.55095211 0.01991751 0.01605509 0.14048108 
0.36254674 -0.53835981 -0.75803193 -0.81429869 0.03426572 0.00904401 0.15131969 
-0.37934019 0.01183719 -0.09286528 -0.91289870 0.01403866 0.02284019 0.16045804 

----------
0.85802519 -0.00336615 -0.58496000 0.55095211 0.01991751 0.01991751 0.01991751 
0.36254674 -0.53835981 -0.75803193 -0.81429869 0.03426572 0.03426572 0.03426572 
-0.37934019 0.01183719 -0.09286528 -0.91289870 0.01403866 0.01403866 0.01403866 

----------
0.22563332 -0.52663068 -0.47204002 0.67021035 -0.06421557 0.17255418 0.05185097 
-0.16224264 0.06548623 -0.70417664 -0.68830115 -0.10288318 -0.01491240 0.05162066 
-0.39222122 0.00008915 -0.00003914 -0.91991286 0.09673606 -0.02787844 0.05201148 

----------
iteration: 14511, probabilities: [0.000063 0.000046 0.994769 0.000188 0.004933], probability: 0.9947687387466431