0.98877515 0.35964959 0.20372244 0.68668640 0.02889490 0.02233871 0.17512031 
-0.22231566 -0.52942823 -0.69449259 -0.60156629 -0.01358584 -0.01115017 0.15558462 
-0.59123175 -0.86617058 0.33035701 -0.20524021 -0.01881439 -0.01624736 0.16423754 

----------
0.98877515 0.35964959 0.20372244 0.68668640 0.02889490 0.02889490 0.02889490 
-0.22231566 -0.52942823 -0.69449259 -0.60156629 -0.01358584 -0.01358584 -0.01358584 
-0.59123175 -0.86617058 0.33035701 -0.20524021 -0.01881439 -0.01881439 -0.01881439 

----------
0.66160726 -0.00116968 -0.00003891 0.75002854 0.00515675 0.08552311 0.05207112 
-0.45642159 -0.12667410 -0.69542642 -0.54056704 -0.13010693 0.03064332 0.05225518 
-0.70309942 -0.64844913 -0.28141207 0.07877424 0.11759286 -0.03269400 0.05225540 

----------
iteration: 14353, probabilities: [0.000072 0.000049 0.993563 0.000243 0.006074], probability: 0.9935629367828369