0.61348073 0.57332091 0.30177188 0.30726043 0.01958857 -0.06116255 0.16630593 
0.99269477 -0.03246282 -0.22878191 -0.44154883 -0.03580708 0.06987675 0.16888242 
-0.20989987 0.18962033 0.85417531 -0.97285977 -0.04284970 -0.00860727 0.11040099 

----------
0.61348073 0.57332091 0.30177188 0.30726043 0.01958857 0.01958857 0.01958857 
0.99269477 -0.03246282 -0.22878191 -0.44154883 -0.03580708 -0.03580708 -0.03580708 
-0.20989987 0.18962033 0.85417531 -0.97285977 -0.04284970 -0.04284970 -0.04284970 

----------
0.69069799 0.52244537 0.47605996 0.15295043 0.06681734 0.09702067 0.05225624 
0.98809324 -0.00009122 0.00024030 -0.15449311 -0.11825514 -0.11809719 0.05202139 
0.02102261 0.32964577 0.62557720 -0.70682378 -0.00642752 -0.04667570 0.05184663 

----------
iteration: 14496, probabilities: [0.000016 0.000035 0.999873 0.000005 0.000072], probability: 0.9998726844787598