0.59263822 -0.13507012 -0.21881228 0.52096140 -0.05951068 -0.00139845 0.15071410 
0.31041593 -0.99873977 -0.23397166 -0.31457597 -0.00464317 -0.00254508 0.11065534 
-0.50643828 0.04880379 0.47907028 -0.61467402 0.00736016 -0.05943787 0.17972292 

----------
0.59263822 -0.13507012 -0.21881228 0.52096140 -0.05951068 -0.05951068 -0.05951068 
0.31041593 -0.99873977 -0.23397166 -0.31457597 -0.00464317 -0.00464317 -0.00464317 
-0.50643828 0.04880379 0.47907028 -0.61467402 0.00736016 0.00736016 0.00736016 

----------
0.86377923 -0.00004726 0.00008322 0.50396381 -0.07910387 -0.10832846 0.05201146 
0.70596447 -0.70720462 0.02608331 -0.03356461 0.04804330 -0.07897465 0.05087647 
0.21757898 0.14434982 0.69235494 -0.67286619 0.04601997 0.06636435 0.05187152 

----------
iteration: 14840, probabilities: [0.000038 0.000042 0.998340 0.000093 0.001486], probability: 0.9983398914337158