0.21190308 0.52798643 -0.54832146 0.43049869 -0.01087426 0.05431100 0.13273459 
0.80087482 -0.59236629 0.05926083 -0.45667700 0.02884063 -0.03664541 0.14451399 
0.45154058 -0.85317463 0.99040550 -0.17415381 -0.03526809 -0.01216680 0.13542675 

----------
0.21190308 0.52798643 -0.54832146 0.43049869 -0.01087426 -0.01087426 -0.01087426 
0.80087482 -0.59236629 0.05926083 -0.45667700 0.02884063 0.02884063 0.02884063 
0.45154058 -0.85317463 0.99040550 -0.17415381 -0.03526809 -0.03526809 -0.03526809 

----------
0.66801032 0.69484240 0.13016035 -0.23320620 0.14347322 -0.06982563 0.05225639 
0.70665966 -0.60106590 0.37261036 -0.02586260 0.09882342 0.06597133 0.05187241 
0.68286116 -0.68798553 0.16380581 0.18383512 -0.11732582 -0.08353020 0.05171245 

----------
iteration: 16948, probabilities: [0.000018 0.000045 0.999866 0.000005 0.000065], probability: 0.999866247177124