-0.24256974 -0.54821810 0.15589879 0.82726039 -0.04552545 0.00750702 0.16920927 
-0.26954126 0.13763926 0.97877753 -0.35397987 -0.03141744 0.03126332 0.14642423 
0.22773556 0.98983384 0.09033461 -0.18691967 0.06811875 0.02368015 0.15111290 

----------
-0.24256974 -0.54821810 0.15589879 0.82726039 -0.04552545 -0.04552545 -0.04552545 
-0.26954126 0.13763926 0.97877753 -0.35397987 -0.03141744 -0.03141744 -0.03141744 
0.22773556 0.98983384 0.09033461 -0.18691967 0.06811875 0.06811875 0.06811875 

----------
-0.82854982 -0.00005368 -0.00007929 0.56019525 0.02859263 -0.06977705 0.05201145 
-0.21367420 0.51773171 0.48183663 -0.67411246 -0.06137803 0.09259073 0.05184417 
-0.00010640 0.99860290 -0.05412341 -0.00108162 0.07397403 0.04667462 0.05195205 

----------
iteration: 16375, probabilities: [0.000671 0.000315 0.491070 0.087719 0.420225], probability: 0.49107006192207336