-0.30351528 -0.82437427 -0.64105062 0.77075523 -0.02107710 0.03621894 0.15681955 
0.61294464 0.09057177 0.84839274 0.00833761 0.02833374 0.00019918 0.12125646 
-0.21278790 0.99216299 0.69408620 -0.16468752 0.00841900 0.02960154 0.14604311 

----------
-0.30351528 -0.82437427 -0.64105062 0.77075523 -0.02107710 -0.02107710 -0.02107710 
0.61294464 0.09057177 0.84839274 0.00833761 0.02833374 0.02833374 0.02833374 
-0.21278790 0.99216299 0.69408620 -0.16468752 0.00841900 0.00841900 0.00841900 

----------
-0.22823799 0.00588682 -0.07882927 0.97066067 0.01130446 0.10854048 0.05897766 
0.56347804 -0.66951770 0.22597689 -0.42845024 -0.07197314 0.22279180 0.05212155 
0.00037049 0.95735129 0.28915443 -0.00150435 0.03757920 -0.00138841 0.05198801 

----------
iteration: 16203, probabilities: [0.000029 0.000035 0.999781 0.000011 0.000144], probability: 0.9997809529304504