0.10845472 -0.99989590 0.08953962 0.64544988 -0.05805350 0.06758982 0.14072180 
0.50953770 0.43884189 0.99915299 -0.47383749 0.01167695 -0.00660260 0.16542255 
0.11731813 0.91094371 0.25115605 -0.25721700 0.06360260 0.01507127 0.17253663 

----------
0.10845472 -0.99989590 0.08953962 0.64544988 -0.05805350 -0.05805350 -0.05805350 
0.50953770 0.43884189 0.99915299 -0.47383749 0.01167695 0.01167695 0.01167695 
0.11731813 0.91094371 0.25115605 -0.25721700 0.06360260 0.06360260 0.06360260 

----------
0.69919575 -0.66006589 0.25410435 0.10629604 -0.14785551 -0.19862705 0.05187238 
0.00395625 0.12902101 0.99186371 -0.00042829 0.06644072 -0.04332625 0.05218567 
0.00026822 0.94954286 0.31376244 -0.00101792 0.09029300 0.06280154 0.05195181 

----------
iteration: 16727, probabilities: [0.000021 0.000035 0.999738 0.000014 0.000193], probability: 0.9997380375862122