0.07596773 0.13261648 -0.73191398 -0.40169200 -0.00506175 -0.03253113 0.16799346 
0.99322341 0.37695287 0.05544216 -0.09927716 -0.00926193 -0.06151828 0.14756565 
0.10577383 -0.98971249 0.52812257 -0.30759703 -0.01867618 0.00563030 0.16499720 

----------
0.07596773 0.13261648 -0.73191398 -0.40169200 -0.00506175 -0.00506175 -0.00506175 
0.99322341 0.37695287 0.05544216 -0.09927716 -0.00926193 -0.00926193 -0.00926193 
0.10577383 -0.98971249 0.52812257 -0.30759703 -0.01867618 -0.01867618 -0.01867618 

----------
-0.06428225 0.29469992 -0.64247420 -0.70453097 0.06571480 -0.10787152 0.05225624 
0.94045172 -0.00032709 0.00044433 -0.34043836 -0.00826583 0.12700981 0.05205227 
0.00078377 -0.71228915 0.70198567 0.00070331 -0.04946611 -0.03220227 0.05195180 

----------
iteration: 17373, probabilities: [0.000024 0.000029 0.999698 0.000014 0.000235], probability: 0.9996980428695679