0.23192687 -0.49929996 -0.60646444 0.82157944 0.02730457 -0.05029804 0.11835638 
0.81576408 -0.41584729 0.12919069 -0.92164947 0.05470337 0.01360446 0.16064057 
0.67301936 0.29207609 0.37020856 -0.34442034 -0.02034728 0.00705203 0.14898718 

----------
0.23192687 -0.49929996 -0.60646444 0.82157944 0.02730457 0.02730457 0.02730457 
0.81576408 -0.41584729 0.12919069 -0.92164947 0.05470337 0.05470337 0.05470337 
0.67301936 0.29207609 0.37020856 -0.34442034 -0.02034728 -0.02034728 -0.02034728 

----------
0.17284956 -0.48988038 -0.50996891 0.68563269 -0.02027846 0.09877044 0.05187241 
0.73893048 -0.00057937 0.00263465 -0.67400575 0.06040045 0.00004284 0.05221154 
0.48256562 0.67550514 -0.20835672 -0.51742062 -0.12290802 -0.06945603 0.05225629 

----------
iteration: 17074, probabilities: [0.000021 0.000021 0.999833 0.000007 0.000118], probability: 0.9998332262039185