0.53150823 0.52399083 -0.81196837 -0.76717730 0.01620971 -0.00702744 0.14643266 
0.61837764 0.29619874 -0.48883322 0.97868116 0.01239916 -0.01433058 0.17590012 
0.00683988 -0.00133290 -0.89298085 -0.19813880 -0.07587200 0.01493368 0.14231766 

----------
0.53150823 0.52399083 -0.81196837 -0.76717730 0.01620971 0.01620971 0.01620971 
0.61837764 0.29619874 -0.48883322 0.97868116 0.01239916 0.01239916 0.01239916 
0.00683988 -0.00133290 -0.89298085 -0.19813880 -0.07587200 -0.07587200 -0.07587200 

----------
0.28194879 0.50665652 -0.49318362 -0.64854620 -0.04445196 0.04814276 0.05181034 
0.42050723 0.07672772 -0.69798705 0.57465513 0.03596698 -0.04035338 0.05239261 
-0.00099561 -0.02613678 -0.99968238 0.00009021 -0.09100873 -0.08671486 0.05195132 

----------
iteration: 17604, probabilities: [0.000029 0.000038 0.999891 0.000006 0.000036], probability: 0.9998911619186401