-0.17128157 0.47372837 -0.95063010 -0.37093152 -0.06628637 -0.00603997 0.19079112 
0.50615142 0.28248441 0.35226316 -0.33771577 0.02620932 0.01246786 0.17201593 
0.67388426 -0.39672688 0.83889984 -0.35193285 -0.09476983 -0.03422262 0.14737871 

----------
-0.17128157 0.47372837 -0.95063010 -0.37093152 -0.06628637 -0.06628637 -0.06628637 
0.50615142 0.28248441 0.35226316 -0.33771577 0.02620932 0.02620932 0.02620932 
0.67388426 -0.39672688 0.83889984 -0.35193285 -0.09476983 -0.09476983 -0.09476983 

----------
-0.13489799 0.22851942 -0.66890251 -0.69449998 0.00798263 -0.14036410 0.05225626 
0.98960547 -0.00188202 -0.00263601 -0.14611841 0.00380506 0.11608309 0.05225220 
0.59977359 -0.33545200 0.62253859 -0.37452919 -0.16489907 -0.07855182 0.05187241 

----------
iteration: 17305, probabilities: [0.000027 0.000032 0.999305 0.000037 0.000598], probability: 0.9993053674697876