-0.05689582 0.00043326 -0.04128961 0.57406576 0.01430949 0.04979349 0.18505370 
-0.39600343 0.75329945 -0.29597903 -0.97385781 0.03100418 -0.01962438 0.17438880 
-0.17937478 0.28920165 -0.55789088 0.15022800 -0.02486433 0.04439898 0.14850708 

----------
-0.05689582 0.00043326 -0.04128961 0.57406576 0.01430949 0.01430949 0.01430949 
-0.39600343 0.75329945 -0.29597903 -0.97385781 0.03100418 0.03100418 0.03100418 
-0.17937478 0.28920165 -0.55789088 0.15022800 -0.02486433 -0.02486433 -0.02486433 

----------
-0.05641894 -0.00071551 -0.00108027 0.99842894 0.08440179 0.01723930 0.05209510 
-0.02317211 0.06652987 -0.70374475 -0.70721386 0.09476861 0.12106985 0.05135802 
-0.59935641 0.33464349 -0.62299230 0.37525727 -0.10641272 -0.07741755 0.05187630 

----------
iteration: 18628, probabilities: [0.000083 0.000051 0.999554 0.000054 0.000259], probability: 0.9995536208152771