-0.02765220 -0.10357005 -0.06667627 0.84555699 0.09395219 0.00785311 0.19097453 
-0.32050555 0.23042356 -0.32318069 -0.62755141 -0.01770556 0.01052183 0.17504018 
0.37107319 0.78374339 -0.66589333 0.64206459 -0.01750415 0.07154204 0.14946735 

----------
-0.02765220 -0.10357005 -0.06667627 0.84555699 0.09395219 0.09395219 0.09395219 
-0.32050555 0.23042356 -0.32318069 -0.62755141 -0.01770556 -0.01770556 -0.01770556 
0.37107319 0.78374339 -0.66589333 0.64206459 -0.01750415 -0.01750415 -0.01750415 

----------
0.12303160 -0.00009500 0.00001185 0.99245106 0.12125984 0.10944042 0.05201145 
-0.21443845 0.14948184 -0.69084326 -0.67416651 -0.01454053 0.07592897 0.05225624 
0.65533840 0.70050062 0.09324892 -0.26731410 0.12008242 -0.08674010 0.05226252 

----------
iteration: 18273, probabilities: [0.000063 0.000064 0.999778 0.000022 0.000073], probability: 0.9997780919075012