0.80790696 -0.78841178 -0.36294497 -0.99421011 -0.00216628 0.01327651 0.12955314 
0.85103099 -0.37115100 -0.77629050 0.80262711 -0.00326927 0.00585121 0.16216382 
0.93031071 0.65560396 -0.11517851 -0.31237105 -0.01192665 0.04632937 0.15804756 

----------
0.80790696 -0.78841178 -0.36294497 -0.99421011 -0.00216628 -0.00216628 -0.00216628 
0.85103099 -0.37115100 -0.77629050 0.80262711 -0.00326927 -0.00326927 -0.00326927 
0.93031071 0.65560396 -0.11517851 -0.31237105 -0.01192665 -0.01192665 -0.01192665 

----------
-0.26342948 0.07261390 -0.70137802 -0.65854982 -0.15271126 0.12311970 0.05232670 
0.35294912 -0.61021974 -0.35741441 0.61274641 0.05944817 0.03668635 0.05187241 
0.62170617 0.70662849 0.01668439 -0.33757891 -0.04218418 -0.11148789 0.05225626 

----------
iteration: 19906, probabilities: [0.000094 0.000047 0.999064 0.000119 0.000675], probability: 0.9990642666816711