0.85925270 0.58671447 -0.35792115 0.44200790 0.04825954 -0.02678396 0.16613997 
0.18799428 -0.94480034 -0.01942298 0.29960399 0.02463964 0.00328075 0.12374451 
-0.05812063 0.15750481 -0.60053904 0.20078635 -0.01357584 -0.06965766 0.12541072 

----------
0.85925270 0.58671447 -0.35792115 0.44200790 0.04825954 0.04825954 0.04825954 
0.18799428 -0.94480034 -0.01942298 0.29960399 0.02463964 0.02463964 0.02463964 
-0.05812063 0.15750481 -0.60053904 0.20078635 -0.01357584 -0.01357584 -0.01357584 

----------
0.68332244 0.68333837 0.18093373 -0.18339738 0.12938283 0.09460621 0.05225626 
0.55011170 -0.69804729 -0.11341719 0.44432913 0.10292597 -0.08096603 0.05187239 
0.00636084 0.08782879 -0.99623955 0.00540570 -0.04318438 -0.07749296 0.05254118 

----------
iteration: 19043, probabilities: [0.000054 0.000062 0.999811 0.000014 0.000059], probability: 0.9998108744621277