0.52830788 -0.24856048 -0.93057097 -0.60350354 0.02050141 0.02766165 0.15764515 
0.34986013 0.31320452 -0.19499241 0.42983438 0.06371682 -0.03664945 0.16759818 
0.98734947 0.48110626 -0.23677748 -0.33828596 0.01224955 0.02508948 0.14479509 

----------
0.52830788 -0.24856048 -0.93057097 -0.60350354 0.02050141 0.02050141 0.02050141 
0.34986013 0.31320452 -0.19499241 0.42983438 0.06371682 0.06371682 0.06371682 
0.98734947 0.48110626 -0.23677748 -0.33828596 0.01224955 0.01224955 0.01224955 

----------
0.08753141 0.42201364 -0.56700019 -0.70215550 -0.08891283 0.00302081 0.05225469 
0.70662699 0.63000276 0.32067175 -0.03542568 0.20064635 0.10901146 0.05225834 
0.50514710 0.68407912 -0.17797402 -0.49531857 0.01827653 -0.10918264 0.05225627 

----------
iteration: 19855, probabilities: [0.000051 0.000054 0.999825 0.000013 0.000057], probability: 0.9998254179954529