0.07387683 0.69515444 -0.29646209 0.70567461 0.02933321 0.02615390 0.17014316 
0.78488186 0.78965369 0.02393751 0.26866481 0.05821554 -0.02178999 0.16861482 
-0.13606136 0.99958323 -0.03969951 0.70855294 -0.00046814 0.05681558 0.18736770 

----------
0.07387683 0.69515444 -0.29646209 0.70567461 0.02933321 0.02933321 0.02933321 
0.78488186 0.78965369 0.02393751 0.26866481 0.05821554 0.05821554 0.05821554 
-0.13606136 0.99958323 -0.03969951 0.70855294 -0.00046814 -0.00046814 -0.00046814 

----------
-0.33355715 0.61433436 -0.33447787 0.63207058 -0.04506795 0.04412510 0.05280185 
0.70510296 0.63961777 0.30082407 -0.05754301 0.15199941 0.09436900 0.05225626 
-0.03022471 0.70689414 -0.01626862 0.70653488 -0.01006042 -0.05959064 0.05143191 

----------
iteration: 20996, probabilities: [0.000058 0.000053 0.999808 0.000016 0.000064], probability: 0.9998077750205994