0.69881731 -0.03198484 -0.01875717 -0.58817526 0.05006598 -0.02832695 0.15112545 
0.18896097 0.74353197 -0.99443003 0.70577293 0.00707595 -0.02107308 0.12683819 
0.78607404 0.19924638 -0.06019377 0.11951495 -0.05225307 -0.05529377 0.17223596 

----------
0.69881731 -0.03198484 -0.01875717 -0.58817526 0.05006598 0.05006598 0.05006598 
0.18896097 0.74353197 -0.99443003 0.70577293 0.00707595 0.00707595 0.00707595 
0.78607404 0.19924638 -0.06019377 0.11951495 -0.05225307 -0.05225307 -0.05225307 

----------
0.77041866 0.00006109 0.00007372 -0.63758968 0.10128571 0.06975004 0.05201145 
-0.38731261 0.01888527 0.04577817 0.92100332 -0.11372278 0.15566914 0.05462628 
0.99105999 -0.00001276 0.00009489 0.13391922 -0.08095624 -0.06913162 0.05201145 

----------
iteration: 20158, probabilities: [0.000371 0.000093 0.975215 0.003656 0.020665], probability: 0.9752148389816284