0.62536553 -0.12088060 -0.81022887 -0.46685735 0.01055961 -0.07586049 0.15195558 
0.61304005 0.23900477 -0.02323769 0.99698058 -0.00815666 -0.00233096 0.12266943 
0.99933743 0.19437780 -0.63244799 -0.09000014 0.01381654 -0.04146407 0.16765393 

----------
0.62536553 -0.12088060 -0.81022887 -0.46685735 0.01055961 0.01055961 0.01055961 
0.61304005 0.23900477 -0.02323769 0.99698058 -0.00815666 -0.00815666 -0.00815666 
0.99933743 0.19437780 -0.63244799 -0.09000014 0.01381654 0.01381654 0.01381654 

----------
0.10759526 0.44104950 -0.55238772 -0.69924447 0.01349894 -0.00731645 0.05225843 
0.54195301 -0.00008058 0.00005185 0.84047162 -0.08398943 0.04912836 0.05201145 
0.45820481 0.66508156 -0.23942622 -0.53912128 0.01691387 -0.17123958 0.05225244 

----------
iteration: 20204, probabilities: [0.000027 0.000059 0.999893 0.000003 0.000017], probability: 0.999893069267273