0.36733939 0.35893139 0.60853905 0.99997698 -0.02784813 -0.06420744 0.17555716 
0.39424717 0.99567083 -0.27903049 -0.24884049 -0.02122490 0.03585428 0.14288919 
-0.29185152 0.24230099 0.28208835 0.78176124 0.01632649 -0.01220077 0.13888272 

----------
0.36733939 0.35893139 0.60853905 0.99997698 -0.02784813 -0.02784813 -0.02784813 
0.39424717 0.99567083 -0.27903049 -0.24884049 -0.02122490 -0.02122490 -0.02122490 
-0.29185152 0.24230099 0.28208835 0.78176124 0.01632649 0.01632649 0.01632649 

----------
0.58472462 0.38445446 0.59350334 0.39775837 -0.08391780 -0.00393619 0.05184036 
0.52974240 0.69227171 -0.14288004 -0.46893814 0.06358214 -0.06952305 0.05225635 
-0.29255745 0.24461160 0.28823587 0.87835749 0.03591686 0.06394722 0.07020522 

----------
iteration: 20804, probabilities: [0.000125 0.000057 0.998086 0.000238 0.001493], probability: 0.9980859756469727