0.13343494 0.28370430 0.30250096 0.98894758 0.04021085 0.01461443 0.15614550 
0.99873312 0.09945307 0.10105460 0.40545480 -0.00830701 -0.06149517 0.17225814 
-0.36795978 0.91729045 0.20633128 0.99049326 -0.00444626 -0.04557324 0.18612250 

----------
0.13343494 0.28370430 0.30250096 0.98894758 0.04021085 0.04021085 0.04021085 
0.99873312 0.09945307 0.10105460 0.40545480 -0.00830701 -0.00830701 -0.00830701 
-0.36795978 0.91729045 0.20633128 0.99049326 -0.00444626 -0.00444626 -0.00444626 

----------
0.34340410 0.13708648 0.13536678 0.91924254 0.06347005 0.03495822 0.06464263 
0.92693215 -0.00003499 0.00008873 0.37535968 -0.08236632 0.04652130 0.05201145 
-0.16604600 0.61164110 0.35455939 0.68749692 -0.01493917 -0.03630317 0.05189495 

----------
iteration: 21595, probabilities: [0.000042 0.000070 0.999853 0.000006 0.000028], probability: 0.9998527765274048