-0.40961903 -0.04780910 -0.28373404 0.98393366 -0.01410132 -0.02540650 0.14694086 
0.36966416 0.48062493 -0.33344200 0.60251731 -0.01968046 -0.01804117 0.15898777 
-0.35293444 0.30736869 0.28920600 0.88361056 -0.03889869 -0.01844755 0.13491372 

----------
-0.40961903 -0.04780910 -0.28373404 0.98393366 -0.01410132 -0.01410132 -0.01410132 
0.36966416 0.48062493 -0.33344200 0.60251731 -0.01968046 -0.01968046 -0.01968046 
-0.35293444 0.30736869 0.28920600 0.88361056 -0.03889869 -0.03889869 -0.03889869 

----------
-0.39409839 -0.00008788 -0.00003795 0.91912746 0.05363549 -0.00520746 0.05201145 
0.25757080 0.62239365 -0.33600563 0.65835240 -0.05552076 0.04868463 0.05157499 
-0.34870325 -0.00010947 -0.00026303 0.93734615 -0.09870445 -0.14097348 0.05202397 

----------
iteration: 21935, probabilities: [0.000033 0.000037 0.999871 0.000009 0.000050], probability: 0.999870777130127