0.16495961 0.71403654 0.33304669 0.78824748 0.00816077 -0.01215022 0.15037864 
0.82386758 0.99545245 -0.63623975 -0.32698656 -0.01836686 -0.01502665 0.15276142 
-0.14406031 0.66419316 0.44371546 0.82884655 0.02758468 -0.03501029 0.16083058 

----------
0.16495961 0.71403654 0.33304669 0.78824748 0.00816077 0.00816077 0.00816077 
0.82386758 0.99545245 -0.63623975 -0.32698656 -0.01836686 -0.01836686 -0.01836686 
-0.14406031 0.66419316 0.44371546 0.82884655 0.02758468 0.02758468 0.02758468 

----------
0.56821742 0.28274145 0.64784479 0.42145911 -0.05014835 0.15428751 0.05225636 
0.59618125 0.70605617 -0.03354861 -0.38090029 0.00817392 -0.08910482 0.05225633 
0.20637579 0.40099234 0.58174710 0.67693796 0.05376238 0.03965044 0.05161976 

----------
iteration: 21900, probabilities: [0.000115 0.000054 0.998520 0.000184 0.001127], probability: 0.9985199570655823