0.36834314 0.61133651 0.39610646 0.93930239 -0.03033954 -0.00965678 0.16159056 
0.99889636 0.32067861 -0.59487525 0.12456651 -0.01836985 0.00311488 0.14498709 
-0.36929350 0.58399359 0.60574098 0.99714273 -0.00376283 -0.09066266 0.17810069 

----------
0.36834314 0.61133651 0.39610646 0.93930239 -0.03033954 -0.03033954 -0.03033954 
0.99889636 0.32067861 -0.59487525 0.12456651 -0.01836985 -0.01836985 -0.01836985 
-0.36929350 0.58399359 0.60574098 0.99714273 -0.00376283 -0.00376283 -0.00376283 

----------
0.04242395 0.35247153 0.61279181 0.70607188 -0.06245115 -0.07191164 0.05204998 
0.54949472 0.16703886 -0.68720374 0.44495250 -0.09809443 0.06267644 0.05196277 
-0.04116251 0.24169954 0.66511813 0.70539872 0.03088088 0.01580816 0.05190245 

----------
iteration: 21487, probabilities: [0.000076 0.000042 0.999460 0.000066 0.000356], probability: 0.9994599223136902