-0.27909330 0.71635125 -0.16563145 0.61409625 0.04009615 0.01878713 0.15945143 
0.76821781 0.80611863 -0.06498272 0.00052040 -0.00362412 0.01236622 0.13044380 
0.53143300 0.51750745 0.67199946 0.42831848 0.03790051 0.02723419 0.16065771 

----------
-0.27909330 0.71635125 -0.16563145 0.61409625 0.04009615 0.04009615 0.04009615 
0.76821781 0.80611863 -0.06498272 0.00052040 -0.00362412 -0.00362412 -0.00362412 
0.53143300 0.51750745 0.67199946 0.42831848 0.03790051 0.03790051 0.03790051 

----------
-0.46031127 0.67433034 -0.20987338 0.53804591 0.04192781 0.09927776 0.05219822 
0.70654965 0.70757047 0.01060262 -0.00817751 -0.05900507 -0.01257844 0.05063082 
0.61688710 0.36230007 0.60690649 0.34631806 0.09016665 -0.01104352 0.05225784 

----------
iteration: 22338, probabilities: [0.000040 0.000074 0.999855 0.000006 0.000026], probability: 0.999854564666748