-0.02633640 0.36523597 0.02221489 0.50845033 0.04284041 -0.02857165 0.12871982 
0.95777097 0.34067565 -0.38759220 -0.22072348 0.00787294 -0.05245679 0.16966328 
-0.13042191 0.99506336 0.30543579 0.98161422 -0.01304437 0.01974721 0.12953603 

----------
-0.02633640 0.36523597 0.02221489 0.50845033 0.04284041 0.04284041 0.04284041 
0.95777097 0.34067565 -0.38759220 -0.22072348 0.00787294 0.00787294 0.00787294 
-0.13042191 0.99506336 0.30543579 0.98161422 -0.01304437 -0.01304437 -0.01304437 

----------
0.58099478 0.30269046 0.63888180 0.40369223 0.03099605 0.21281310 0.05225846 
0.50096526 0.68257227 -0.18374375 -0.49957641 0.07341716 -0.08696404 0.05225625 
0.60378509 0.34014772 0.61976905 0.36863270 -0.07773937 0.04359254 0.05226271 

----------
iteration: 22539, probabilities: [0.000047 0.000075 0.999836 0.000008 0.000033], probability: 0.999835729598999