0.03114916 -0.90359326 -0.36470802 -0.19350250 0.00777633 0.01123544 0.15847806 
-0.17752922 0.29288169 -0.27349150 0.60479770 0.00023670 -0.00591099 0.17899522 
0.74346654 -0.75561445 0.11974178 -0.92967201 0.02900055 0.00870246 0.13490207 

----------
0.03114916 -0.90359326 -0.36470802 -0.19350250 0.00777633 0.00777633 0.00777633 
-0.17752922 0.29288169 -0.27349150 0.60479770 0.00023670 0.00023670 0.00023670 
0.74346654 -0.75561445 0.11974178 -0.92967201 0.02900055 0.02900055 0.02900055 

----------
-0.00056639 -0.82984238 -0.55816698 0.00089027 0.09234073 -0.04687648 0.05195008 
-0.49764070 0.18337090 -0.68301277 0.50239741 -0.06924811 -0.07682332 0.05187241 
0.48912185 -0.65867971 0.25495337 -0.51187336 0.06228125 0.09475808 0.05193407 

----------
iteration: 24835, probabilities: [0.000055 0.000097 0.997815 0.000152 0.001882], probability: 0.9978147745132446