0.25477218 0.71499901 -0.00184026 -0.28505465 -0.03306309 0.04653503 0.12654340 
0.11662409 -0.79617198 0.93880212 -0.32036901 0.06660581 -0.00906193 0.17553935 
0.68931648 -0.39889841 -0.43231732 -0.66473633 -0.05941741 0.03585496 0.16383655 

----------
0.25477218 0.71499901 -0.00184026 -0.28505465 -0.03306309 -0.03306309 -0.03306309 
0.11662409 -0.79617198 0.93880212 -0.32036901 0.06660581 0.06660581 0.06660581 
0.68931648 -0.39889841 -0.43231732 -0.66473633 -0.05941741 -0.05941741 -0.05941741 

----------
0.59344178 0.70579626 -0.03859531 -0.38515014 -0.05012630 0.06766248 0.05225626 
0.00555634 -0.58261041 0.81290821 0.00206613 0.11228104 0.05642577 0.05236379 
-0.13270817 0.23065051 -0.66822039 -0.69496907 -0.16199279 -0.11186303 0.05225625 

----------
iteration: 25478, probabilities: [0.000031 0.000071 0.999543 0.000014 0.000340], probability: 0.9995433688163757