0.50163557 0.86984834 0.22608878 -0.49771328 -0.03738715 -0.01552053 0.15696071 
0.69230768 -0.12899654 -0.85692840 -0.37390695 0.00709410 0.01786061 0.14878695 
0.25174548 -0.53433986 -0.45556864 0.44882422 0.02858075 -0.02745683 0.18534120 

----------
0.50163557 0.86984834 0.22608878 -0.49771328 -0.03738715 -0.03738715 -0.03738715 
0.69230768 -0.12899654 -0.85692840 -0.37390695 0.00709410 0.00709410 0.00709410 
0.25174548 -0.53433986 -0.45556864 0.44882422 0.02858075 0.02858075 0.02858075 

----------
0.62248733 0.70667276 0.01822471 -0.33631977 -0.08150041 -0.04257092 0.05225740 
0.63496298 -0.14382206 -0.69242857 -0.31099860 0.08620211 -0.00860470 0.05162830 
0.29015149 -0.57156647 -0.41640550 0.64483481 -0.01062647 0.09169808 0.05187241 

----------
iteration: 25636, probabilities: [0.000068 0.000095 0.996241 0.000231 0.003366], probability: 0.9962408542633057