0.14061889 0.26347535 0.66802156 -0.13572216 -0.03854473 -0.00267024 0.14394135 
0.29227226 0.85668553 -0.10537559 -0.06335204 0.02926338 -0.00148507 0.17494325 
0.12243206 -0.74444961 -0.28721171 -0.30421312 -0.01231792 0.01774145 0.15822067 

----------
0.14061889 0.26347535 0.66802156 -0.13572216 -0.03854473 -0.03854473 -0.03854473 
0.29227226 0.85668553 -0.10537559 -0.06335204 0.02926338 0.02926338 0.02926338 
0.12243206 -0.74444961 -0.28721171 -0.30421312 -0.01231792 -0.01231792 -0.01231792 

----------
0.00092164 0.42827748 0.90372813 -0.00050846 -0.03066019 -0.12197456 0.05195181 
-0.00001344 0.99525315 0.09920906 -0.00124572 0.05548041 -0.04088561 0.05196290 
-0.68365909 -0.68307825 -0.18206263 0.18228780 -0.02585277 0.19863445 0.05225626 

----------
iteration: 26211, probabilities: [0.000025 0.000089 0.999697 0.000007 0.000181], probability: 0.9996973276138306