0.35449922 0.12160014 0.59228637 -0.45571168 0.01431891 -0.03895947 0.15702314 
0.65278321 -0.18918870 -0.22784057 0.95129537 -0.00859008 0.02827282 0.16801513 
0.23894014 -0.83147752 0.15556656 -0.84797414 0.00519427 0.00110569 0.13509678 

----------
0.35449922 0.12160014 0.59228637 -0.45571168 0.01431891 0.01431891 0.01431891 
0.65278321 -0.18918870 -0.22784057 0.95129537 -0.00859008 -0.00859008 -0.00859008 
0.23894014 -0.83147752 0.15556656 -0.84797414 0.00519427 0.00519427 0.00519427 

----------
0.33759798 0.01457991 0.70701384 -0.62131065 0.10147180 -0.01427086 0.05187242 
0.54490928 0.00015290 0.00019931 0.83856736 -0.03519493 -0.03497978 0.05201296 
0.27546682 -0.66553956 0.23837099 -0.65143632 0.00253424 0.07134060 0.05197046 

----------
iteration: 26035, probabilities: [0.000135 0.000138 0.979850 0.001521 0.018356], probability: 0.9798499345779419