0.05736606 -0.24383640 0.24192743 -0.43729454 -0.06099311 -0.02847772 0.13648242 
-0.89208599 -0.21905632 0.11757029 -0.84484488 0.04471428 -0.00541875 0.14382988 
0.94233947 -0.04897762 0.51482223 0.29156486 -0.04353298 0.02104650 0.15999407 

----------
0.05736606 -0.24383640 0.24192743 -0.43729454 -0.06099311 -0.06099311 -0.06099311 
-0.89208599 -0.21905632 0.11757029 -0.84484488 0.04471428 0.04471428 0.04471428 
0.94233947 -0.04897762 0.51482223 0.29156486 -0.04353298 -0.04353298 -0.04353298 

----------
0.39910954 -0.09421357 0.70092407 -0.58374877 -0.13848750 -0.06473528 0.05186076 
-0.75456530 0.00006280 -0.00007228 -0.65644298 0.04096063 0.08111917 0.05201145 
0.85974164 0.10510504 -0.03801427 0.49868066 -0.06755257 -0.14561154 0.05955471 

----------
iteration: 27736, probabilities: [0.000008 0.000018 0.999840 0.000037 0.000096], probability: 0.9998403787612915