0.99411860 -0.07525974 -0.08695019 -0.39983584 -0.01725020 -0.00786954 0.14042141 
-0.36434262 0.39699440 0.45875673 -0.31991213 0.01228202 0.03558308 0.13628595 
0.57693916 0.19321106 0.67877622 -0.83203776 0.02197301 0.02602749 0.16325902 

----------
0.99411860 -0.07525974 -0.08695019 -0.39983584 -0.01725020 -0.01725020 -0.01725020 
-0.36434262 0.39699440 0.45875673 -0.31991213 0.01228202 0.01228202 0.01228202 
0.57693916 0.19321106 0.67877622 -0.83203776 0.02197301 0.02197301 0.02197301 

----------
0.92982852 0.00003655 0.00008786 -0.36814524 -0.02509393 -0.07560325 0.05201145 
-0.36015633 0.61437701 0.35020800 -0.60852671 -0.03155226 0.09526295 0.05187155 
0.35082754 -0.01750583 0.70698302 -0.61397378 0.12593106 0.01496088 0.05169448 

----------
iteration: 30970, probabilities: [0.000011 0.000016 0.999652 0.000067 0.000253], probability: 0.9996517896652222