0.52290407 -0.73832430 -0.38580783 -0.01510117 -0.01938459 0.04620446 0.13766028 
-0.62421174 0.39231905 0.49412023 -0.37415715 0.00394962 -0.00368609 0.17219596 
0.74089603 0.10453491 0.02762437 -0.73322418 0.03525392 -0.01671411 0.15734292 

----------
0.52290407 -0.73832430 -0.38580783 -0.01510117 -0.01938459 -0.01938459 -0.01938459 
-0.62421174 0.39231905 0.49412023 -0.37415715 0.00394962 0.00394962 0.00394962 
0.74089603 0.10453491 0.02762437 -0.73322418 0.03525392 0.03525392 0.03525392 

----------
0.33735649 -0.59190579 -0.38714750 0.62155812 -0.08865162 -0.00447146 0.05169457 
-0.60648457 0.43583719 0.55588824 -0.36502596 0.05057668 -0.05949964 0.05213405 
0.67745844 0.00008085 0.00006317 -0.73558202 0.03940111 0.12228069 0.05201101 

----------
iteration: 30327, probabilities: [0.000015 0.000015 0.998714 0.000234 0.001021], probability: 0.9987140893936157