0.46824516 -0.63423409 -0.17061760 0.34470806 -0.00168255 0.04179035 0.15533857 
-0.94444226 0.50595608 -0.39976912 -0.59892158 -0.03431284 0.02282551 0.14560503 
0.73059635 0.17957677 0.27894591 0.19143313 -0.02008648 0.03117029 0.13805633 

----------
0.46824516 -0.63423409 -0.17061760 0.34470806 -0.00168255 -0.00168255 -0.00168255 
-0.94444226 0.50595608 -0.39976912 -0.59892158 -0.03431284 -0.03431284 -0.03431284 
0.73059635 0.17957677 0.27894591 0.19143313 -0.02008648 -0.02008648 -0.02008648 

----------
0.53821927 -0.69478395 -0.13170090 0.45859343 0.07474920 -0.02351697 0.05187241 
-0.99417189 -0.00019949 -0.00196044 -0.11055646 -0.09927156 -0.15505615 0.05212571 
0.97980088 -0.00001942 0.00009371 0.20054228 -0.10267368 0.07561583 0.05201145 

----------
iteration: 30048, probabilities: [0.000012 0.000012 0.999292 0.000187 0.000497], probability: 0.9992916584014893