0.56854609 -0.33776358 -0.39409524 -0.38196477 -0.01127102 0.00350401 0.15987728 
-0.94009225 0.69633150 0.19085276 -0.40623617 -0.03252708 0.09157434 0.16887217 
0.67490611 0.02809567 0.73478632 -0.25124388 0.02804588 0.01301868 0.14546649 

----------
0.56854609 -0.33776358 -0.39409524 -0.38196477 -0.01127102 -0.01127102 -0.01127102 
-0.94009225 0.69633150 0.19085276 -0.40623617 -0.03252708 -0.03252708 -0.03252708 
0.67490611 0.02809567 0.73478632 -0.25124388 0.02804588 0.02804588 0.02804588 

----------
0.57683228 -0.45227617 -0.54363773 -0.40891516 0.04806526 -0.04334204 0.05139225 
-0.58258740 0.70465763 0.05945323 -0.40073313 -0.09386789 -0.01096937 0.05187241 
0.55780755 -0.26851332 0.65410015 -0.43510774 0.04532749 0.13457926 0.05189342 

----------
iteration: 30860, probabilities: [0.000023 0.000017 0.994227 0.001034 0.004699], probability: 0.9942271709442139