0.75599127 -0.14546685 0.26127795 -0.25866658 -0.04669881 0.00669347 0.17190185 
-0.96037134 0.27215395 0.10321732 -0.33928017 0.04603516 -0.00215491 0.17596707 
0.66153136 -0.03139566 0.62688593 -0.18183014 0.00765484 -0.00810156 0.16178564 

----------
0.75599127 -0.14546685 0.26127795 -0.25866658 -0.04669881 -0.04669881 -0.04669881 
-0.96037134 0.27215395 0.10321732 -0.33928017 0.04603516 0.04603516 0.04603516 
0.66153136 -0.03139566 0.62688593 -0.18183014 0.00765484 0.00765484 0.00765484 

----------
0.96741878 0.00002434 0.00009260 -0.25361339 -0.14696595 -0.05607381 0.05201145 
-0.99499791 0.00000968 -0.00009530 -0.10147216 0.09535980 0.09039374 0.05201145 
0.78408085 0.00674271 -0.00628893 -0.62105290 -0.00341753 0.04455347 0.05272535 

----------
iteration: 31333, probabilities: [0.000008 0.000017 0.999860 0.000026 0.000089], probability: 0.9998596906661987