0.91932671 0.27995079 -0.44273524 0.97437028 0.01909837 -0.03840049 0.14882083 
-0.51043046 -0.98921865 0.61862596 -0.29932865 0.00155225 0.04278166 0.15335740 
0.58346519 0.08610292 0.15184182 -0.61971433 0.01949568 0.01667410 0.17186663 

----------
0.91932671 0.27995079 -0.44273524 0.97437028 0.01909837 0.01909837 0.01909837 
-0.51043046 -0.98921865 0.61862596 -0.29932865 0.00155225 0.00155225 0.00155225 
0.58346519 0.08610292 0.15184182 -0.61971433 0.01949568 0.01949568 0.01949568 

----------
0.59879378 -0.00007447 0.00005920 0.80099818 0.04217841 -0.03527275 0.05201146 
-0.63011607 -0.66198478 0.24087132 -0.32698038 -0.04586773 0.06735165 0.05259992 
0.69491962 0.00005206 0.00010985 -0.71913249 0.05511035 0.11771481 0.05201139 

----------
iteration: 31990, probabilities: [0.000013 0.000017 0.999273 0.000131 0.000566], probability: 0.9992725253105164