0.99197998 0.53409417 -0.53544631 0.35159668 0.00872403 -0.01416749 0.16434456 
-0.63959338 -0.99078524 -0.36061937 -0.62527197 -0.03201492 0.01866585 0.15861316 
-0.14613585 0.40054324 0.74553092 -0.96869723 0.00582471 -0.04680644 0.14896660 

----------
0.99197998 0.53409417 -0.53544631 0.35159668 0.00872403 0.00872403 0.00872403 
-0.63959338 -0.99078524 -0.36061937 -0.62527197 -0.03201492 -0.03201492 -0.03201492 
-0.14613585 0.40054324 0.74553092 -0.96869723 0.00582471 0.00582471 0.00582471 

----------
0.47569863 0.67271005 -0.21726298 -0.52371772 0.10952871 -0.05365962 0.05225587 
-0.63170882 -0.61288436 -0.35893024 -0.31073198 -0.03273330 -0.07675127 0.05143925 
-0.03215268 0.37793373 0.59771782 -0.70632715 -0.06543854 0.06014413 0.05186988 

----------
iteration: 32804, probabilities: [0.000012 0.000014 0.999470 0.000117 0.000387], probability: 0.9994696974754333