0.97042311 0.03823215 -0.92163212 0.31151048 -0.02337819 -0.00480364 0.18256893 
-0.19110529 -0.89602843 -0.04123454 -0.30683168 0.02782303 0.03293411 0.15062443 
-0.43624936 0.01069022 0.37880843 -0.50039462 0.02464185 0.01299075 0.16305920 

----------
0.97042311 0.03823215 -0.92163212 0.31151048 -0.02337819 -0.02337819 -0.02337819 
-0.19110529 -0.89602843 -0.04123454 -0.30683168 0.02782303 0.02782303 0.02782303 
-0.43624936 0.01069022 0.37880843 -0.50039462 0.02464185 0.02464185 0.02464185 

----------
0.24686600 -0.54227212 -0.45399152 0.66268067 -0.09216648 0.04118952 0.05186451 
-0.37544383 -0.61108704 0.35541170 0.59967232 0.11100723 0.10958899 0.05219778 
-0.68806785 0.52583144 0.47234775 -0.16465377 0.06575450 -0.01020986 0.05174723 

----------
iteration: 32563, probabilities: [0.000014 0.000017 0.999052 0.000174 0.000744], probability: 0.9990519881248474