0.05906635 0.04948015 -0.36901153 0.43525104 -0.00392973 0.03118096 0.15061149 
-0.34875736 -0.68383529 -0.09683195 0.09819067 0.04432443 0.00709031 0.14965830 
0.30157472 -0.09941979 0.22670583 -0.89409205 -0.04418013 0.05932426 0.13028045 

----------
0.05906635 0.04948015 -0.36901153 0.43525104 -0.00392973 -0.00392973 -0.00392973 
-0.34875736 -0.68383529 -0.09683195 0.09819067 0.04432443 0.04432443 0.04432443 
0.30157472 -0.09941979 0.22670583 -0.89409205 -0.04418013 -0.04418013 -0.04418013 

----------
-0.22492708 -0.12283332 -0.69635443 0.67046130 -0.07819184 0.03845645 0.05172938 
-0.66957773 -0.69380809 -0.13511230 0.22839734 0.09376843 0.08043096 0.05225661 
0.33063163 0.00242865 0.00786068 -0.94379506 -0.06423662 -0.06406705 0.05264178 

----------
iteration: 33010, probabilities: [0.000012 0.000014 0.999653 0.000071 0.000250], probability: 0.9996533393859863