0.69822201 0.55412829 -0.30454551 -0.09813460 0.05870940 -0.01956412 0.16071105 
0.01193001 -0.47666278 -0.19860380 -0.18832851 0.04233280 -0.02984957 0.16176834 
-0.10378697 0.00122366 -0.09322102 -0.73190316 -0.00316091 -0.02833832 0.15973782 

----------
0.69822201 0.55412829 -0.30454551 -0.09813460 0.05870940 0.05870940 0.05870940 
0.01193001 -0.47666278 -0.19860380 -0.18832851 0.04233280 0.04233280 0.04233280 
-0.10378697 0.00122366 -0.09322102 -0.73190316 -0.00316091 -0.00316091 -0.00316091 

----------
0.65922294 0.69892304 0.10541073 -0.25672024 0.09324870 0.09244561 0.05225625 
-0.00081770 -0.85315228 -0.52203516 0.00096368 0.16034009 -0.03337691 0.05196284 
-0.14139390 0.00009477 -0.00001360 -0.99000298 -0.04244957 -0.00870929 0.05201145 

----------
iteration: 33117, probabilities: [0.000011 0.000021 0.999722 0.000061 0.000185], probability: 0.9997215867042542