0.99668448 0.19542173 -0.42734979 0.71508868 0.06188515 0.03369376 0.17458164 
-0.13975914 -0.72507207 -0.21556900 0.05837005 -0.02403990 0.03556110 0.14938581 
0.37522635 0.13957191 0.32251740 -0.63889071 -0.01368774 -0.00427432 0.14027790 

----------
0.99668448 0.19542173 -0.42734979 0.71508868 0.06188515 0.06188515 0.06188515 
-0.13975914 -0.72507207 -0.21556900 0.05837005 -0.02403990 -0.02403990 -0.02403990 
0.37522635 0.13957191 0.32251740 -0.63889071 -0.01368774 -0.01368774 -0.01368774 

----------
0.81932089 -0.00005482 0.00007848 0.57350344 0.09983779 0.10889161 0.05201145 
0.00014749 -0.94320825 -0.33248507 0.00175041 0.00706863 -0.11086761 0.05202340 
0.39641705 0.00008793 0.00003796 -0.91818505 -0.05850742 0.10552071 0.05201145 

----------
iteration: 33015, probabilities: [0.000016 0.000017 0.998153 0.000328 0.001486], probability: 0.9981532692909241