0.99545429 0.56306031 0.09296718 0.94384271 0.03976434 -0.00083923 0.18009033 
-0.49034611 -0.97113777 0.30020332 -0.25742187 0.05893142 0.02072811 0.13697394 
0.19634839 0.30263833 0.08532517 -0.70938008 -0.03646780 0.04525372 0.13929901 

----------
0.99545429 0.56306031 0.09296718 0.94384271 0.03976434 0.03976434 0.03976434 
-0.49034611 -0.97113777 0.30020332 -0.25742187 0.05893142 0.05893142 0.05893142 
0.19634839 0.30263833 0.08532517 -0.70938008 -0.03646780 -0.03646780 -0.03646780 

----------
0.73883325 0.00111547 -0.00227569 0.67419525 -0.04059044 0.08651024 0.05220001 
-0.70526494 -0.63921288 -0.30185523 0.05644613 0.19530018 0.13579941 0.05225625 
0.27263800 0.00009214 0.00002603 -0.96223613 -0.00996711 -0.04863584 0.05201145 

----------
iteration: 33020, probabilities: [0.000012 0.000019 0.999695 0.000058 0.000217], probability: 0.9996947050094604