0.38887577 0.98945705 -0.17929506 0.12287923 -0.00197428 -0.00432469 0.13535042 
-0.54669100 -0.51276207 -0.00068155 -0.08555901 -0.06110369 0.03489499 0.13816486 
0.00191900 0.27357209 0.06595577 -0.99353446 -0.04793720 0.02059413 0.17039536 

----------
0.38887577 0.98945705 -0.17929506 0.12287923 -0.00197428 -0.00197428 -0.00197428 
-0.54669100 -0.51276207 -0.00068155 -0.08555901 -0.06110369 -0.06110369 -0.06110369 
0.00191900 0.27357209 0.06595577 -0.99353446 -0.04793720 -0.04793720 -0.04793720 

----------
0.63511124 0.70385278 -0.06699240 -0.31148881 0.10092724 0.05801959 0.05169930 
-0.69562006 -0.66683366 -0.23437298 0.12878592 -0.02308606 -0.12178769 0.05225626 
0.03224545 0.00009595 0.00000356 -0.99954458 -0.06520856 0.00500342 0.05201145 

----------
iteration: 33473, probabilities: [0.000015 0.000015 0.996871 0.000742 0.002357], probability: 0.9968710541725159