0.32276188 0.46570927 -0.95599844 0.53194742 0.01633653 -0.01402900 0.16779125 
-0.99112639 -0.82420444 -0.36554342 -0.53189855 0.02257955 0.05546691 0.12831000 
0.71503946 -0.06424151 0.04431901 -0.40451038 0.01304719 -0.00410623 0.15906769 

----------
0.32276188 0.46570927 -0.95599844 0.53194742 0.01633653 0.01633653 0.01633653 
-0.99112639 -0.82420444 -0.36554342 -0.53189855 0.02257955 0.02257955 0.02257955 
0.71503946 -0.06424151 0.04431901 -0.40451038 0.01304719 0.01304719 0.01304719 

----------
0.13471750 0.31099259 -0.63129297 0.69770852 0.10341438 0.08779426 0.05250395 
-0.67908727 -0.49006470 -0.50946474 -0.19802976 -0.02209267 0.08013007 0.05225883 
0.87690071 0.00004608 0.00008392 -0.48072673 -0.00139074 -0.06966352 0.05201145 

----------
iteration: 33731, probabilities: [0.000010 0.000021 0.999791 0.000042 0.000137], probability: 0.999790608882904