-0.35145721 0.54919060 0.25675803 0.68757771 -0.01332956 0.03747461 0.16946451 
-0.72359140 -0.81747269 -0.37898952 0.01220904 -0.03509894 0.01486049 0.16208903 
-0.01125385 0.41042825 0.24405408 -0.91782573 -0.00171292 0.00327633 0.16410669 

----------
-0.35145721 0.54919060 0.25675803 0.68757771 -0.01332956 -0.01332956 -0.01332956 
-0.72359140 -0.81747269 -0.37898952 0.01220904 -0.03509894 -0.03509894 -0.03509894 
-0.01125385 0.41042825 0.24405408 -0.91782573 -0.00171292 -0.00171292 -0.00171292 

----------
-0.41994866 0.68417123 0.17857326 0.56895207 -0.04130573 0.05122122 0.05194499 
-0.70645514 -0.63057372 -0.31932993 0.03697015 -0.05468684 -0.08669823 0.05225599 
-0.21042167 -0.00064835 0.00189524 -0.97773765 0.13363843 0.01712814 0.05211989 

----------
iteration: 34704, probabilities: [0.000012 0.000015 0.999475 0.000108 0.000390], probability: 0.9994751811027527