0.22594220 0.87005529 -0.98889352 0.80215098 -0.01892880 -0.01999496 0.12910261 
-0.30932013 -0.27023823 -0.13407459 -0.22108767 0.03044421 -0.01505200 0.16775645 
0.64304225 0.56273503 0.26837383 -0.84278193 -0.00303658 0.03949912 0.13256990 

----------
0.22594220 0.87005529 -0.98889352 0.80215098 -0.01892880 -0.01892880 -0.01892880 
-0.30932013 -0.27023823 -0.13407459 -0.22108767 0.03044421 0.03044421 0.03044421 
0.64304225 0.56273503 0.26837383 -0.84278193 -0.00303658 -0.00303658 -0.00303658 

----------
-0.36699872 0.03702419 -0.70625132 0.60453701 -0.16928984 -0.02641037 0.05170333 
-0.68380601 -0.50234954 -0.49723831 -0.18134654 0.08568426 0.10366987 0.05225626 
0.53885712 0.69493513 -0.12926482 -0.45841061 -0.02638777 -0.03566497 0.05225419 

----------
iteration: 35565, probabilities: [0.000017 0.000013 0.997666 0.000534 0.001770], probability: 0.9976664781570435