0.13937318 0.27973338 -0.30185222 0.23437369 0.05778169 -0.00623211 0.16721864 
-0.22883255 -0.99041393 0.06680758 -0.00948528 -0.01274751 0.03303197 0.15807048 
-0.32219507 0.10236245 -0.33518055 -0.81152208 0.03081583 0.06904663 0.17046710 

----------
0.13937318 0.27973338 -0.30185222 0.23437369 0.05778169 0.05778169 0.05778169 
-0.22883255 -0.99041393 0.06680758 -0.00948528 -0.01274751 -0.01274751 -0.01274751 
-0.32219507 0.10236245 -0.33518055 -0.81152208 0.03081583 0.03081583 0.03081583 

----------
0.14119086 0.40729562 -0.57724273 0.69362512 0.06834837 0.06491448 0.05201542 
-0.00016935 -0.99957843 0.03126936 0.00010027 -0.01018679 -0.08563274 0.05196852 
-0.52735246 0.00008051 -0.00005687 -0.84974105 -0.03210653 0.03076958 0.05201082 

----------
iteration: 35608, probabilities: [0.000018 0.000017 0.997137 0.000548 0.002280], probability: 0.9971373081207275