0.77519252 0.99996244 -0.05534247 0.65334021 0.02737751 -0.00517526 0.15310660 
-0.67886654 -0.99983198 0.24466218 -0.29929372 0.05937687 -0.01447284 0.14623672 
0.21267543 0.04695612 -0.20654489 -0.76168846 0.00654281 0.01339739 0.14372290 

----------
0.77519252 0.99996244 -0.05534247 0.65334021 0.02737751 0.02737751 0.02737751 
-0.67886654 -0.99983198 0.24466218 -0.29929372 0.05937687 0.05937687 0.05937687 
0.21267543 0.04695612 -0.20654489 -0.76168846 0.00654281 0.00654281 0.00654281 

----------
0.70275453 0.57062056 0.41725186 0.08095541 0.01581077 0.11228083 0.05225739 
-0.70446449 -0.64295311 -0.29377820 0.06526506 0.16563725 0.11513911 0.05225429 
0.27427017 0.00009150 0.00002272 -0.96172437 0.04326747 -0.07909783 0.05201145 

----------
iteration: 35648, probabilities: [0.000015 0.000020 0.999230 0.000155 0.000581], probability: 0.9992297887802124