0.40314352 0.77437373 -0.68146673 -0.03921972 -0.00129367 -0.05333403 0.15228014 
-0.71409428 -0.82099777 -0.10415079 -0.46930684 0.06183943 0.07543146 0.17283088 
0.63696115 0.60515454 0.38577539 -0.15964829 -0.00187691 -0.00377419 0.14194181 

----------
0.40314352 0.77437373 -0.68146673 -0.03921972 -0.00129367 -0.00129367 -0.00129367 
-0.71409428 -0.82099777 -0.10415079 -0.46930684 0.06183943 0.06183943 0.06183943 
0.63696115 0.60515454 0.38577539 -0.15964829 -0.00187691 -0.00187691 -0.00187691 

----------
0.48151132 0.10932434 -0.69889017 -0.51762591 0.01905253 0.04799168 0.05210885 
-0.70386917 -0.57454343 -0.41174933 -0.07115612 0.13682159 0.08074886 0.05225881 
0.70702632 0.65596043 0.26414377 -0.01374035 -0.02212298 -0.07542009 0.05185139 

----------
iteration: 36928, probabilities: [0.000015 0.000016 0.998617 0.000268 0.001084], probability: 0.9986171722412109