0.29266455 0.71840030 -0.28214899 0.71425826 -0.00716646 0.02191811 0.15292272 
-0.31323190 -0.54740641 -0.13633545 -0.33478953 0.00582874 0.02505037 0.15750919 
0.09098020 -0.47557339 -0.48159340 -0.76944804 -0.04852759 0.05847950 0.18418311 

----------
0.29266455 0.71840030 -0.28214899 0.71425826 -0.00716646 -0.00716646 -0.00716646 
-0.31323190 -0.54740641 -0.13633545 -0.33478953 0.00582874 0.00582874 0.00582874 
0.09098020 -0.47557339 -0.48159340 -0.76944804 -0.04852759 -0.04852759 -0.04852759 

----------
0.25243648 0.66385482 -0.24144535 0.66128170 -0.08733627 0.00262209 0.05170505 
-0.67531506 -0.48028804 -0.51863526 -0.21091216 0.06536655 0.10962924 0.05225623 
0.05920913 -0.43976082 -0.55101213 -0.70677212 -0.01244620 -0.09179939 0.05245740 

----------
iteration: 36234, probabilities: [0.000012 0.000014 0.999533 0.000088 0.000352], probability: 0.99953293800354