0.51593750 0.92728757 -0.51628300 0.22184205 -0.02768447 0.06854757 0.14234974 
-0.98001237 -0.76321069 -0.37109774 -0.79904396 -0.01615436 -0.01435387 0.17930859 
-0.01613084 0.31854930 -0.48554821 -0.99983428 0.01028443 -0.00211138 0.13912232 

----------
0.51593750 0.92728757 -0.51628300 0.22184205 -0.02768447 -0.02768447 -0.02768447 
-0.98001237 -0.76321069 -0.37109774 -0.79904396 -0.01615436 -0.01615436 -0.01615436 
-0.01613084 0.31854930 -0.48554821 -0.99983428 0.01028443 0.01028443 0.01028443 

----------
0.67425384 0.69086506 0.14961932 -0.21433008 0.03737099 -0.08431250 0.05225627 
-0.56220390 -0.53576672 -0.39465716 -0.49109188 -0.05055189 0.03827319 0.05548258 
0.00452726 0.35586336 -0.61070585 -0.70742907 0.07768942 0.08359155 0.05225624 

----------
iteration: 36453, probabilities: [0.000016 0.000016 0.998170 0.000350 0.001447], probability: 0.9981704950332642