0.45309142 0.46927221 -0.93145390 -0.06262878 -0.03763485 -0.01519346 0.13582061 
-0.47291334 -0.93868977 0.11710775 -0.20472025 0.03151617 0.00697112 0.14880467 
0.15260559 -0.57172334 0.01280703 -0.76203082 0.07164266 -0.05868241 0.13893663 

----------
0.45309142 0.46927221 -0.93145390 -0.06262878 -0.03763485 -0.03763485 -0.03763485 
-0.47291334 -0.93868977 0.11710775 -0.20472025 0.03151617 0.03151617 0.03151617 
0.15260559 -0.57172334 0.01280703 -0.76203082 0.07164266 0.07164266 0.07164266 

----------
0.50080310 0.68259237 -0.18388462 -0.49981180 0.02189893 -0.10480705 0.05225318 
-0.68837635 -0.67770982 -0.20088342 0.16327568 0.12063260 0.02899423 0.05225627 
-0.59897403 -0.33165837 -0.62426637 -0.37661484 0.06654070 0.24700487 0.05225939 

----------
iteration: 37556, probabilities: [0.000014 0.000018 0.999088 0.000186 0.000693], probability: 0.9990882873535156