0.90403664 0.52978886 -0.39308196 0.43270163 -0.02118137 0.06269725 0.13475396 
0.02433958 -0.09557634 -0.20722344 0.72228892 -0.02452497 -0.07243166 0.14915913 
0.57658340 -0.09651058 0.17486252 -0.96724903 -0.01570061 0.02212706 0.15238045 

----------
0.90403664 0.52978886 -0.39308196 0.43270163 -0.02118137 -0.02118137 -0.02118137 
0.02433958 -0.09557634 -0.20722344 0.72228892 -0.02452497 -0.02452497 -0.02452497 
0.57658340 -0.09651058 0.17486252 -0.96724903 -0.01570061 -0.01570061 -0.01570061 

----------
0.60458105 0.55434846 -0.43864638 0.36718080 -0.05813416 0.04600147 0.05217544 
0.05783804 -0.00009557 0.00000561 0.99837455 -0.06271626 -0.06034341 0.05201145 
0.61110836 0.00008103 0.00005709 -0.79158226 0.03598968 -0.01849114 0.05201099 

----------
iteration: 38271, probabilities: [0.000009 0.000016 0.999835 0.000034 0.000106], probability: 0.9998353719711304