0.51003971 0.36313232 -0.61475033 0.46309941 -0.02628899 -0.02028650 0.17192964 
-0.36324569 -0.99992258 -0.37870787 -0.05253223 -0.01383207 -0.02186122 0.17359630 
-0.19496669 0.25819232 0.88895035 -0.92722881 -0.00109558 0.00087077 0.15410203 

----------
0.51003971 0.36313232 -0.61475033 0.46309941 -0.02628899 -0.02628899 -0.02628899 
-0.36324569 -0.99992258 -0.37870787 -0.05253223 -0.01383207 -0.01383207 -0.01383207 
-0.19496669 0.25819232 0.88895035 -0.92722881 -0.00109558 -0.00109558 -0.00109558 

----------
0.57160989 0.42172490 -0.56664599 0.41756869 0.02453180 0.06531735 0.05166792 
-0.00056588 -0.80049869 -0.59962977 0.00085374 0.06951220 -0.12277241 0.05195138 
0.01179567 0.34006159 0.62001494 -0.70699316 -0.10797066 -0.01860466 0.05187241 

----------
iteration: 38500, probabilities: [0.000015 0.000013 0.998027 0.000451 0.001493], probability: 0.9980270266532898