0.39688719 0.65779582 -0.20994284 0.44370322 -0.00749932 0.01506722 0.16095711 
-0.77513541 -0.81246639 -0.42049328 -0.22359599 -0.02476838 -0.06880453 0.14099053 
0.13486093 0.57565669 0.58729186 -0.86029972 -0.00612546 -0.00627663 0.16072674 

----------
0.39688719 0.65779582 -0.20994284 0.44370322 -0.00749932 -0.00749932 -0.00749932 
-0.77513541 -0.81246639 -0.42049328 -0.22359599 -0.02476838 -0.02476838 -0.02476838 
0.13486093 0.57565669 0.58729186 -0.86029972 -0.00612546 -0.00612546 -0.00612546 

----------
0.24151457 0.70115768 0.08411881 0.66565199 0.01647403 -0.06817072 0.05224161 
-0.70203259 -0.56493912 -0.42477203 -0.08725784 -0.09041925 0.02414749 0.05225626 
0.00471991 0.33519522 0.62271701 -0.70715704 0.08483053 0.01666469 0.05174204 

----------
iteration: 38357, probabilities: [0.000014 0.000014 0.999039 0.000196 0.000737], probability: 0.999038577079773