-0.00833068 -0.53029252 -0.73175228 -0.19427435 0.04097343 0.02667444 0.13707988 
0.36857049 -0.99696106 -0.61233372 -0.52668806 -0.00271951 -0.04917282 0.16364391 
-0.44498306 -0.99526521 0.23069960 0.01866631 0.04681325 0.01503467 0.18219336 

----------
-0.00833068 -0.53029252 -0.73175228 -0.19427435 0.04097343 0.04097343 0.04097343 
0.36857049 -0.99696106 -0.61233372 -0.52668806 -0.00271951 -0.00271951 -0.00271951 
-0.44498306 -0.99526521 0.23069960 0.01866631 0.04681325 0.04681325 0.04681325 

----------
-0.00096919 -0.49776614 -0.86742524 0.00064800 0.11073146 -0.00190461 0.05195464 
0.70667214 -0.62791813 0.32546634 0.02756286 0.04389303 -0.08958667 0.05186413 
-0.55764897 -0.69976466 0.09992726 0.43538482 0.10957030 0.15099260 0.05225626 

----------
iteration: 39900, probabilities: [0.000010 0.000026 0.999752 0.000056 0.000155], probability: 0.9997518658638