0.23221871 -0.97678408 -0.26299194 -0.51899584 0.04573501 -0.04822321 0.15819956 
0.36949503 -0.98606381 0.48494158 -0.11689735 -0.01209503 -0.02642034 0.17123280 
-0.50763708 -0.07821863 -0.07938333 -0.74990487 0.01316258 0.02092491 0.14593659 

----------
0.23221871 -0.97678408 -0.26299194 -0.51899584 0.04573501 0.04573501 0.04573501 
0.36949503 -0.98606381 0.48494158 -0.11689735 -0.01209503 -0.01209503 -0.01209503 
-0.50763708 -0.07821863 -0.07938333 -0.74990487 0.01316258 0.01316258 0.01316258 

----------
0.25109899 -0.68265990 -0.18535649 -0.66083120 -0.05476930 0.06286688 0.05144467 
0.70189144 -0.65237591 0.27303658 0.08599201 -0.03297405 -0.12639841 0.05187150 
-0.56727830 0.00007881 -0.00005436 -0.82356857 0.08270926 0.01776755 0.05201145 

----------
iteration: 39848, probabilities: [0.000013 0.000013 0.999103 0.000205 0.000665], probability: 0.9991031885147095