0.61201331 -0.24875070 -0.61297238 -0.83967306 0.02688202 0.02022187 0.13698424 
-0.17178091 -0.43784360 -0.05933156 0.05368123 0.02351248 0.02746972 0.16546343 
-0.21222959 -0.35627678 0.09307106 -0.77469332 0.02158401 0.02009968 0.14718928 

----------
0.61201331 -0.24875070 -0.61297238 -0.83967306 0.02688202 0.02688202 0.02688202 
-0.17178091 -0.43784360 -0.05933156 0.05368123 0.02351248 0.02351248 0.02351248 
-0.21222959 -0.35627678 0.09307106 -0.77469332 0.02158401 0.02158401 0.02158401 

----------
-0.06367150 0.29528170 -0.64225967 -0.70463513 -0.10781172 -0.04898607 0.05225631 
-0.65275860 -0.70715422 -0.00250329 0.27211088 0.00354363 0.16411410 0.05183672 
-0.45189859 -0.27014024 -0.07554881 -0.84689630 0.09377503 0.05871469 0.06862869 

----------
iteration: 39768, probabilities: [0.000020 0.000018 0.994765 0.000964 0.004233], probability: 0.9947649240493774