0.41825673 -0.59977496 0.54451254 -0.49226217 0.01670781 0.05275866 0.14394209 
0.58944566 -0.60364095 -0.42513614 -0.83476559 -0.02441462 0.02659164 0.17285793 
-0.69298730 -0.40332968 0.07659937 0.45205983 0.00629860 0.01322043 0.16041857 

----------
0.41825673 -0.59977496 0.54451254 -0.49226217 0.01670781 0.01670781 0.01670781 
0.58944566 -0.60364095 -0.42513614 -0.83476559 -0.02441462 -0.02441462 -0.02441462 
-0.69298730 -0.40332968 0.07659937 0.45205983 0.00629860 0.00629860 0.00629860 

----------
0.59982860 -0.33553238 0.62250889 -0.37446361 0.07893538 -0.02692441 0.05187241 
-0.30361866 -0.06959923 -0.70350486 -0.63894859 -0.12710438 -0.04773227 0.05162430 
-0.64270289 -0.57525465 0.40777643 0.29971522 -0.09857070 0.07275611 0.05154550 

----------
iteration: 40541, probabilities: [0.000015 0.000013 0.998780 0.000288 0.000905], probability: 0.998779833316803