-0.04216194 0.63978109 -0.06751944 -0.58233874 0.01436511 -0.00249872 0.14706203 
0.96176477 -0.16695272 -0.51133379 0.25983188 0.03365795 -0.09345190 0.18750287 
-0.67226928 -0.89009217 -0.55839403 -0.58900390 -0.03158854 -0.03202779 0.13190119 

----------
-0.04216194 0.63978109 -0.06751944 -0.58233874 0.01436511 0.01436511 0.01436511 
0.96176477 -0.16695272 -0.51133379 0.25983188 0.03365795 0.03365795 0.03365795 
-0.67226928 -0.89009217 -0.55839403 -0.58900390 -0.03158854 -0.03158854 -0.03158854 

----------
-0.10342754 0.00016601 -0.00062178 -0.99484098 0.18345155 -0.06527865 0.05205976 
0.45582701 -0.66387144 -0.24381580 0.54065797 0.04336336 0.17509704 0.05187240 
-0.65158047 -0.42755846 -0.56286653 -0.27557841 -0.08269063 0.00810655 0.05225625 

----------
iteration: 41797, probabilities: [0.000016 0.000017 0.997908 0.000378 0.001681], probability: 0.9979076385498047