0.42726625 0.29064115 -0.41898819 -0.86780696 0.03587153 0.03286174 0.14598039 
0.37329697 0.28958707 -0.85136197 0.00122093 -0.01508881 -0.01509433 0.15957355 
0.22662148 -0.99902034 -0.44813387 -0.27593922 0.04113461 0.00470198 0.14763429 

----------
0.42726625 0.29064115 -0.41898819 -0.86780696 0.03587153 0.03587153 0.03587153 
0.37329697 0.28958707 -0.85136197 0.00122093 -0.01508881 -0.01508881 -0.01508881 
0.22662148 -0.99902034 -0.44813387 -0.27593922 0.04113461 0.04113461 0.04113461 

----------
0.24945259 0.54542288 -0.44960383 -0.66202591 -0.05549518 0.09103633 0.05225624 
-0.64614854 0.42070977 -0.56862772 0.28734634 -0.19280549 -0.09656026 0.05185070 
-0.00024652 -0.92522244 -0.37976753 0.00036155 0.12068392 0.05852781 0.05195651 

----------
iteration: 41740, probabilities: [0.000019 0.000013 0.996465 0.000791 0.002712], probability: 0.9964654445648193