-0.10989109 0.78915674 -0.96781997 -0.58727320 0.04213540 0.04788266 0.18482844 
0.99946779 -0.30411040 -0.71006244 0.75874461 -0.01500275 0.00008545 0.13734333 
0.64083141 -0.99772846 0.45023122 -0.56446730 -0.04771717 0.03120299 0.15732277 

----------
-0.10989109 0.78915674 -0.96781997 -0.58727320 0.04213540 0.04213540 0.04213540 
0.99946779 -0.30411040 -0.71006244 0.75874461 -0.01500275 -0.01500275 -0.01500275 
0.64083141 -0.99772846 0.45023122 -0.56446730 -0.04771717 -0.04771717 -0.04771717 

----------
0.10289210 0.43728353 -0.55536448 -0.69994420 0.12131499 0.03167140 0.05225556 
0.30049242 -0.57789713 -0.40761794 0.64012910 -0.10109164 0.07629178 0.05186717 
0.66808383 -0.46710346 0.53090769 -0.23186076 -0.02427107 -0.14360289 0.05185018 

----------
iteration: 41741, probabilities: [0.000019 0.000018 0.992102 0.001824 0.006037], probability: 0.992102324962616