0.32236816 -0.39797178 0.99620954 -0.18551810 -0.03653838 0.01336439 0.14844200 
0.56508727 0.07252508 -0.76796453 -0.84174959 -0.03262947 0.00936623 0.16632466 
-0.92091075 -0.06768299 -0.29141236 -0.23248540 0.02131684 -0.01491757 0.15630863 

----------
0.32236816 -0.39797178 0.99620954 -0.18551810 -0.03653838 -0.03653838 -0.03653838 
0.56508727 0.07252508 -0.76796453 -0.84174959 -0.03262947 -0.03262947 -0.03262947 
-0.92091075 -0.06768299 -0.29141236 -0.23248540 0.02131684 0.02131684 0.02131684 

----------
0.52037307 -0.23113970 0.66833119 -0.47887509 -0.14747828 0.02352529 0.05169953 
0.03818041 0.38443471 -0.59316372 -0.70643492 -0.04257146 -0.11687327 0.05225625 
-0.98653152 0.00001567 -0.00009446 -0.16417282 0.00620757 0.05442652 0.05201145 

----------
iteration: 41261, probabilities: [0.000012 0.000014 0.999614 0.000094 0.000267], probability: 0.9996135830879211