0.15345718 0.43151087 -0.50509545 -0.88021724 -0.01935893 -0.03203915 0.15710846 
0.86690653 0.01812095 -0.54294264 0.67090499 -0.03972157 -0.03147408 0.16171550 
0.22575984 -0.84545071 -0.22620012 -0.11481264 0.03405528 0.00119351 0.16858931 

----------
0.15345718 0.43151087 -0.50509545 -0.88021724 -0.01935893 -0.01935893 -0.01935893 
0.86690653 0.01812095 -0.54294264 0.67090499 -0.03972157 -0.03972157 -0.03972157 
0.22575984 -0.84545071 -0.22620012 -0.11481264 0.03405528 0.03405528 0.03405528 

----------
0.12718740 0.45633073 -0.53978012 -0.69591594 0.00045979 -0.07301067 0.05225625 
0.32624694 -0.59411808 -0.38362724 0.62741414 -0.15651670 0.06918451 0.05186939 
-0.68850620 -0.69501013 -0.13022096 0.16200091 0.05883369 0.19881551 0.05190519 

----------
iteration: 42162, probabilities: [0.000018 0.000014 0.999082 0.000148 0.000738], probability: 0.9990824460983276