0.24931177 0.61596586 -0.03506915 -0.03683586 0.02932194 0.06428268 0.14221697 
0.70193748 -0.00278117 -0.91667462 0.32751767 0.00848551 0.00351137 0.15726030 
0.26524114 -0.52957591 -0.07817432 -0.59753702 -0.01450663 -0.04356173 0.12787946 

----------
0.24931177 0.61596586 -0.03506915 -0.03683586 0.02932194 0.02932194 0.02932194 
0.70193748 -0.00278117 -0.91667462 0.32751767 0.00848551 0.00848551 0.00848551 
0.26524114 -0.52957591 -0.07817432 -0.59753702 -0.01450663 -0.01450663 -0.01450663 

----------
0.65089736 0.70190493 0.08350536 -0.27722092 0.12521171 0.07563023 0.05225625 
0.22210005 -0.52566246 -0.47312370 0.67140384 -0.07238846 0.14077124 0.05187601 
0.68490229 -0.50893057 0.49101303 -0.17625910 0.03888257 -0.14047381 0.05185320 

----------
iteration: 42934, probabilities: [0.000014 0.000016 0.999316 0.000128 0.000527], probability: 0.9993155002593994