-0.16230836 0.29833263 -0.43952731 -0.84673982 -0.00579859 0.03185466 0.15110204 
0.85971429 0.04456254 -0.71099872 0.17330500 0.00375704 0.00306675 0.15316922 
0.37719534 -0.87118118 -0.47322254 -0.99017175 -0.03017546 -0.03235801 0.13137945 

----------
-0.16230836 0.29833263 -0.43952731 -0.84673982 -0.00579859 -0.00579859 -0.00579859 
0.85971429 0.04456254 -0.71099872 0.17330500 0.00375704 0.00375704 0.00375704 
0.37719534 -0.87118118 -0.47322254 -0.99017175 -0.03017546 -0.03017546 -0.03017546 

----------
-0.09965884 0.26198735 -0.65648432 -0.70039460 0.07794194 -0.00703536 0.05225625 
0.69604310 0.05322473 -0.70535472 0.12328465 -0.02570758 0.07315673 0.05145500 
-0.40665833 -0.06455800 -0.70390419 -0.57898426 -0.15847268 -0.00023303 0.05225295 

----------
iteration: 43288, probabilities: [0.000013 0.000013 0.999471 0.000110 0.000393], probability: 0.9994705319404602