0.37422801 -0.15004761 -0.43224659 -0.87039458 -0.01430181 0.03850791 0.15065191 
0.99383612 0.27306031 -0.38135593 0.16989754 -0.05149444 -0.02799873 0.15006729 
0.08259380 -0.57205278 0.08385518 -0.38711511 -0.03667901 -0.03598789 0.16908144 

----------
0.37422801 -0.15004761 -0.43224659 -0.87039458 -0.01430181 -0.01430181 -0.01430181 
0.99383612 0.27306031 -0.38135593 0.16989754 -0.05149444 -0.05149444 -0.05149444 
0.08259380 -0.57205278 0.08385518 -0.38711511 -0.03667901 -0.03667901 -0.03667901 

----------
0.46755859 0.51231489 -0.48677620 -0.53132175 -0.02009934 0.00563172 0.05109477 
0.58981011 0.31672581 0.63198928 0.39080056 0.08547862 -0.10686036 0.05225625 
0.67122679 -0.47441290 0.52443704 -0.22279995 -0.11142152 -0.07398667 0.05184861 

----------
iteration: 43491, probabilities: [0.000016 0.000020 0.990861 0.002616 0.006488], probability: 0.9908605813980103