0.74710717 -0.16886004 -0.91626027 -0.22548094 0.02932063 -0.05489287 0.15325000 
0.44880840 0.33961795 0.29971528 -0.98319709 0.00785189 -0.03844436 0.15985770 
-0.40169191 0.64514937 -0.63265833 0.46982974 0.03420794 0.04931788 0.15373451 

----------
0.74710717 -0.16886004 -0.91626027 -0.22548094 0.02932063 0.02932063 0.02932063 
0.44880840 0.33961795 0.29971528 -0.98319709 0.00785189 0.00785189 0.00785189 
-0.40169191 0.64514937 -0.63265833 0.46982974 0.03420794 0.03420794 0.03420794 

----------
0.53071412 -0.68880316 -0.16032419 0.46740261 0.07657003 0.19416944 0.05170362 
0.28431178 0.00009181 0.00002716 -0.95880935 -0.01256040 0.00202841 0.05201145 
-0.53787526 0.23981479 -0.66526872 0.45902272 0.09168955 -0.01900339 0.05187241 

----------
iteration: 44069, probabilities: [0.000012 0.000021 0.999731 0.000054 0.000182], probability: 0.9997308850288391