-0.12208857 0.99999136 0.83828924 0.09046689 -0.01396325 -0.03177258 0.12825839 
0.55656747 0.27614804 0.97552415 0.92918863 0.00929357 0.06033286 0.13204406 
-0.07617189 0.37521855 0.14724212 -0.46558659 -0.03694722 -0.03431237 0.15116953 

----------
-0.12208857 0.99999136 0.83828924 0.09046689 -0.01396325 -0.01396325 -0.01396325 
0.55656747 0.27614804 0.97552415 0.92918863 0.00929357 0.00929357 0.00929357 
-0.07617189 0.37521855 0.14724212 -0.46558659 -0.03694722 -0.03694722 -0.03694722 

----------
0.00359261 0.79428206 0.60765098 -0.00704266 0.05048078 -0.01449404 0.05252866 
0.43900022 0.10451022 0.69903703 0.55473349 -0.03654361 0.07986477 0.05225625 
-0.26699367 0.55640517 0.43656718 -0.65483791 -0.06664108 -0.11676429 0.05187250 

----------
iteration: 45544, probabilities: [0.000011 0.000014 0.999635 0.000088 0.000252], probability: 0.999634861946106