0.35464050 0.71858900 0.98761069 -0.19704189 -0.00925904 0.02788712 0.15850666 
0.74727556 0.21656591 0.98349692 -0.50004279 -0.01912697 -0.03268793 0.15116289 
-0.26168563 0.54553500 -0.48417059 -0.21018666 -0.04742999 -0.00219992 0.16221001 

----------
0.35464050 0.71858900 0.98761069 -0.19704189 -0.00925904 -0.00925904 -0.00925904 
0.74727556 0.21656591 0.98349692 -0.50004279 -0.01912697 -0.01912697 -0.01912697 
-0.26168563 0.54553500 -0.48417059 -0.21018666 -0.04742999 -0.04742999 -0.04742999 

----------
0.00035699 0.91815641 0.39642542 -0.00099024 0.02285015 0.04026066 0.05195181 
0.50852395 -0.19855912 0.67877402 -0.49142573 -0.01713149 -0.06688635 0.05186923 
-0.00094835 0.77913884 -0.62704191 -0.00098751 -0.10358651 0.04662430 0.05197503 

----------
iteration: 45652, probabilities: [0.000019 0.000014 0.996996 0.000641 0.002331], probability: 0.996996283531189