0.60571812 0.90049072 0.64144681 -0.58331750 -0.02613293 -0.06258518 0.14450286 
0.19159197 -0.13327987 0.84703152 0.51982991 -0.00622215 0.02975638 0.16597040 
0.11383289 0.99415742 -0.53009998 -0.52463827 0.05205667 -0.01089638 0.14521433 

----------
0.60571812 0.90049072 0.64144681 -0.58331750 -0.02613293 -0.02613293 -0.02613293 
0.19159197 -0.13327987 0.84703152 0.51982991 -0.00622215 -0.00622215 -0.00622215 
0.11383289 0.99415742 -0.53009998 -0.52463827 0.05205667 0.05205667 0.05205667 

----------
0.86904508 0.00009874 -0.00151445 -0.49515299 -0.01175672 0.07302882 0.05207382 
0.15305368 -0.21089790 0.67464436 0.69070441 -0.09949818 -0.02196555 0.05225617 
0.36053271 0.61516555 -0.34816590 -0.60872041 0.11785274 0.09671748 0.05225626 

----------
iteration: 45676, probabilities: [0.000024 0.000017 0.994175 0.001023 0.004761], probability: 0.9941754937171936