0.88280038 0.50002682 0.75594717 0.07466013 0.02282114 -0.01415643 0.15045977 
0.93438205 0.18761812 0.99707195 -0.22957228 0.03955515 0.01350205 0.15834317 
0.87852771 0.63036039 0.03765874 -0.60668185 0.02453799 0.01955719 0.12180915 

----------
0.88280038 0.50002682 0.75594717 0.07466013 0.02282114 0.02282114 0.02282114 
0.93438205 0.18761812 0.99707195 -0.22957228 0.03955515 0.03955515 0.03955515 
0.87852771 0.63036039 0.03765874 -0.60668185 0.02453799 0.02453799 0.02453799 

----------
0.68223819 0.49810951 0.50148036 0.18714125 0.07965528 0.04271726 0.05225626 
0.67785405 0.68879976 0.15907705 -0.20295004 -0.06302868 -0.07714685 0.05226155 
0.58264100 0.70445442 -0.05793629 -0.40127082 -0.07227903 0.05432168 0.05225626 

----------
iteration: 45886, probabilities: [0.000023 0.000016 0.992266 0.001555 0.006141], probability: 0.992265522480011