0.55149883 0.80807622 0.98754725 -0.27264845 -0.03215515 0.04323681 0.17296614 
0.57969761 0.19561949 0.72960753 -0.22168572 0.03414273 -0.05431298 0.17340196 
0.30125455 0.64409502 -0.43316221 -0.80015707 -0.01685313 -0.00826657 0.18202166 

----------
0.55149883 0.80807622 0.98754725 -0.27264845 -0.03215515 -0.03215515 -0.03215515 
0.57969761 0.19561949 0.72960753 -0.22168572 0.03414273 0.03414273 0.03414273 
0.30125455 0.64409502 -0.43316221 -0.80015707 -0.01685313 -0.01685313 -0.01685313 

----------
-0.00067571 0.89051774 0.45556588 -0.00195011 0.01295383 -0.14376064 0.05207417 
0.59117809 -0.32123001 0.63012284 -0.38816236 0.08643799 0.13905847 0.05187241 
0.27705874 0.56383075 -0.42626704 -0.65093955 -0.08899587 0.03904716 0.05225625 

----------
iteration: 46525, probabilities: [0.000010 0.000018 0.999792 0.000041 0.000140], probability: 0.9997918009757996