0.12609386 0.63222457 0.00759153 0.70257627 -0.00620732 0.02913604 0.15338958 
-0.63509960 0.44175267 -0.88949472 -0.15414191 0.01413275 -0.00895134 0.15317324 
0.48921470 0.53215418 0.04129758 0.10502341 0.03823262 0.04066891 0.16242320 

----------
0.12609386 0.63222457 0.00759153 0.70257627 -0.00620732 -0.00620732 -0.00620732 
-0.63509960 0.44175267 -0.88949472 -0.15414191 0.01413275 0.01413275 0.01413275 
0.48921470 0.53215418 0.04129758 0.10502341 0.03823262 0.03823262 0.03823262 

----------
0.39740288 0.65215494 0.27372342 0.58474876 0.03411233 -0.02766832 0.05215138 
-0.66357016 0.46821339 -0.53007517 0.24484099 -0.10531440 0.09681564 0.05170235 
0.70340509 0.64708406 0.28441687 -0.07549903 0.10966240 0.08099223 0.05225654 

----------
iteration: 46839, probabilities: [0.000067 0.000043 0.999299 0.000204 0.000387], probability: 0.9992990493774414