0.40857778 0.93894541 0.70424097 -0.45770481 -0.00479166 -0.00498291 0.16752077 
0.20177894 0.43755063 0.44331827 0.15094651 0.00069087 -0.00433826 0.14963133 
0.23079736 0.86658395 -0.63048248 -0.28577893 -0.06046039 0.01794388 0.13760450 

----------
0.40857778 0.93894541 0.70424097 -0.45770481 -0.00479166 -0.00479166 -0.00479166 
0.20177894 0.43755063 0.44331827 0.15094651 0.00069087 0.00069087 0.00069087 
0.23079736 0.86658395 -0.63048248 -0.28577893 -0.06046039 -0.06046039 -0.06046039 

----------
0.70053357 0.65669877 0.26198124 -0.09912678 0.00161212 0.01362844 0.05224936 
0.68839788 0.51528948 0.48390933 0.16329750 -0.09876112 0.07383442 0.05225781 
-0.00051728 0.86934085 -0.49438192 -0.00080706 -0.12502392 -0.09791887 0.05195076 

----------
iteration: 46368, probabilities: [0.000016 0.000012 0.998583 0.000357 0.001032], probability: 0.9985828399658203