0.46585199 0.98283323 0.57175404 -0.05875951 0.00909728 -0.00798973 0.12810553 
0.92601863 -0.08423318 0.53063998 0.13124816 -0.00573417 0.00957059 0.13086198 
0.35768868 -0.08900439 -0.90820399 -0.28604141 0.01007923 -0.00377433 0.16863189 

----------
0.46585199 0.98283323 0.57175404 -0.05875951 0.00909728 0.00909728 0.00909728 
0.92601863 -0.08423318 0.53063998 0.13124816 -0.00573417 -0.00573417 -0.00573417 
0.35768868 -0.08900439 -0.90820399 -0.28604141 0.01007923 0.01007923 0.01007923 

----------
0.70645423 0.63102846 0.31850015 -0.03791979 -0.08614974 0.10772401 0.05225626 
0.98923927 0.00000080 0.00010152 0.14743670 -0.09221572 -0.09595105 0.05201177 
0.16916051 0.48724192 -0.51217987 -0.68702295 0.06997285 -0.07648659 0.05225176 

----------
iteration: 46411, probabilities: [0.000012 0.000013 0.999368 0.000143 0.000463], probability: 0.9993684887886047