0.03397627 -0.21156322 0.73315197 -0.58995431 -0.01038174 0.02213430 0.14851074 
-0.42672021 0.61657447 0.55427911 0.38409394 -0.00539334 0.02226480 0.16090784 
0.38398218 0.30818775 -0.83353488 0.30059625 0.01040264 -0.02971155 0.17804247 

----------
0.03397627 -0.21156322 0.73315197 -0.58995431 -0.01038174 -0.01038174 -0.01038174 
-0.42672021 0.61657447 0.55427911 0.38409394 -0.00539334 -0.00539334 -0.00539334 
0.38398218 0.30818775 -0.83353488 0.30059625 0.01040264 0.01040264 0.01040264 

----------
0.10257998 0.25759367 0.65862193 -0.69965240 -0.09206715 -0.07202451 0.05187135 
-0.28526608 0.29943355 0.64284094 0.64481980 -0.08847551 0.04059963 0.05261460 
0.25488234 -0.24253644 -0.65343064 0.67040123 0.03903499 0.08778496 0.05179512 

----------
iteration: 47104, probabilities: [0.000106 0.000032 0.996720 0.001114 0.002028], probability: 0.9967204928398132