-0.60205988 0.06322203 -0.19262051 -0.81974092 0.07567403 -0.00033880 0.16182419 
0.17423447 -0.46732465 -0.94274883 0.35941368 0.01836333 -0.00756922 0.15342259 
-0.09301572 -0.08338256 -0.24693823 0.80916665 0.02916801 0.02703807 0.16715059 

----------
-0.60205988 0.06322203 -0.19262051 -0.81974092 0.07567403 0.07567403 0.07567403 
0.17423447 -0.46732465 -0.94274883 0.35941368 0.01836333 0.01836333 0.01836333 
-0.09301572 -0.08338256 -0.24693823 0.80916665 0.02916801 0.02916801 0.02916801 

----------
-0.56429256 0.00007856 -0.00005553 -0.82561109 0.09120570 0.08843168 0.05201147 
-0.02725601 -0.31043584 -0.63541209 0.70665667 -0.01416939 0.11610017 0.05170274 
0.10716095 -0.00009506 0.00001547 0.99432305 0.06448565 -0.01664304 0.05201148 

----------
iteration: 47946, probabilities: [0.000060 0.000062 0.999721 0.000052 0.000105], probability: 0.9997206330299377