0.21351957 -0.93334424 0.69605024 0.11104372 0.03013909 0.02803070 0.12940453 
-0.58193985 0.80554989 0.83082230 0.85230417 -0.05395133 -0.03185137 0.15251491 
0.35012144 -0.40276245 -0.99926700 -0.01341483 -0.01423146 0.04221564 0.16431132 

----------
0.21351957 -0.93334424 0.69605024 0.11104372 0.03013909 0.03013909 0.03013909 
-0.58193985 0.80554989 0.83082230 0.85230417 -0.05395133 -0.05395133 -0.05395133 
0.35012144 -0.40276245 -0.99926700 -0.01341483 -0.01423146 -0.01423146 -0.01423146 

----------
0.00070167 -0.78476748 0.61989086 0.00078444 0.06188615 0.09493925 0.05195182 
0.19800905 -0.16623942 0.68706397 0.67923539 -0.21601387 -0.04034042 0.05225626 
-0.00038997 -0.33848422 -0.94115258 -0.00039251 -0.01008751 -0.04666540 0.05199110 

----------
iteration: 47363, probabilities: [0.000056 0.000024 0.998846 0.000406 0.000668], probability: 0.9988464117050171