0.79477100 -0.31053058 0.10915858 0.79312966 0.02077535 0.00883707 0.17770188 
0.42194352 -0.43550886 0.04040899 -0.71644864 -0.04717112 0.03377794 0.18527954 
0.21443390 0.87498631 0.30678368 -0.49963186 -0.05406853 0.02063029 0.13131768 

----------
0.79477100 -0.31053058 0.10915858 0.79312966 0.02077535 0.02077535 0.02077535 
0.42194352 -0.43550886 0.04040899 -0.71644864 -0.04717112 -0.04717112 -0.04717112 
0.21443390 0.87498631 0.30678368 -0.49963186 -0.05406853 -0.05406853 -0.05406853 

----------
0.71882263 -0.00006651 0.00006886 0.69529258 0.09904415 0.01423689 0.05201145 
0.70644458 -0.62988941 0.32160179 0.03255008 -0.05233788 -0.13717470 0.05186985 
0.69041164 0.67530219 0.20961861 -0.15429951 -0.11115096 0.01161482 0.05223272 

----------
iteration: 47681, probabilities: [0.000052 0.000029 0.998876 0.000451 0.000592], probability: 0.9988757967948914