-0.51428468 -0.32425153 -0.24455509 -0.99992540 -0.01557656 0.00729613 0.16999101 
0.24948062 -0.97749348 -0.60046060 0.62704713 0.05234914 -0.00098377 0.15848270 
0.33228270 -0.54747855 -0.31143174 0.90158008 -0.01502428 0.04031135 0.19624651 

----------
-0.51428468 -0.32425153 -0.24455509 -0.99992540 -0.01557656 -0.01557656 -0.01557656 
0.24948062 -0.97749348 -0.60046060 0.62704713 0.05234914 0.05234914 0.05234914 
0.33228270 -0.54747855 -0.31143174 0.90158008 -0.01502428 -0.01502428 -0.01502428 

----------
-0.50397086 0.00015164 -0.00108264 -0.86387218 -0.12898394 -0.04335190 0.05208947 
0.32130161 -0.59077754 -0.38871818 0.62993913 0.08775517 0.09453888 0.05186432 
0.25340266 -0.54723531 -0.44792303 0.66015815 0.03246800 -0.05458823 0.05187252 

----------
iteration: 48575, probabilities: [0.000051 0.000031 0.999356 0.000208 0.000354], probability: 0.9993558526039124