0.61303313 0.21065362 -0.98958506 0.22538480 0.03485428 -0.00894840 0.17025586 
0.64941988 0.97397783 -0.79850579 -0.61104841 0.00028572 -0.04794298 0.16993798 
0.58148998 -0.95816660 0.40964499 0.22845921 0.00462512 0.00117464 0.17547252 

----------
0.61303313 0.21065362 -0.98958506 0.22538480 0.03485428 0.03485428 0.03485428 
0.64941988 0.97397783 -0.79850579 -0.61104841 0.00028572 0.00028572 0.00028572 
0.58148998 -0.95816660 0.40964499 0.22845921 0.00462512 0.00462512 0.00462512 

----------
0.67408802 0.16506325 -0.68761028 0.21367781 0.05632452 0.16013470 0.05141795 
0.43698732 0.65537110 -0.26476259 -0.55635313 0.00878585 -0.14562943 0.05225627 
0.68133787 -0.68570707 0.17311436 0.18943553 0.00169948 -0.01067547 0.05187626 

----------
iteration: 49089, probabilities: [0.000046 0.000050 0.999653 0.000099 0.000153], probability: 0.9996529817581177