0.48799647 0.01729406 -0.37160156 0.01138042 -0.02466684 0.00058972 0.15861523 
0.98689340 -0.05372832 -0.29281493 0.52140424 -0.00228489 0.01451962 0.16380468 
-0.27180461 -0.99704987 0.11553853 -0.15272871 0.04909545 0.07674934 0.15036323 

----------
0.48799647 0.01729406 -0.37160156 0.01138042 -0.02466684 -0.02466684 -0.02466684 
0.98689340 -0.05372832 -0.29281493 0.52140424 -0.00228489 -0.00228489 -0.00228489 
-0.27180461 -0.99704987 0.11553853 -0.15272871 0.04909545 0.04909545 0.04909545 

----------
0.38219155 0.62692166 -0.32563934 -0.59594367 -0.08053316 -0.10103657 0.05227546 
0.90797075 -0.00004018 0.00008696 0.41932252 0.07944442 -0.05682107 0.05201145 
0.00014454 -0.99711574 0.07643641 0.00104007 0.06995565 0.04919113 0.05195175 

----------
iteration: 49138, probabilities: [0.000042 0.000036 0.999481 0.000194 0.000247], probability: 0.9994812607765198