0.64921383 0.07440742 -0.66743746 0.60962139 -0.02675380 0.02971417 0.16569810 
0.47777711 0.99454284 -0.04141328 -0.42338137 0.01696964 -0.00829822 0.15780977 
-0.07653825 -0.42762549 0.12475005 0.10673880 0.05158630 0.01516217 0.18381056 

----------
0.64921383 0.07440742 -0.66743746 0.60962139 -0.02675380 -0.02675380 -0.02675380 
0.47777711 0.99454284 -0.04141328 -0.42338137 0.01696964 0.01696964 0.01696964 
-0.07653825 -0.42762549 0.12475005 0.10673880 0.05158630 0.05158630 0.05158630 

----------
0.07936225 -0.41712149 -0.57111801 0.70269745 -0.13504076 0.03875525 0.05187229 
0.62341701 0.70653419 0.02028170 -0.33440949 0.05232810 -0.02951405 0.05225627 
0.00059124 -0.93164116 0.36365991 0.00112040 0.02348516 0.10215159 0.05195472 

----------
iteration: 49285, probabilities: [0.000117 0.000038 0.996130 0.001202 0.002513], probability: 0.9961296319961548