0.92748681 0.32423447 -0.76233855 -0.50027832 0.02140208 0.03343146 0.14373667 
0.49694707 0.09265711 -0.96656795 -0.11541048 -0.01478850 0.02973714 0.14067474 
0.36518556 -0.99854330 0.75921969 0.02637277 0.00939598 0.03434862 0.17138278 

----------
0.92748681 0.32423447 -0.76233855 -0.50027832 0.02140208 0.02140208 0.02140208 
0.49694707 0.09265711 -0.96656795 -0.11541048 -0.01478850 -0.01478850 -0.01478850 
0.36518556 -0.99854330 0.75921969 0.02637277 0.00939598 0.00939598 0.00939598 

----------
0.30635588 0.58263164 -0.40022185 -0.63769884 0.04795917 0.00140161 0.05225626 
0.40581242 0.63992002 -0.30041473 -0.57960166 0.07306610 -0.18112145 0.05225619 
0.00079302 -0.69867568 0.71553109 0.00099952 -0.05095515 0.05998413 0.05196821 

----------
iteration: 49298, probabilities: [0.000037 0.000042 0.999675 0.000105 0.000141], probability: 0.999674916267395