0.53992805 0.57014884 -0.71605315 0.54769460 -0.04246197 0.06457365 0.14921057 
0.73757506 -0.43421293 -0.98065413 -0.01683590 0.01847051 -0.03752333 0.17258425 
0.37590037 -0.83101779 0.08814240 -0.47982882 -0.08312797 0.01276322 0.13835250 

----------
0.53992805 0.57014884 -0.71605315 0.54769460 -0.04246197 -0.04246197 -0.04246197 
0.73757506 -0.43421293 -0.98065413 -0.01683590 0.01847051 0.01847051 0.01847051 
0.37590037 -0.83101779 0.08814240 -0.47982882 -0.08312797 -0.08312797 -0.08312797 

----------
0.54302678 0.40928086 -0.57671019 0.45284074 0.00365343 -0.07024573 0.05138996 
0.55907142 -0.70016748 -0.09998598 0.43306977 0.10804458 0.11892864 0.05186346 
0.64602463 -0.41889271 0.56983711 -0.28764923 -0.11770007 -0.16601439 0.05186973 

----------
iteration: 49333, probabilities: [0.000034 0.000036 0.999680 0.000111 0.000139], probability: 0.9996798038482666