0.38609017 -0.05019339 -0.63795930 0.36056324 0.05326680 0.04950792 0.19633266 
0.56890841 0.50256334 -0.52653131 0.54561626 -0.02366131 -0.06809721 0.16805998 
0.06752607 -0.87777379 -0.00807231 0.14956333 -0.00825185 -0.02447718 0.14917509 

----------
0.38609017 -0.05019339 -0.63795930 0.36056324 0.05326680 0.05326680 0.05326680 
0.56890841 0.50256334 -0.52653131 0.54561626 -0.02366131 -0.02366131 -0.02366131 
0.06752607 -0.87777379 -0.00807231 0.14956333 -0.00825185 -0.00825185 -0.00825185 

----------
0.20673497 -0.51467936 -0.48504835 0.67627320 0.02584900 0.16454324 0.05187241 
-0.09769915 -0.26258136 -0.65622059 0.70082917 -0.18895101 0.00040385 0.05191234 
0.00008892 -0.99978164 0.02298451 0.00104887 0.02683545 -0.04035241 0.05195181 

----------
iteration: 49157, probabilities: [0.000326 0.000051 0.951346 0.017461 0.030816], probability: 0.9513458609580994