0.61125622 -0.02435981 -0.76239143 0.95060413 0.00583617 0.00075083 0.16196257 
0.25255344 0.12815479 -0.83918287 0.18406990 0.00676244 -0.02402727 0.15003379 
0.19205738 -0.95175925 0.56404286 -0.44489110 0.00647653 -0.03363775 0.15368507 

----------
0.61125622 -0.02435981 -0.76239143 0.95060413 0.00583617 0.00583617 0.00583617 
0.25255344 0.12815479 -0.83918287 0.18406990 0.00676244 0.00676244 0.00676244 
0.19205738 -0.95175925 0.56404286 -0.44489110 0.00647653 0.00647653 0.00647653 

----------
-0.04042337 -0.30475760 -0.63814091 0.70597124 -0.05481626 -0.07565341 0.05175929 
-0.00105364 0.08217079 -0.99670325 -0.00002018 -0.10630747 0.03764989 0.05195184 
0.25105306 -0.66660843 -0.23485255 -0.66158002 -0.00488606 0.07971895 0.05156001 

----------
iteration: 51501, probabilities: [0.000033 0.000038 0.999774 0.000057 0.000098], probability: 0.9997740387916565