0.82926060 0.63939192 -0.98099995 -0.08295819 -0.04721505 -0.04009068 0.17135343 
0.76303648 -0.15719753 -0.90230732 -0.10630597 0.03451906 0.00752731 0.15837182 
0.89313270 -0.99999856 0.04490837 -0.25385707 0.00039480 -0.02434794 0.15983945 

----------
0.82926060 0.63939192 -0.98099995 -0.08295819 -0.04721505 -0.04721505 -0.04721505 
0.76303648 -0.15719753 -0.90230732 -0.10630597 0.03451906 0.03451906 0.03451906 
0.89313270 -0.99999856 0.04490837 -0.25385707 0.00039480 0.00039480 0.00039480 

----------
0.63251290 0.70578646 0.03990753 -0.31699887 0.05680593 -0.14825630 0.05225753 
0.70362579 -0.06667626 -0.70324886 -0.07717866 0.10433623 0.01589662 0.05169904 
0.70377517 -0.64534646 0.28915446 0.06856089 -0.03347688 0.03906556 0.05187239 

----------
iteration: 52416, probabilities: [0.000056 0.000034 0.999134 0.000306 0.000471], probability: 0.9991336464881897