0.22178612 -0.58878041 0.48983691 -0.98592180 -0.03140304 0.02187834 0.17427818 
0.69393287 0.14980317 0.63953967 -0.45976915 0.01476156 -0.01000545 0.16948411 
0.16609341 -0.08814628 0.98162577 -0.56915400 -0.02286578 0.01796396 0.14450106 

----------
0.22178612 -0.58878041 0.48983691 -0.98592180 -0.03140304 -0.03140304 -0.03140304 
0.69393287 0.14980317 0.63953967 -0.45976915 0.01476156 0.01476156 0.01476156 
0.16609341 -0.08814628 0.98162577 -0.56915400 -0.02286578 -0.02286578 -0.02286578 

----------
0.50698873 -0.19616458 0.67945211 -0.49296667 -0.02363236 -0.15910374 0.05187241 
0.49265124 -0.17584228 0.68478595 -0.50778793 0.10446708 0.06130870 0.05189892 
0.30191149 0.05455590 0.70506668 -0.63942390 -0.11382993 0.04903254 0.05187241 

----------
iteration: 52582, probabilities: [0.000066 0.000030 0.998114 0.000679 0.001112], probability: 0.9981144666671753