0.39681717 -0.06330896 0.92740387 0.23933491 -0.01199652 0.00627523 0.13180643 
0.15495837 0.12147344 -0.65497322 -0.21598175 0.00319692 -0.01478089 0.13080525 
0.23005575 -0.01898404 0.42572384 -0.55298583 0.04855751 -0.04806108 0.14296244 

----------
0.39681717 -0.06330896 0.92740387 0.23933491 -0.01199652 -0.01199652 -0.01199652 
0.15495837 0.12147344 -0.65497322 -0.21598175 0.00319692 0.00319692 0.00319692 
0.23005575 -0.01898404 0.42572384 -0.55298583 0.04855751 0.04855751 0.04855751 

----------
0.39307047 0.04805765 0.70520648 0.58821603 -0.07206845 -0.04324743 0.05225627 
0.13822158 0.13828489 -0.69389575 -0.69323986 0.02392388 -0.13101425 0.05051288 
0.31805131 0.03662290 0.70620657 -0.63152973 0.07346333 0.06591905 0.05187238 

----------
iteration: 53539, probabilities: [0.000221 0.000074 0.912606 0.040569 0.046530], probability: 0.912606418132782