0.80073787 0.02617714 0.49206938 0.82725272 -0.02393070 -0.00173285 0.16271837 
0.99988733 0.32193304 0.19060544 -0.69004166 -0.04458568 0.08835787 0.16558097 
-0.02053652 -0.92942697 0.42774359 0.58194149 -0.03118310 -0.02160381 0.17229178 

----------
0.80073787 0.02617714 0.49206938 0.82725272 -0.02393070 -0.02393070 -0.02393070 
0.99988733 0.32193304 0.19060544 -0.69004166 -0.04458568 -0.04458568 -0.04458568 
-0.02053652 -0.92942697 0.42774359 0.58194149 -0.03118310 -0.03118310 -0.03118310 

----------
0.68324866 0.07872337 0.23561290 0.68664433 0.00508049 0.01980822 0.06935061 
0.76817085 0.00007783 0.00005870 -0.64033485 -0.11284884 0.00983853 0.05201023 
-0.59947618 -0.70637119 0.02748497 0.37579213 0.05120418 -0.08849702 0.05225625 

----------
iteration: 54935, probabilities: [0.000044 0.000017 0.999833 0.000029 0.000078], probability: 0.9998331069946289