0.99857609 -0.35759788 0.29740042 -0.34758090 0.04026914 0.02728278 0.15804739 
0.25464046 -0.00333484 0.33042498 -0.77810706 -0.00521272 0.01032378 0.15897322 
0.85598471 0.00245039 -0.95439023 -0.30255131 -0.05296085 0.02784040 0.13431301 

----------
0.99857609 -0.35759788 0.29740042 -0.34758090 0.04026914 0.04026914 0.04026914 
0.25464046 -0.00333484 0.33042498 -0.77810706 -0.00521272 -0.00521272 -0.00521272 
0.85598471 0.00245039 -0.95439023 -0.30255131 -0.05296085 -0.05296085 -0.05296085 

----------
0.97233915 0.00001763 0.00009379 -0.23402476 0.04606692 0.00796801 0.05201140 
0.53667748 -0.00008742 -0.00014438 -0.84399456 -0.07616676 0.09179606 0.05201114 
0.67617360 -0.03228626 -0.70647006 -0.20657949 -0.05313471 -0.09716011 0.05163186 

----------
iteration: 55767, probabilities: [0.000044 0.000013 0.999676 0.000104 0.000163], probability: 0.9996763467788696