0.25277460 -0.32551125 -0.00019892 0.53366324 0.00260422 -0.02122727 0.14289628 
0.98830502 -0.30370844 -0.58805068 -0.60669232 0.01175490 0.00667653 0.17988090 
0.02781135 -0.64743354 0.21529854 0.79848289 0.01081942 -0.00623554 0.14126013 

----------
0.25277460 -0.32551125 -0.00019892 0.53366324 0.00260422 0.00260422 0.00260422 
0.98830502 -0.30370844 -0.58805068 -0.60669232 0.01175490 0.01175490 0.01175490 
0.02781135 -0.64743354 0.21529854 0.79848289 0.01081942 0.01081942 0.01081942 

----------
0.53664273 -0.00008552 0.00003757 0.84405164 0.08570087 0.00555449 0.05201159 
0.07646657 0.41609478 -0.57147999 -0.70338650 -0.17949106 -0.02252204 0.05225625 
-0.14307075 -0.00091380 -0.00125370 0.98993952 0.15779020 -0.08318686 0.05209283 

----------
iteration: 55229, probabilities: [0.000038 0.000016 0.999782 0.000047 0.000117], probability: 0.9997820258140564