0.60081852 0.10519452 -0.65107917 -0.11646624 -0.03124842 0.02969655 0.15933681 
0.55218984 0.57910436 0.62692472 -0.51016210 0.04135656 -0.01488373 0.19061097 
0.57145750 0.49151989 -0.07667569 -0.04847882 -0.01977908 0.05653883 0.16348290 

----------
0.60081852 0.10519452 -0.65107917 -0.11646624 -0.03124842 -0.03124842 -0.03124842 
0.55218984 0.57910436 0.62692472 -0.51016210 0.04135656 0.04135656 0.04135656 
0.57145750 0.49151989 -0.07667569 -0.04847882 -0.01977908 -0.01977908 -0.01977908 

----------
0.34591189 0.60670054 -0.36276274 -0.61717363 -0.02994018 -0.18272219 0.05225625 
0.18779133 0.00041237 -0.00027490 -0.98258829 0.11122353 0.18280490 0.05203100 
0.65765622 0.69954194 0.10118719 -0.26069501 -0.03711932 0.02512888 0.05225625 

----------
iteration: 55565, probabilities: [0.000054 0.000013 0.999500 0.000166 0.000267], probability: 0.9994997978210449