0.05903295 0.52801765 0.34219650 0.64393480 -0.01247629 0.00524284 0.16634820 
-0.62994507 -0.19135156 -0.95394369 0.09724505 -0.00208499 0.04370537 0.16001888 
0.51647911 0.30857806 0.31041154 0.34537810 -0.01960261 0.01545233 0.13370295 

----------
0.05903295 0.52801765 0.34219650 0.64393480 -0.01247629 -0.01247629 -0.01247629 
-0.62994507 -0.19135156 -0.95394369 0.09724505 -0.00208499 -0.00208499 -0.00208499 
0.51647911 0.30857806 0.31041154 0.34537810 -0.01960261 -0.01960261 -0.01960261 

----------
0.43816683 0.63195610 0.31823455 0.55448761 0.05371229 -0.04732805 0.05198254 
-0.25223603 0.20576399 -0.93654521 0.13102225 0.08833475 0.08896184 0.07095210 
0.63970767 0.40409685 0.57991405 0.30206571 -0.07616434 -0.02252057 0.05225625 

----------
iteration: 58954, probabilities: [0.000050 0.000012 0.999413 0.000216 0.000308], probability: 0.999413013458252