-0.58634299 0.49539096 0.38741025 0.67732103 0.00041196 -0.05221709 0.17470041 
0.08475298 0.10334698 -0.86567929 -0.44260878 -0.04136880 0.07356193 0.17564650 
0.64067237 0.48654678 -0.19739233 -0.02755738 0.01063432 -0.03385789 0.14786451 

----------
-0.58634299 0.49539096 0.38741025 0.67732103 0.00041196 0.00041196 0.00041196 
0.08475298 0.10334698 -0.86567929 -0.44260878 -0.04136880 -0.04136880 -0.04136880 
0.64067237 0.48654678 -0.19739233 -0.02755738 0.01063432 0.01063432 0.01063432 

----------
-0.70120981 0.66112835 -0.25108556 -0.09189504 0.14409083 -0.07514641 0.05170814 
-0.10527475 0.25672452 -0.65858662 -0.69959789 -0.11504255 -0.08290157 0.05225626 
0.65858905 0.69919670 0.10366115 -0.25837543 0.06064429 0.05520254 0.05225625 

----------
iteration: 58558, probabilities: [0.000043 0.000013 0.999167 0.000325 0.000453], probability: 0.9991666078567505