0.14608612 0.48789501 0.14998130 0.52662329 -0.01335963 0.01191728 0.16932248 
0.16628974 -0.19122300 -0.98683809 -0.32548101 0.00062134 -0.03661527 0.17147018 
0.71466658 0.14270281 0.77130005 -0.36641589 0.02794497 -0.00560776 0.14161099 

----------
0.14608612 0.48789501 0.14998130 0.52662329 -0.01335963 -0.01335963 -0.01335963 
0.16628974 -0.19122300 -0.98683809 -0.32548101 0.00062134 0.00062134 0.00062134 
0.71466658 0.14270281 0.77130005 -0.36641589 0.02794497 0.02794497 0.02794497 

----------
0.65579401 0.43627713 0.55613408 0.26539018 -0.02626531 0.00990856 0.05225624 
-0.00010572 0.39145188 -0.92038570 -0.00034889 -0.07303532 0.13702382 0.05196838 
0.48178639 -0.16199297 0.68849085 -0.51774633 0.12948036 0.05902174 0.05187241 

----------
iteration: 58045, probabilities: [0.000075 0.000021 0.999750 0.000048 0.000105], probability: 0.9997501969337463