0.22633188 0.99961744 0.42425888 0.42498214 -0.00407206 0.03217559 0.17667100 
-0.15275505 -0.18799183 -0.96148338 -0.49132806 0.01872223 0.02469872 0.15525750 
0.98263669 0.03380374 0.30077948 0.24669646 -0.00045556 0.01834415 0.16049863 

----------
0.22633188 0.99961744 0.42425888 0.42498214 -0.00407206 -0.00407206 -0.00407206 
-0.15275505 -0.18799183 -0.96148338 -0.49132806 0.01872223 0.01872223 0.01872223 
0.98263669 0.03380374 0.30077948 0.24669646 -0.00045556 -0.00045556 -0.00045556 

----------
0.67262768 0.47365709 0.52468002 0.21940982 0.06919147 0.09861381 0.05225603 
-0.29529585 0.06373249 -0.70397749 -0.64288070 -0.07215425 0.04658007 0.05225454 
0.98465365 -0.00001810 0.00009482 0.17482733 -0.07719902 -0.07149911 0.05201144 

----------
iteration: 58756, probabilities: [0.000049 0.000012 0.999761 0.000060 0.000118], probability: 0.9997608065605164