-0.34274984 0.78768135 0.80136685 0.54167261 0.05112451 0.05771300 0.16359422 
-0.38703818 0.16693854 -0.99995934 0.41576193 -0.01240946 -0.01908103 0.16478556 
0.61894091 -0.65809536 0.47107134 -0.08076953 0.00199912 0.02418380 0.15954668 

----------
-0.34274984 0.78768135 0.80136685 0.54167261 0.05112451 0.05112451 0.05112451 
-0.38703818 0.16693854 -0.99995934 0.41576193 -0.01240946 -0.01240946 -0.01240946 
0.61894091 -0.65809536 0.47107134 -0.08076953 0.00199912 0.00199912 0.00199912 

----------
-0.15380540 0.16354217 0.68814885 0.69009630 0.04251117 0.00886845 0.05201920 
-0.49630606 0.19237899 -0.68056417 0.50375499 -0.05285296 0.10745905 0.05175742 
0.70455079 -0.58364817 0.39928875 -0.06017937 -0.04476792 -0.07970631 0.05184743 

----------
iteration: 60299, probabilities: [0.000052 0.000012 0.999442 0.000204 0.000289], probability: 0.9994418025016785