-0.29933289 0.03123840 0.28385091 0.33345318 -0.02577824 -0.01317396 0.15343463 
-0.02864689 0.98212540 -0.91224995 0.20834255 0.00409906 0.04990792 0.16696823 
0.54424671 -0.37437431 0.99279038 -0.02192443 0.00595726 -0.02098588 0.15144324 

----------
-0.29933289 0.03123840 0.28385091 0.33345318 -0.02577824 -0.02577824 -0.02577824 
-0.02864689 0.98212540 -0.91224995 0.20834255 0.00409906 0.00409906 0.00409906 
0.54424671 -0.37437431 0.99279038 -0.02192443 0.00595726 0.00595726 0.00595726 

----------
-0.06211179 -0.40434676 0.57982341 0.70477633 -0.13172098 -0.09652698 0.05225626 
-0.00091361 0.73089006 -0.68262412 -0.00082497 0.07496408 -0.03657099 0.05196013 
0.54398331 -0.25135290 0.66106477 -0.45180289 -0.06170161 0.13613689 0.05184415 

----------
iteration: 60261, probabilities: [0.000053 0.000011 0.999333 0.000270 0.000332], probability: 0.9993332028388977