-0.21252646 0.27764941 0.64899621 0.46563112 0.01317552 -0.00930104 0.17777095 
-0.08449925 0.07442873 -0.90447856 0.06371837 -0.01582335 -0.01191840 0.14223157 
0.97141248 -0.20053228 0.91652097 0.17004498 -0.04674880 0.04017969 0.13953410 

----------
-0.21252646 0.27764941 0.64899621 0.46563112 0.01317552 0.01317552 0.01317552 
-0.08449925 0.07442873 -0.90447856 0.06371837 -0.01582335 -0.01582335 -0.01582335 
0.97141248 -0.20053228 0.91652097 0.17004498 -0.04674880 -0.04674880 -0.04674880 

----------
-0.26995712 0.22850862 0.66743280 0.65539682 0.05522372 0.00482240 0.05228722 
-0.00104714 0.13886439 -0.99033959 -0.00007212 -0.06085750 0.01438549 0.05195088 
0.52388738 0.25083120 0.66069906 0.47601463 0.00071727 -0.18017036 0.05219176 

----------
iteration: 60537, probabilities: [0.000035 0.000014 0.999762 0.000061 0.000129], probability: 0.9997621178627014