0.26714069 0.70144608 0.08951998 0.96877645 0.05682803 0.02047147 0.18660546 
0.60020487 0.26325699 -0.74205616 -0.57044433 -0.01248802 0.01070565 0.15025050 
0.70134310 0.15192347 0.15543149 0.39817015 0.01057369 0.01505807 0.13521866 

----------
0.26714069 0.70144608 0.08951998 0.96877645 0.05682803 0.05682803 0.05682803 
0.60020487 0.26325699 -0.74205616 -0.57044433 -0.01248802 -0.01248802 -0.01248802 
0.70134310 0.15192347 0.15543149 0.39817015 0.01057369 0.01057369 0.01057369 

----------
0.62737536 0.38495483 0.59279928 0.32720132 0.09204981 0.18820352 0.05223460 
0.24715994 0.54385900 -0.45148112 -0.66287678 -0.09044461 -0.04032516 0.05225626 
0.84346508 -0.00005143 0.00008078 0.53727550 0.02074834 -0.04142466 0.05201145 

----------
iteration: 62120, probabilities: [0.000052 0.000012 0.999684 0.000093 0.000159], probability: 0.9996836185455322