-0.13689059 0.09303305 0.20470695 0.51950649 0.01130650 0.02218143 0.17711923 
-0.65059228 -0.14108948 -0.99995961 -0.29592593 0.03786067 0.06850467 0.12233310 
0.23245068 0.25311208 0.28994835 0.38804341 0.00446610 -0.01158997 0.14081137 

----------
-0.13689059 0.09303305 0.20470695 0.51950649 0.01130650 0.01130650 0.01130650 
-0.65059228 -0.14108948 -0.99995961 -0.29592593 0.03786067 0.03786067 0.03786067 
0.23245068 0.25311208 0.28994835 0.38804341 0.00446610 0.00446610 0.00446610 

----------
-0.09550760 -0.00009529 0.00107812 0.99558952 0.04485437 -0.10332734 0.05208323 
-0.56918691 -0.28425735 -0.64716599 -0.42015135 0.04061231 0.04847517 0.05225625 
0.56885612 0.28375766 0.64737264 0.42057969 -0.07046633 0.04688924 0.05225625 

----------
iteration: 62849, probabilities: [0.000049 0.000013 0.999709 0.000084 0.000146], probability: 0.99970942735672