-0.34013388 0.82581668 0.53307054 0.93804131 0.02960048 0.00093081 0.17355077 
-0.11606778 0.43021292 -0.84619011 0.47908598 0.06613002 -0.05243187 0.15379819 
0.51430225 -0.03975806 0.99122352 -0.45413834 -0.06437421 -0.04081343 0.15889806 

----------
-0.34013388 0.82581668 0.53307054 0.93804131 0.02960048 0.02960048 0.02960048 
-0.11606778 0.43021292 -0.84619011 0.47908598 0.06613002 0.06613002 0.06613002 
0.51430225 -0.03975806 0.99122352 -0.45413834 -0.06437421 -0.06437421 -0.06437421 

----------
0.05156249 0.43616457 0.55681926 0.70505228 0.04378449 0.01032087 0.05211689 
-0.50130148 0.20171073 -0.67783085 0.49876413 -0.02562389 0.12304057 0.05172690 
0.43550524 -0.10320653 0.69961659 -0.55708071 -0.07153799 -0.03957313 0.05186335 

----------
iteration: 62178, probabilities: [0.000079 0.000012 0.997613 0.001083 0.001213], probability: 0.9976134300231934