0.00663397 0.47451226 0.67661179 0.97759823 -0.00456150 0.04766412 0.18081666 
0.01534415 0.12907594 -0.89785814 -0.81812259 -0.02270898 -0.04394380 0.13166325 
0.99112855 -0.05415831 0.62308697 0.75463486 0.01093468 -0.07851934 0.14921628 

----------
0.00663397 0.47451226 0.67661179 0.97759823 -0.00456150 -0.00456150 -0.00456150 
0.01534415 0.12907594 -0.89785814 -0.81812259 -0.02270898 -0.02270898 -0.02270898 
0.99112855 -0.05415831 0.62308697 0.75463486 0.01093468 0.01093468 0.01093468 

----------
0.37552244 0.02717995 0.70633811 0.59957874 -0.06743458 0.11334159 0.05225720 
-0.12534074 0.23766662 -0.66565724 -0.69623961 -0.08259779 -0.08011976 0.05225624 
0.48333256 0.00023553 0.00041336 0.87559332 0.03819010 -0.07629817 0.05204525 

----------
iteration: 62442, probabilities: [0.000037 0.000012 0.999781 0.000055 0.000115], probability: 0.99978107213974