-0.11867210 0.66391115 0.95264051 0.47703197 -0.00566213 -0.00466402 0.15742598 
-0.16490242 -0.06284159 -0.98789174 0.13381897 0.01383121 -0.03005629 0.19134161 
0.53364040 -0.22362192 0.16426000 0.51303728 -0.01383962 0.03516792 0.14606572 

----------
-0.11867210 0.66391115 0.95264051 0.47703197 -0.00566213 -0.00566213 -0.00566213 
-0.16490242 -0.06284159 -0.98789174 0.13381897 0.01383121 0.01383121 0.01383121 
0.53364040 -0.22362192 0.16426000 0.51303728 -0.01383962 -0.01383962 -0.01383962 

----------
0.43010959 0.09331927 0.70069043 0.56174443 -0.17262861 0.01035375 0.05225626 
-0.00525546 -0.05548704 -0.99850918 -0.00010359 0.06967457 0.05938017 0.05228765 
0.73863834 -0.00006413 0.00007098 0.67428263 0.02919962 -0.12581093 0.05201145 

----------
iteration: 62097, probabilities: [0.000047 0.000012 0.999599 0.000144 0.000197], probability: 0.999599277973175