0.20947051 0.34144228 0.65044617 0.77620334 -0.05631001 0.01312654 0.17533375 
0.30155455 -0.21951221 -0.99925275 0.58071551 0.04782507 -0.05352449 0.16818359 
0.79331377 -0.00044250 0.63563779 -0.17424605 -0.09016487 -0.04993573 0.15696877 

----------
0.20947051 0.34144228 0.65044617 0.77620334 -0.05631001 -0.05631001 -0.05631001 
0.30155455 -0.21951221 -0.99925275 0.58071551 0.04782507 0.04782507 0.04782507 
0.79331377 -0.00044250 0.63563779 -0.17424605 -0.09016487 -0.09016487 -0.09016487 

----------
0.40966741 0.06814177 0.70352743 0.57675092 -0.08098035 0.00951707 0.05225625 
0.08096893 -0.41841989 -0.57014651 0.70249863 0.04339239 0.10932033 0.05187241 
0.69812157 0.00629243 0.00189951 -0.71641655 -0.17332291 -0.06935675 0.05243331 

----------
iteration: 62512, probabilities: [0.000057 0.000011 0.999503 0.000190 0.000239], probability: 0.9995033740997314