-0.22145290 0.02659827 0.17967713 0.98953783 0.02441170 -0.04113481 0.16435439 
-0.26881699 0.13238180 -0.60137232 0.34390390 -0.01819852 0.03471001 0.14423296 
0.32877356 0.26093840 0.85413657 -0.19384329 0.02958638 -0.03174347 0.17324059 

----------
-0.22145290 0.02659827 0.17967713 0.98953783 0.02441170 0.02441170 0.02441170 
-0.26881699 0.13238180 -0.60137232 0.34390390 -0.01819852 -0.01819852 -0.01819852 
0.32877356 0.26093840 0.85413657 -0.19384329 0.02958638 0.02958638 0.02958638 

----------
-0.23236837 -0.00009314 -0.00002218 0.97272396 0.08422955 -0.06081787 0.05201145 
-0.46606713 0.14138792 -0.69288632 0.53177201 -0.07961371 -0.00283765 0.05187241 
0.00166736 0.04910623 0.99893005 -0.00018181 0.05396479 0.05214062 0.05199585 

----------
iteration: 63161, probabilities: [0.000041 0.000013 0.999635 0.000125 0.000185], probability: 0.9996354579925537