0.84284177 -0.95333145 -0.19477405 0.09708165 0.02755554 -0.04394026 0.15890199 
0.02753805 0.69960664 -0.34857970 -0.94044728 -0.01925623 0.01462072 0.15993709 
-0.57618010 0.38870857 -0.19799999 -0.99961796 -0.01091489 -0.02140177 0.16697292 

----------
0.84284177 -0.95333145 -0.19477405 0.09708165 0.02755554 0.02755554 0.02755554 
0.02753805 0.69960664 -0.34857970 -0.94044728 -0.01925623 -0.01925623 -0.01925623 
-0.57618010 0.38870857 -0.19799999 -0.99961796 -0.01091489 -0.01091489 -0.01091489 

----------
0.65178120 -0.70207499 0.08474465 0.27420836 0.12201879 0.04941223 0.05187241 
0.62460379 0.00031710 0.00003918 -0.78128615 0.04894369 -0.09761243 0.05201710 
-0.67206015 0.00007202 -0.00006285 -0.74064926 -0.03273445 0.01372439 0.05201143 

----------
iteration: 63745, probabilities: [0.000042 0.000014 0.999542 0.000172 0.000230], probability: 0.9995416402816772