0.61601309 -0.99645303 0.08456440 0.54216165 -0.00979665 0.04919411 0.15663410 
0.62911303 -0.12246491 -0.63350138 -0.56746040 0.02374990 -0.06104923 0.15526006 
0.20899082 0.39299476 -0.41772248 -0.64313811 0.03458984 0.03869730 0.16893425 

----------
0.61601309 -0.99645303 0.08456440 0.54216165 -0.00979665 -0.00979665 -0.00979665 
0.62911303 -0.12246491 -0.63350138 -0.56746040 0.02374990 0.02374990 0.02374990 
0.20899082 0.39299476 -0.41772248 -0.64313811 0.03458984 0.03458984 0.03458984 

----------
0.60377001 -0.70610964 -0.03830858 0.36820262 -0.00772195 -0.09297333 0.05170471 
0.06333024 0.40532782 -0.57914283 -0.70466345 -0.12861615 0.01444858 0.05225385 
0.19178497 0.50485686 -0.49467184 -0.68093646 0.09063602 0.06659156 0.05225626 

----------
iteration: 64750, probabilities: [0.000051 0.000012 0.999497 0.000184 0.000256], probability: 0.9994974136352539