0.72446978 -0.84760561 0.07746137 0.05120019 -0.02233136 -0.01622186 0.15201201 
0.61960130 0.00395643 -0.98646871 -0.50111451 0.00184243 0.00662624 0.14856400 
0.06521780 0.40092653 0.14246183 -0.28915581 0.02031468 -0.00322455 0.14511156 

----------
0.72446978 -0.84760561 0.07746137 0.05120019 -0.02233136 -0.02233136 -0.02233136 
0.61960130 0.00395643 -0.98646871 -0.50111451 0.00184243 0.00184243 0.00184243 
0.06521780 0.40092653 0.14246183 -0.28915581 0.02031468 0.02031468 0.02031468 

----------
0.68149993 -0.68939853 0.15746905 0.18850282 -0.02062108 -0.08401106 0.05169341 
0.42261609 0.12681533 -0.69568372 -0.56693455 -0.04756178 0.03650180 0.05203513 
-0.61431333 -0.15153794 0.69044700 -0.35123663 0.22011806 -0.09489137 0.05208375 

----------
iteration: 64501, probabilities: [0.000036 0.000014 0.999696 0.000093 0.000161], probability: 0.9996964931488037