0.20763033 -0.35204719 -0.20966492 0.17255565 0.02921259 0.01653039 0.15540819 
-0.04298249 0.04629167 -0.69521921 -0.64705662 -0.00240827 0.00978739 0.15561773 
0.74178897 0.93352691 -0.02728165 -0.90694021 0.04891646 -0.00939629 0.18956984 

----------
0.20763033 -0.35204719 -0.20966492 0.17255565 0.02921259 0.02921259 0.02921259 
-0.04298249 0.04629167 -0.69521921 -0.64705662 -0.00240827 -0.00240827 -0.00240827 
0.74178897 0.93352691 -0.02728165 -0.90694021 0.04891646 0.04891646 0.04891646 

----------
0.87928467 -0.01001048 0.09868574 -0.46696303 0.16396081 0.00272355 0.06035353 
-0.14069821 0.22289903 -0.67075202 -0.69330454 -0.06893345 -0.01403456 0.05225624 
0.56365622 0.70106799 -0.09004512 -0.42752962 0.07013865 0.09092746 0.05225586 

----------
iteration: 64373, probabilities: [0.000401 0.000070 0.485443 0.467299 0.046787], probability: 0.4854434132575989