0.47705225 -0.36242608 -0.37946124 -0.76026758 0.05860241 0.02885213 0.15355027 
0.33910790 -0.52968329 -0.52444863 -0.56665999 0.04119302 -0.03883598 0.16255610 
-0.00653045 0.32984884 -0.10374865 -0.23025059 -0.00299661 -0.01252520 0.15328338 

----------
0.47705225 -0.36242608 -0.37946124 -0.76026758 0.05860241 0.05860241 0.05860241 
0.33910790 -0.52968329 -0.52444863 -0.56665999 0.04119302 0.04119302 0.04119302 
-0.00653045 0.32984884 -0.10374865 -0.23025059 -0.00299661 -0.00299661 -0.00299661 

----------
0.39891450 -0.56945347 -0.41825922 -0.58456148 0.08040350 0.14663136 0.05178250 
0.15452326 -0.49223350 -0.50750352 -0.69016698 0.07113838 -0.03129038 0.05188331 
0.31290902 0.63605120 -0.39787581 -0.58252125 -0.01542548 0.06060560 0.05804671 

----------
iteration: 64074, probabilities: [0.000072 0.000020 0.999626 0.000104 0.000179], probability: 0.9996256828308105