0.80761662 0.07488746 -0.43801557 -0.86913003 -0.02979806 0.07854524 0.15865046 
0.56038580 -0.22676642 0.23844084 -0.90691144 0.00967286 0.04634629 0.15786903 
-0.39663829 0.82545144 0.02952580 -0.99437579 -0.00272752 -0.00772876 0.17850554 

----------
0.80761662 0.07488746 -0.43801557 -0.86913003 -0.02979806 -0.02979806 -0.02979806 
0.56038580 -0.22676642 0.23844084 -0.90691144 0.00967286 0.00967286 0.00967286 
-0.39663829 0.82545144 0.02952580 -0.99437579 -0.00272752 -0.00272752 -0.00272752 

----------
0.79079507 0.00006330 0.00007217 -0.61223120 -0.03843575 -0.11307042 0.05201150 
0.79785939 0.00005755 0.00007672 -0.60299108 0.03753911 -0.00889989 0.05201145 
-0.38514050 0.62023411 0.33969570 -0.59311114 -0.06746918 0.01489560 0.05170128 

----------
iteration: 65522, probabilities: [0.000033 0.000011 0.999708 0.000090 0.000157], probability: 0.9997079968452454