0.76746884 -0.43380963 -0.26018104 0.13055885 -0.07054568 0.00829022 0.14212908 
0.36434200 -0.01245023 -0.74221372 -0.68166373 -0.00175422 0.03981018 0.18040971 
0.54839885 0.54954412 -0.26914320 -0.97097418 -0.01514652 0.01122374 0.15747839 

----------
0.76746884 -0.43380963 -0.26018104 0.13055885 -0.07054568 -0.07054568 -0.07054568 
0.36434200 -0.01245023 -0.74221372 -0.68166373 -0.00175422 -0.00175422 -0.00175422 
0.54839885 0.54954412 -0.26914320 -0.97097418 -0.01514652 -0.01514652 -0.01514652 

----------
0.69039251 -0.62767005 -0.32477408 0.15478632 -0.12834110 -0.06861621 0.05193584 
-0.01152443 0.32590085 -0.62723058 -0.70733812 0.01560965 -0.07304098 0.05222190 
0.31306924 0.58544482 -0.39630106 -0.63427290 -0.06509488 0.06442022 0.05224830 

----------
iteration: 65579, probabilities: [0.000042 0.000010 0.999551 0.000168 0.000228], probability: 0.9995513558387756