0.78266283 -0.76171394 -0.30632430 0.41873261 0.04722993 0.01408540 0.16871857 
0.96070415 -0.10418577 -0.74681408 -0.98622571 -0.05683403 -0.03314171 0.14756446 
-0.04990409 0.71035316 -0.06111876 -0.77082053 -0.00410542 0.05015514 0.14489324 

----------
0.78266283 -0.76171394 -0.30632430 0.41873261 0.04722993 0.04722993 0.04722993 
0.96070415 -0.10418577 -0.74681408 -0.98622571 -0.05683403 -0.05683403 -0.05683403 
-0.04990409 0.71035316 -0.06111876 -0.77082053 -0.00410542 -0.00410542 -0.00410542 

----------
0.54153790 -0.69571857 -0.12664074 0.45466137 0.05607411 0.11835281 0.05187241 
0.08865373 0.42592851 -0.56415226 -0.70192523 -0.17188424 -0.11011422 0.05225626 
-0.37876586 0.61636320 0.34675015 -0.59739098 0.01066553 -0.12049756 0.05170875 

----------
iteration: 66317, probabilities: [0.000038 0.000011 0.999509 0.000194 0.000247], probability: 0.9995094537734985