0.41913597 -0.62359554 -0.24787085 0.28715602 -0.00461200 0.01177607 0.16862589 
0.26601587 -0.29210798 -0.99131099 -0.18380383 0.04573928 -0.01530314 0.13659270 
0.46003180 0.14373761 -0.56180069 -0.96949484 -0.08871994 -0.01147149 0.14618430 

----------
0.41913597 -0.62359554 -0.24787085 0.28715602 -0.00461200 -0.00461200 -0.00461200 
0.26601587 -0.29210798 -0.99131099 -0.18380383 0.04573928 0.04573928 0.04573928 
0.46003180 0.14373761 -0.56180069 -0.96949484 -0.08871994 -0.08871994 -0.08871994 

----------
0.45002074 -0.66118960 -0.25083396 0.54542530 -0.03289335 0.01738304 0.05187241 
0.00034970 -0.12668998 -0.99211112 -0.00038305 0.08873304 0.09231475 0.05200379 
0.06107053 0.40346984 -0.58038533 -0.70482677 -0.15484601 -0.10471414 0.05225625 

----------
iteration: 66720, probabilities: [0.000048 0.000011 0.999402 0.000238 0.000301], probability: 0.9994024038314819