0.99237874 -0.45213738 -0.29543154 -0.08932419 -0.03554220 0.02000066 0.15625714 
0.99937679 -0.28455779 -0.14657862 -0.42071055 -0.02947208 -0.00816741 0.17248163 
-0.09355351 0.61592411 -0.46338229 0.01146829 0.00352282 -0.03532012 0.14532979 

----------
0.99237874 -0.45213738 -0.29543154 -0.08932419 -0.03554220 -0.03554220 -0.03554220 
0.99937679 -0.28455779 -0.14657862 -0.42071055 -0.02947208 -0.02947208 -0.02947208 
-0.09355351 0.61592411 -0.46338229 0.01146829 0.00352282 0.00352282 0.00352282 

----------
0.70553329 -0.63784758 0.30537516 0.04839626 0.06260214 -0.08826735 0.05184881 
0.99527276 0.00000961 0.00009525 -0.09804788 -0.07268398 0.00699886 0.05201145 
-0.00011873 0.90092437 -0.43411232 -0.00044755 0.05625260 0.04199684 0.05195690 

----------
iteration: 66126, probabilities: [0.000042 0.000013 0.999689 0.000096 0.000160], probability: 0.9996891021728516