0.75708651 -0.77667158 -0.64263226 0.03843838 -0.03685432 0.04166137 0.14812298 
0.17520359 0.10186748 -0.91094488 -0.12666136 -0.05572156 -0.00651099 0.15588706 
0.06993761 0.62467002 -0.43972650 -0.68135385 0.00083883 0.00582849 0.19648281 

----------
0.75708651 -0.77667158 -0.64263226 0.03843838 -0.03685432 -0.03685432 -0.03685432 
0.17520359 0.10186748 -0.91094488 -0.12666136 -0.05572156 -0.05572156 -0.05572156 
0.06993761 0.62467002 -0.43972650 -0.68135385 0.00083883 0.00083883 0.00083883 

----------
0.70480677 -0.64004915 -0.29906233 0.06540803 -0.05010790 0.01212988 0.05214084 
-0.45147096 0.13967937 -0.69323940 0.54438702 -0.17119163 -0.05023309 0.05170403 
0.28402527 0.39265438 -0.58782234 -0.64789994 0.09334524 0.06921856 0.05161394 

----------
iteration: 67294, probabilities: [0.000040 0.000012 0.999757 0.000066 0.000125], probability: 0.9997566342353821