-0.42914866 -0.00527969 -0.98545028 -0.37684609 0.03630590 0.01238872 0.16810367 
0.30010238 -0.99997587 -0.16176180 0.18773137 0.05238666 -0.02705921 0.16994320 
0.60169007 0.00632916 0.99947386 -0.72422955 -0.04495148 -0.03201463 0.15701277 

----------
-0.42914866 -0.00527969 -0.98545028 -0.37684609 0.03630590 0.03630590 0.03630590 
0.30010238 -0.99997587 -0.16176180 0.18773137 0.05238666 0.05238666 0.05238666 
0.60169007 0.00632916 0.99947386 -0.72422955 -0.04495148 -0.04495148 -0.04495148 

----------
-0.38172306 -0.03454864 -0.70596860 -0.59560712 0.00329916 0.06844745 0.05225625 
0.47492150 -0.67150790 -0.22188703 0.52389424 0.15313332 -0.02931885 0.05185086 
0.40003792 -0.05843513 0.70470051 -0.58311302 -0.04553608 -0.04838359 0.05188582 

----------
iteration: 68312, probabilities: [0.000050 0.000012 0.999026 0.000375 0.000537], probability: 0.9990257024765015