-0.06717435 -0.62189021 -0.51939854 0.27737336 -0.04337223 0.01918494 0.15903404 
0.09841834 -0.78197754 -0.24365697 0.89145128 0.02433625 -0.00580412 0.16695651 
0.45045277 0.59316409 0.97494675 -0.23588006 -0.02234482 -0.01700084 0.18904833 

----------
-0.06717435 -0.62189021 -0.51939854 0.27737336 -0.04337223 -0.04337223 -0.04337223 
0.09841834 -0.78197754 -0.24365697 0.89145128 0.02433625 0.02433625 0.02433625 
0.45045277 0.59316409 0.97494675 -0.23588006 -0.02234482 -0.02234482 -0.02234482 

----------
-0.00251622 -0.62499366 -0.78084742 0.00080070 -0.11624831 -0.05593445 0.05211169 
0.40618298 -0.63968368 -0.30161712 0.57887954 0.02438138 0.01565937 0.05187241 
0.00102668 0.08006370 0.99693228 -0.00014481 0.05936913 -0.12163786 0.05195168 

----------
iteration: 68187, probabilities: [0.000034 0.000014 0.999756 0.000064 0.000133], probability: 0.9997557997703552