0.57685827 0.06441343 -0.53839097 -0.85216286 0.07421622 -0.02334624 0.15819562 
0.27428337 -0.93455950 0.00550069 0.71149530 0.05870952 -0.02814553 0.17776151 
0.52904401 0.40125119 0.47285563 -0.44934432 0.06953343 -0.00038922 0.17693765 

----------
0.57685827 0.06441343 -0.53839097 -0.85216286 0.07421622 0.07421622 0.07421622 
0.27428337 -0.93455950 0.00550069 0.71149530 0.05870952 0.05870952 0.05870952 
0.52904401 0.40125119 0.47285563 -0.44934432 0.06953343 0.06953343 0.06953343 

----------
0.26004520 0.55259266 -0.44076498 -0.65793858 0.08730432 0.07700651 0.05225628 
0.47772910 -0.63887237 -0.30329209 0.52161402 0.03653093 -0.08577875 0.05213477 
0.63479098 0.70580846 0.04281236 -0.31235592 -0.06735037 0.13029872 0.05227009 

----------
iteration: 68966, probabilities: [0.000065 0.000015 0.999590 0.000119 0.000211], probability: 0.9995898604393005