0.46391628 -0.09755166 -0.54027006 -0.59976911 0.01404071 0.00117743 0.15373858 
0.40089500 -0.92409678 0.12322590 0.90956156 0.02512235 0.00134673 0.13942264 
0.41734183 0.65031719 0.95203135 -0.29790159 0.05966121 0.01164833 0.15008896 

----------
0.46391628 -0.09755166 -0.54027006 -0.59976911 0.01404071 0.01404071 0.01404071 
0.40089500 -0.92409678 0.12322590 0.90956156 0.02512235 0.02512235 0.02512235 
0.41734183 0.65031719 0.95203135 -0.29790159 0.05966121 0.05966121 0.05966121 

----------
0.16181874 0.48276820 -0.51633256 -0.68873390 -0.01048242 -0.08360888 0.05225624 
0.50347338 -0.68281192 -0.18424989 0.49671316 -0.09131722 -0.00226286 0.05184929 
-0.26389672 0.54336546 0.45270385 -0.65620107 0.17131979 0.09386070 0.05170226 

----------
iteration: 69410, probabilities: [0.000049 0.000012 0.999645 0.000113 0.000181], probability: 0.9996445178985596