-0.02831458 -0.19872562 -0.57167138 -0.12936010 0.02637423 0.02049459 0.15551476 
0.53886026 -0.66782464 0.42742602 0.98482736 -0.02405451 -0.04807237 0.13708301 
-0.00222198 0.34962219 0.87788955 -0.39114790 0.00687178 -0.01358862 0.14058695 

----------
-0.02831458 -0.19872562 -0.57167138 -0.12936010 0.02637423 0.02637423 0.02637423 
0.53886026 -0.66782464 0.42742602 0.98482736 -0.02405451 -0.02405451 -0.02405451 
-0.00222198 0.34962219 0.87788955 -0.39114790 0.00687178 0.00687178 0.00687178 

----------
-0.00084025 -0.24141288 -0.97052718 -0.00000719 0.03633892 0.11555242 0.05194980 
0.53985436 -0.00008059 0.00005224 0.84204168 -0.02300843 -0.10637525 0.05201146 
0.21379392 0.14825695 0.69147813 -0.67404172 0.04987376 0.00420745 0.05187240 

----------
iteration: 69424, probabilities: [0.000041 0.000013 0.999756 0.000065 0.000125], probability: 0.9997555613517761