0.47336439 0.51161567 -0.90339404 0.03956769 0.01130249 0.00841913 0.17475184 
0.34242605 -0.79342027 -0.11933944 0.28834158 -0.09989518 -0.09039747 0.15593101 
0.49477081 0.88706198 0.98105360 -0.33702051 -0.05284066 -0.02339099 0.15676448 

----------
0.47336439 0.51161567 -0.90339404 0.03956769 0.01130249 0.01130249 0.01130249 
0.34242605 -0.79342027 -0.11933944 0.28834158 -0.09989518 -0.09989518 -0.09989518 
0.49477081 0.88706198 0.98105360 -0.33702051 -0.05284066 -0.05284066 -0.05284066 

----------
0.61815962 -0.36668321 0.60489616 -0.34373339 0.32774223 0.07062500 0.05187241 
0.50736826 -0.68480946 -0.17645302 0.49252148 -0.10974691 -0.17780268 0.05187176 
0.10548373 0.67304190 0.72092322 -0.12758454 -0.06879723 -0.06596732 0.06513337 

----------
iteration: 69993, probabilities: [0.000035 0.000015 0.999741 0.000069 0.000140], probability: 0.9997407793998718