-0.55874274 -0.46294136 0.26419727 -0.98112231 0.00294970 0.09179218 0.14476422 
0.99907394 0.37710404 -0.69780031 0.72524474 0.06383163 -0.01198271 0.16927703 
0.88247827 -0.42103301 -0.87029122 0.56464827 0.03039791 -0.02755786 0.16057746 

----------
-0.55874274 -0.46294136 0.26419727 -0.98112231 0.00294970 0.00294970 0.00294970 
0.99907394 0.37710404 -0.69780031 0.72524474 0.06383163 0.06383163 0.06383163 
0.88247827 -0.42103301 -0.87029122 0.56464827 0.03039791 0.03039791 0.03039791 

----------
-0.36722197 0.61841621 0.34323853 -0.60441606 -0.13610406 -0.00134797 0.05187009 
0.53550217 0.69417318 -0.13386999 -0.46233313 0.16861632 -0.05582114 0.05227469 
0.31969718 -0.59024873 -0.38952081 0.63073907 -0.02400219 0.14516796 0.05187241 

----------
iteration: 70594, probabilities: [0.000078 0.000011 0.997482 0.000979 0.001451], probability: 0.9974823594093323