-0.12688338 -0.08219187 0.11759063 -0.87641340 0.01096385 -0.03427881 0.13459405 
0.03185208 -0.55247758 -0.02436807 0.66720385 0.06459441 0.03750092 0.16804897 
0.99327503 -0.99923721 0.42012965 0.50684088 -0.03602616 0.01280678 0.14271349 

----------
-0.12688338 -0.08219187 0.11759063 -0.87641340 0.01096385 0.01096385 0.01096385 
0.03185208 -0.55247758 -0.02436807 0.66720385 0.06459441 0.06459441 0.06459441 
0.99327503 -0.99923721 0.42012965 0.50684088 -0.03602616 -0.03602616 -0.03602616 

----------
-0.10099982 0.00009525 -0.00000973 -0.99496870 -0.03840872 0.06988315 0.05201145 
0.28700656 -0.56378036 -0.42707735 0.64639865 0.09769273 -0.01673701 0.05177377 
0.67612291 -0.69003306 0.15499600 0.20721578 -0.05412546 -0.07730576 0.05187203 

----------
iteration: 70936, probabilities: [0.000053 0.000011 0.998894 0.000453 0.000590], probability: 0.998893678188324