-0.53322728 -0.33510452 0.40448318 -0.84328103 -0.02411611 -0.01070533 0.15241921 
0.21322007 -0.19863325 -0.70460200 -0.48680218 0.00092917 -0.07953772 0.14540254 
0.98296042 -0.58328558 -0.30399074 0.52840238 -0.01624493 0.01428533 0.18300618 

----------
-0.53322728 -0.33510452 0.40448318 -0.84328103 -0.02411611 -0.02411611 -0.02411611 
0.21322007 -0.19863325 -0.70460200 -0.48680218 0.00092917 0.00092917 0.00092917 
0.98296042 -0.58328558 -0.30399074 0.52840238 -0.01624493 -0.01624493 -0.01624493 

----------
0.13875651 0.20679171 0.67632647 -0.69346013 -0.17002626 -0.09778528 0.05169660 
-0.14349314 0.22018459 -0.67169114 -0.69277859 -0.09625877 0.05099058 0.05225525 
0.52140391 -0.68961740 -0.15658947 0.47764469 0.05922065 -0.00941306 0.05187209 

----------
iteration: 71619, probabilities: [0.000047 0.000011 0.999618 0.000135 0.000190], probability: 0.9996175765991211