-0.21649150 0.04526457 0.26996561 -0.96768111 -0.05797337 -0.00108087 0.18012696 
0.99985875 -0.53953897 -0.99356401 0.38844376 0.03958525 0.01505875 0.13641424 
0.64866783 0.16233430 -0.40329166 0.55007055 0.01442240 0.02446457 0.15459357 

----------
-0.21649150 0.04526457 0.26996561 -0.96768111 -0.05797337 -0.05797337 -0.05797337 
0.99985875 -0.53953897 -0.99356401 0.38844376 0.03958525 0.03958525 0.03958525 
0.64866783 0.16233430 -0.40329166 0.55007055 0.01442240 0.01442240 0.01442240 

----------
-0.20887440 0.00009360 -0.00002009 -0.97803340 -0.08702056 -0.01625027 0.05201145 
0.41321759 -0.64330760 -0.29376380 0.57385375 0.06741329 0.15597550 0.05187215 
0.13890477 0.00054757 0.00294687 0.99047103 0.02066229 0.04540101 0.05221151 

----------
iteration: 71508, probabilities: [0.000067 0.000011 0.998678 0.000447 0.000797], probability: 0.9986781477928162