0.06447462 -0.72638227 0.37731277 -0.88359385 0.00225226 0.05116091 0.14177524 
0.67210566 -0.08495517 -0.22485314 0.30935466 0.01305557 0.05138883 0.18286675 
0.45383936 -0.99929452 -0.41484258 0.43245736 0.00324530 0.02322952 0.14478372 

----------
0.06447462 -0.72638227 0.37731277 -0.88359385 0.00225226 0.00225226 0.00225226 
0.67210566 -0.08495517 -0.22485314 0.30935466 0.01305557 0.01305557 0.01305557 
0.45383936 -0.99929452 -0.41484258 0.43245736 0.00324530 0.00324530 0.00324530 

----------
0.52324367 -0.21817836 0.67246390 -0.47605009 -0.09312914 -0.09034688 0.05189629 
0.90992319 -0.00003707 0.00008475 0.41505331 0.05352676 0.08781194 0.05201133 
0.44292255 -0.65789846 -0.25934163 0.55124825 0.09841677 -0.05744327 0.05187763 

----------
iteration: 72457, probabilities: [0.000045 0.000012 0.999022 0.000397 0.000524], probability: 0.9990222454071045