-0.07143730 -0.16774207 0.26601660 -0.50894888 -0.04669590 0.06930047 0.15662066 
0.31921271 0.07479813 -0.99923551 0.18681678 0.02161421 0.03095557 0.14121900 
0.27535831 -0.19010072 0.04559051 0.12760569 0.01249250 0.00150912 0.17936770 

----------
-0.07143730 -0.16774207 0.26601660 -0.50894888 -0.04669590 -0.04669590 -0.04669590 
0.31921271 0.07479813 -0.99923551 0.18681678 0.02161421 0.02161421 0.02161421 
0.27535831 -0.19010072 0.04559051 0.12760569 0.01249250 0.01249250 0.01249250 

----------
0.29200243 0.04800006 0.70551371 -0.64412967 -0.16772899 -0.12159502 0.05170125 
0.21315094 0.08040572 -0.97257328 0.04715700 0.09452164 0.06299491 0.06743867 
0.67677462 -0.70741214 0.00260481 0.20401104 -0.02852586 -0.00488921 0.05205326 

----------
iteration: 72411, probabilities: [0.000035 0.000012 0.999721 0.000085 0.000147], probability: 0.9997207522392273