-0.11396772 -0.04039368 0.15129439 -0.71159563 -0.02125942 0.05906078 0.14741700 
0.19468354 -0.21103792 -0.03728786 0.20410150 -0.07586668 -0.01532800 0.13656352 
0.99837050 0.14965504 0.23707855 0.52044727 0.03260784 0.00086893 0.15768806 

----------
-0.11396772 -0.04039368 0.15129439 -0.71159563 -0.02125942 -0.02125942 -0.02125942 
0.19468354 -0.21103792 -0.03728786 0.20410150 -0.07586668 -0.07586668 -0.07586668 
0.99837050 0.14965504 0.23707855 0.52044727 0.03260784 0.03260784 0.03260784 

----------
-0.20971245 0.00000527 -0.00021633 -0.97781777 0.00224316 -0.01645466 0.05201474 
0.51411460 -0.68707646 -0.16727455 0.48546300 -0.13626924 -0.09993807 0.05186826 
0.92037657 -0.00006413 0.00013447 0.39119002 0.02287044 0.08807175 0.05201373 

----------
iteration: 72355, probabilities: [0.000037 0.000012 0.999703 0.000095 0.000153], probability: 0.9997029900550842