-0.79587372 -0.45331921 0.58579900 -0.76879094 0.07092335 -0.02303170 0.14464625 
0.99832057 -0.52069569 -0.21408851 -0.07675003 0.05708033 0.00798028 0.15808616 
0.67970966 0.38158874 -0.41770749 0.15242639 -0.03539286 -0.01426243 0.17273894 

----------
-0.79587372 -0.45331921 0.58579900 -0.76879094 0.07092335 0.07092335 0.07092335 
0.99832057 -0.52069569 -0.21408851 -0.07675003 0.05708033 0.05708033 0.05708033 
0.67970966 0.38158874 -0.41770749 0.15242639 -0.03539286 -0.03539286 -0.03539286 

----------
-0.60700478 0.00004886 0.00001504 -0.79507292 0.07395687 0.19529389 0.05201033 
0.55935821 -0.70029770 -0.09870250 0.43264930 0.10769663 0.06195568 0.05187171 
0.60405708 0.70663266 -0.01874679 -0.36833737 0.01400044 -0.09310770 0.05225626 

----------
iteration: 73180, probabilities: [0.000068 0.000022 0.999613 0.000119 0.000178], probability: 0.9996128678321838