-0.72259154 -0.58184447 -0.01377523 0.00949386 -0.00239449 0.02297461 0.17120690 
0.55825534 -0.71053576 -0.27333138 0.19884317 -0.05287522 0.01912925 0.19009932 
0.50740343 -0.86988714 -0.31647183 0.19297173 -0.00651202 0.00706630 0.14173279 

----------
-0.72259154 -0.58184447 -0.01377523 0.00949386 -0.00239449 -0.00239449 -0.00239449 
0.55825534 -0.71053576 -0.27333138 0.19884317 -0.05287522 -0.05287522 -0.05287522 
0.50740343 -0.86988714 -0.31647183 0.19297173 -0.00651202 -0.00651202 -0.00651202 

----------
-0.68327626 -0.68324960 -0.18099603 0.18329904 0.04222005 -0.02828601 0.05225626 
0.58684552 -0.70504972 -0.05418203 0.39457058 -0.02116520 -0.15249860 0.05185051 
0.58185785 -0.70452065 -0.06140856 0.40183077 0.01629009 0.11402584 0.05186645 

----------
iteration: 73767, probabilities: [0.000040 0.000013 0.999554 0.000164 0.000229], probability: 0.9995543360710144