0.27501635 -0.53149063 0.50480983 -0.72008492 0.03114091 -0.02470963 0.16783336 
-0.11094715 -0.19438440 -0.36373272 0.14912480 0.02670456 -0.04869513 0.17498265 
0.92847100 0.21105315 0.46554808 0.86346937 -0.07362801 0.01017202 0.14187197 

----------
0.27501635 -0.53149063 0.50480983 -0.72008492 0.03114091 0.03114091 0.03114091 
-0.11094715 -0.19438440 -0.36373272 0.14912480 0.02670456 0.02670456 0.02670456 
0.92847100 0.21105315 0.46554808 0.86346937 -0.07362801 -0.07362801 -0.07362801 

----------
0.42793344 -0.09389320 0.70091928 -0.56291308 -0.01136188 0.05599657 0.05186150 
-0.43177817 0.09837226 -0.70036415 0.56003536 0.05610225 -0.02439017 0.05186373 
0.79720679 0.00029975 0.00024610 0.60391983 -0.14070954 -0.09117795 0.05202746 

----------
iteration: 74094, probabilities: [0.000035 0.000012 0.999736 0.000078 0.000139], probability: 0.9997356534004211