-0.05694820 -0.51405001 0.74397387 -0.79187448 0.03881155 0.06195192 0.15419534 
0.43659993 -0.09455398 -0.71251365 0.09516415 -0.02026595 -0.00550740 0.15472925 
0.99424431 -0.36817443 0.27838314 0.84849735 0.09638823 0.04380947 0.16203991 

----------
-0.05694820 -0.51405001 0.74397387 -0.79187448 0.03881155 0.03881155 0.03881155 
0.43659993 -0.09455398 -0.71251365 0.09516415 -0.02026595 -0.02026595 -0.02026595 
0.99424431 -0.36817443 0.27838314 0.84849735 0.09638823 0.09638823 0.09638823 

----------
0.26441439 0.09353072 0.70106623 -0.65584113 -0.03166621 0.03444118 0.05185495 
0.53950472 0.69522704 -0.12838097 -0.45772097 0.03237725 -0.14149340 0.05225384 
0.74259355 -0.00006409 0.00007113 0.66986044 0.14373282 0.07503456 0.05201145 

----------
iteration: 75433, probabilities: [0.000044 0.000014 0.999475 0.000198 0.000269], probability: 0.9994750618934631