-0.36255808 -0.81285113 0.87621680 -0.47402995 -0.02571401 0.01243603 0.15970073 
0.71584393 -0.81105715 -0.91813355 0.55072579 0.00241185 -0.00217161 0.13945076 
0.76541389 -0.58837558 -0.07043685 0.37654471 -0.01787769 -0.02181855 0.17955852 

----------
-0.36255808 -0.81285113 0.87621680 -0.47402995 -0.02571401 -0.02571401 -0.02571401 
0.71584393 -0.81105715 -0.91813355 0.55072579 0.00241185 0.00241185 0.00241185 
0.76541389 -0.58837558 -0.07043685 0.37654471 -0.01787769 -0.01787769 -0.01787769 

----------
-0.49336203 -0.67204753 0.21661640 -0.50809941 0.02834796 -0.04450176 0.05226266 
0.38844200 -0.63017598 -0.32089987 0.59090011 0.07754646 0.07493711 0.05187133 
0.60755597 -0.70703455 -0.01322066 0.36175421 -0.09189913 0.04383445 0.05187239 

----------
iteration: 75334, probabilities: [0.000053 0.000013 0.999669 0.000099 0.000167], probability: 0.9996685981750488