-0.70908270 -0.32675372 0.46114592 -0.81761040 0.03374758 -0.05838306 0.16958086 
0.70781884 -0.39984550 -0.93293228 0.19873370 0.05625867 0.00384024 0.16673395 
0.75199433 -0.45480055 -0.49941668 0.02525553 -0.09230372 -0.02073976 0.18072888 

----------
-0.70908270 -0.32675372 0.46114592 -0.81761040 0.03374758 0.03374758 0.03374758 
0.70781884 -0.39984550 -0.93293228 0.19873370 0.05625867 0.05625867 0.05625867 
0.75199433 -0.45480055 -0.49941668 0.02525553 -0.09230372 -0.09230372 -0.09230372 

----------
-0.70333644 -0.64807702 -0.28278640 0.07552248 0.16169157 -0.01964684 0.05225297 
0.44752389 -0.66007782 -0.25392494 0.54755896 0.10891669 0.19294665 0.05187240 
0.54700732 -0.69722244 -0.11829654 0.44811341 -0.05791678 -0.04847956 0.05187066 

----------
iteration: 75092, probabilities: [0.000057 0.000015 0.999237 0.000274 0.000416], probability: 0.9992372989654541