-0.31378065 -0.86588738 0.74487685 -0.91967013 0.03633331 0.00360778 0.16843954 
0.72928933 -0.60364443 -0.58231460 0.58448971 0.01496843 -0.00180545 0.16000910 
0.60075823 0.69040641 0.08784294 0.61874311 0.04630789 -0.00712213 0.16497536 

----------
-0.31378065 -0.86588738 0.74487685 -0.91967013 0.03633331 0.03633331 0.03633331 
0.72928933 -0.60364443 -0.58231460 0.58448971 0.01496843 0.01496843 0.01496843 
0.60075823 0.69040641 0.08784294 0.61874311 0.04630789 0.04630789 0.04630789 

----------
0.34165032 -0.00326765 0.70726034 -0.61917260 -0.11778610 0.04246911 0.05173641 
0.38727272 -0.62952922 -0.32216264 0.59160999 0.01717175 -0.02987487 0.05187116 
0.69226479 0.52729416 0.47075584 0.14593049 0.16058128 0.12367026 0.05225623 

----------
iteration: 76382, probabilities: [0.000073 0.000011 0.997381 0.001014 0.001520], probability: 0.9973809123039246