0.26929792 -0.55912732 0.46651871 -0.75720545 0.03101522 0.03201137 0.13585361 
0.58955942 -0.41834950 -0.40114262 0.18376485 -0.03494736 -0.00721796 0.15695007 
0.05448365 0.07397033 0.51857818 0.54999854 -0.01740840 0.05454023 0.16140472 

----------
0.26929792 -0.55912732 0.46651871 -0.75720545 0.03101522 0.03101522 0.03101522 
0.58955942 -0.41834950 -0.40114262 0.18376485 -0.03494736 -0.03494736 -0.03494736 
0.05448365 0.07397033 0.51857818 0.54999854 -0.01740840 -0.01740840 -0.01740840 

----------
0.13676871 -0.49405433 0.50297517 -0.69587016 0.03359092 0.10058396 0.05230635 
0.61651548 -0.59571578 -0.38185155 0.34532144 -0.09412483 -0.06964127 0.05113971 
0.15564692 0.08785981 0.70121333 0.69019251 0.04656085 -0.03357116 0.05114938 

----------
iteration: 76608, probabilities: [0.000050 0.000012 0.999359 0.000249 0.000330], probability: 0.9993587136268616