0.01247762 0.02128849 0.35686179 -0.61518673 -0.04479852 -0.02739267 0.17305476 
0.87784517 -0.08146214 -0.31896414 0.03133698 -0.01787004 0.00139175 0.15654667 
0.72778494 -0.27262110 -0.58843121 0.89917030 -0.00391105 -0.00999975 0.15206037 

----------
0.01247762 0.02128849 0.35686179 -0.61518673 -0.04479852 -0.04479852 -0.04479852 
0.87784517 -0.08146214 -0.31896414 0.03133698 -0.01787004 -0.01787004 -0.01787004 
0.72778494 -0.27262110 -0.58843121 0.89917030 -0.00391105 -0.00391105 -0.00391105 

----------
0.13753932 0.22419549 0.67069298 -0.69360917 -0.12507517 -0.10077737 0.05187241 
0.99792483 -0.00055831 -0.00051389 -0.06741935 0.08896812 -0.06116026 0.05207951 
0.20955691 -0.51668312 -0.48286451 0.67536947 -0.06178152 0.08606983 0.05187243 

----------
iteration: 76091, probabilities: [0.000041 0.000011 0.999353 0.000273 0.000322], probability: 0.999352753162384