-0.21722250 -0.58966388 0.38057475 -0.60474078 0.07657265 0.04103123 0.16445018 
0.84077677 0.44658911 0.01724233 0.21334130 -0.06056830 -0.04819763 0.10706027 
0.68535428 -0.17853482 -0.66871217 -0.01180435 0.07353079 -0.03239002 0.14082754 

----------
-0.21722250 -0.58966388 0.38057475 -0.60474078 0.07657265 0.07657265 0.07657265 
0.84077677 0.44658911 0.01724233 0.21334130 -0.06056830 -0.06056830 -0.06056830 
0.68535428 -0.17853482 -0.66871217 -0.01180435 0.07353079 0.07353079 0.07353079 

----------
-0.25713322 -0.64249151 0.29507813 -0.65884516 0.04315462 0.13978082 0.05146837 
0.70276192 0.64949631 0.27891424 -0.08148371 -0.01281443 -0.08531551 0.05225625 
0.54972665 -0.69798394 -0.11397643 0.44486996 0.16686330 0.10757121 0.05187734 

----------
iteration: 54, probabilities: [0.000001 0.000057 0.999906 0.000024 0.000012], probability: 0.9999059438705444