-0.06276964 -0.44073392 0.18449612 -0.40799201 0.04707831 0.04178916 0.16429982 
0.68988633 0.46702279 -0.03496413 0.02251567 -0.06299711 -0.05066911 0.11337809 
0.65253628 -0.19692759 -0.44508172 0.11126025 0.06194888 -0.03591548 0.13343206 

----------
-0.06276964 -0.44073392 0.18449612 -0.40799201 0.04707831 0.04707831 0.04707831 
0.68988633 0.46702279 -0.03496413 0.02251567 -0.06299711 -0.06299711 -0.06299711 
0.65253628 -0.19692759 -0.44508172 0.11126025 0.06194888 0.06194888 0.06194888 

----------
0.14100414 -0.48528772 0.51153234 -0.69500638 -0.03966077 0.03955247 0.05221566 
0.68025629 0.68638070 0.16900704 -0.19412057 -0.03367382 -0.09099466 0.05225752 
0.45064205 -0.66057658 -0.25254801 0.54500693 0.12934181 0.12456828 0.05184697 

----------
iteration: 424, probabilities: [0.000002 0.000031 0.999887 0.000056 0.000024], probability: 0.9998871088027954