0.07289840 -0.30991706 0.01226489 -0.23517214 0.02117113 0.04245490 0.16416774 
0.55734742 0.48497128 -0.08082116 -0.14510143 -0.06513052 -0.05284001 0.11892754 
0.62370965 -0.21308339 -0.24864958 0.21935753 0.05177558 -0.03901218 0.12693603 

----------
0.07289840 -0.30991706 0.01226489 -0.23517214 0.02117113 0.02117113 0.02117113 
0.55734742 0.48497128 -0.08082116 -0.14510143 -0.06513052 -0.06513052 -0.06513052 
0.62370965 -0.21308339 -0.24864958 0.21935753 0.05177558 0.05177558 0.05177558 

----------
0.65915443 -0.44643401 0.54856686 -0.25615865 0.07232219 -0.10967789 0.05186216 
0.62747574 0.70621674 0.02898216 -0.32669857 -0.06829712 -0.09855149 0.05225626 
0.56279905 -0.70102315 -0.09294795 0.42819208 0.04015747 0.18475794 0.05188639 

----------
iteration: 749, probabilities: [0.000001 0.000047 0.999907 0.000034 0.000011], probability: 0.9999071359634399