0.15763875 -0.22820683 -0.09531338 -0.12722619 0.00498910 0.04287074 0.16408525 
0.47456158 0.49618219 -0.10946416 -0.24979765 -0.06646308 -0.05419598 0.12239381 
0.60570409 -0.22317456 -0.12595503 0.28687676 0.04542118 -0.04094642 0.12287851 

----------
0.15763875 -0.22820683 -0.09531338 -0.12722619 0.00498910 0.00498910 0.00498910 
0.47456158 0.49618219 -0.10946416 -0.24979765 -0.06646308 -0.06646308 -0.06646308 
0.60570409 -0.22317456 -0.12595503 0.28687676 0.04542118 0.04542118 0.04542118 

----------
0.70071151 -0.65592156 0.26442889 0.09527658 0.09827996 -0.05321434 0.05187244 
0.57878492 0.70384514 -0.06461319 -0.40676283 -0.08508061 -0.11039468 0.05225625 
0.40725816 0.00082439 0.00163535 0.91358966 0.10549503 0.07062243 0.05212850 

----------
iteration: 952, probabilities: [0.000002 0.000041 0.999891 0.000051 0.000015], probability: 0.9998908042907715