0.10587618 -0.27811850 -0.02960055 -0.19316362 0.01487369 0.04261673 0.16413564 
0.52513027 0.48933415 -0.09196794 -0.18584528 -0.06564910 -0.05336770 0.12027648 
0.61670256 -0.21701050 -0.20090145 0.24563349 0.04930269 -0.03976491 0.12535699 

----------
0.10587618 -0.27811850 -0.02960055 -0.19316362 0.01487369 0.01487369 0.01487369 
0.52513027 0.48933415 -0.09196794 -0.18584528 -0.06564910 -0.06564910 -0.06564910 
0.61670256 -0.21701050 -0.20090145 0.24563349 0.04930269 0.04930269 0.04930269 

----------
0.70690995 -0.62769362 0.32592068 0.02008910 0.07389774 -0.05995250 0.05179374 
0.60805994 0.70672802 -0.01087783 -0.36155390 -0.08467492 -0.10795782 0.05225625 
0.94032180 -0.00003878 0.00008654 0.34054790 0.13346987 0.07703760 0.05201136 

----------
iteration: 828, probabilities: [0.000002 0.000041 0.999894 0.000048 0.000015], probability: 0.9998942613601685