0.35383562 -0.03902553 -0.34438624 0.12269792 -0.03247668 0.04383351 0.16389425 
0.28288993 0.52213847 -0.17578048 -0.49219777 -0.06954832 -0.05733543 0.13041916 
0.56401636 -0.24653835 0.15811607 0.44320205 0.03070902 -0.04542471 0.11348424 

----------
0.35383562 -0.03902553 -0.34438624 0.12269792 -0.03247668 -0.03247668 -0.03247668 
0.28288993 0.52213847 -0.17578048 -0.49219777 -0.06954832 -0.06954832 -0.06954832 
0.56401636 -0.24653835 0.15811607 0.44320205 0.03070902 0.03070902 0.03070902 

----------
0.35089330 -0.55976240 -0.43177244 0.61426851 -0.08164157 0.08742761 0.05211362 
0.43320125 0.65354840 -0.26918521 -0.55928375 -0.06725550 -0.10669427 0.05225625 
0.87771882 -0.00038409 0.00026210 0.47951954 0.05713643 -0.01572372 0.05204124 

----------
iteration: 1422, probabilities: [0.000003 0.000031 0.999769 0.000141 0.000055], probability: 0.9997689127922058