0.52665585 0.12761503 -0.56378233 0.34284384 -0.06547845 0.04468156 0.16372601 
0.11405575 0.54500209 -0.23419527 -0.70571617 -0.07226596 -0.06010082 0.13748830 
0.52729567 -0.26711836 0.40834041 0.58090136 0.01774980 -0.04936942 0.10520930 

----------
0.52665585 0.12761503 -0.56378233 0.34284384 -0.06547845 -0.06547845 -0.06547845 
0.11405575 0.54500209 -0.23419527 -0.70571617 -0.07226596 -0.07226596 -0.07226596 
0.52729567 -0.26711836 0.40834041 0.58090136 0.01774980 0.01774980 0.01774980 

----------
0.47613055 -0.07490210 -0.70024914 0.52667057 -0.04561279 -0.09528978 0.05247164 
0.24750769 0.54408428 -0.45130124 -0.66279504 -0.12426028 0.00561902 0.05225180 
0.70552665 0.58468009 0.39739157 0.05365490 0.13714143 -0.05171204 0.05225624 

----------
iteration: 1836, probabilities: [0.000002 0.000037 0.999891 0.000054 0.000017], probability: 0.9998908042907715