0.42313069 0.02779170 -0.43235665 0.21096899 -0.04570927 0.04417355 0.16382679 
0.21519313 0.53130601 -0.19920283 -0.57781143 -0.07063800 -0.05844426 0.13325364 
0.54929260 -0.25479024 0.25844757 0.49841482 0.02551281 -0.04700641 0.11016627 

----------
0.42313069 0.02779170 -0.43235665 0.21096899 -0.04570927 -0.04570927 -0.04570927 
0.21519313 0.53130601 -0.19920283 -0.57781143 -0.07063800 -0.07063800 -0.07063800 
0.54929260 -0.25479024 0.25844757 0.49841482 0.02551281 0.02551281 0.02551281 

----------
0.30850598 -0.57297131 -0.41445127 0.63640311 -0.05100308 0.04979062 0.05170285 
0.35648677 0.61282922 -0.35222366 -0.61107693 -0.14109163 -0.09256049 0.05225610 
0.76441413 -0.00006158 0.00007320 0.64490542 0.07359899 -0.00853277 0.05201145 

----------
iteration: 1588, probabilities: [0.000003 0.000030 0.999841 0.000089 0.000036], probability: 0.9998414516448975