0.59511603 0.19362723 -0.65069286 0.43005140 -0.07855161 0.04501751 0.16365936 
0.04717458 0.55405918 -0.25733543 -0.79029834 -0.07334251 -0.06119629 0.14028863 
0.51274931 -0.27527083 0.50746309 0.63544891 0.01261620 -0.05093206 0.10193130 

----------
0.59511603 0.19362723 -0.65069286 0.43005140 -0.07855161 -0.07855161 -0.07855161 
0.04717458 0.55405918 -0.25733543 -0.79029834 -0.07334251 -0.07334251 -0.07334251 
0.51274931 -0.27527083 0.50746309 0.63544891 0.01261620 0.01261620 0.01261620 

----------
0.30279940 -0.07421124 -0.70256167 0.63974590 -0.07296307 -0.09541952 0.05213662 
0.31125785 0.19439647 -0.67777574 -0.63731917 -0.10506566 0.03837681 0.05152396 
0.37978794 0.03242725 0.70605413 0.59702345 0.08304307 0.01959233 0.05225235 

----------
predicted 4 mugs - WRONG, the actual number of mugs is 3!
----------
iteration: 2000, probabilities: [0.000063 0.000130 0.268064 0.701037 0.030706], probability: 0.2680637240409851