0.67213801 -0.39792160 -0.98142777 -0.02943218 -0.01875353 -0.00970049 0.15195022 
0.08695093 0.25347167 -0.97573621 0.29971680 0.08526081 -0.02753305 0.15565129 
0.63394295 0.09292474 -0.29638344 0.14015105 -0.02705490 0.00324199 0.17256963 

----------
0.67213801 -0.39792160 -0.98142777 -0.02943218 -0.01875353 -0.01875353 -0.01875353 
0.08695093 0.25347167 -0.97573621 0.29971680 0.08526081 0.08526081 0.08526081 
0.63394295 0.09292474 -0.29638344 0.14015105 -0.02705490 -0.02705490 -0.02705490 

----------
0.61918249 -0.24030098 -0.65982369 0.35169014 0.06930668 -0.06358943 0.05248934 
-0.00088781 -0.28939188 -0.95732406 0.00032193 0.08056692 0.05562932 0.05195248 
0.48494447 0.70435405 0.00800634 0.51858311 -0.04710419 -0.07206751 0.05258727 

----------
iteration: 843, probabilities: [0.000005 0.000043 0.999040 0.000684 0.000228], probability: 0.9990400671958923