0.68341298 -0.52299098 -0.50161117 -0.03940595 0.09109518 0.00150971 0.19616403 
-0.29580404 0.49643646 -0.14258293 0.81398156 0.02732173 0.02226590 0.12566730 
0.89300575 -0.28254110 0.35714651 0.03159678 0.07680775 0.09516693 0.17844435 

----------
0.68341298 -0.52299098 -0.50161117 -0.03940595 0.09109518 0.09109518 0.09109518 
-0.29580404 0.49643646 -0.14258293 0.81398156 0.02732173 0.02732173 0.02732173 
0.89300575 -0.28254110 0.35714651 0.03159678 0.07680775 0.07680775 0.07680775 

----------
0.53343618 -0.69327929 -0.13899017 0.46477505 0.21284157 0.20011073 0.05189496 
-0.66820118 0.46581159 -0.53217386 0.23150199 0.01821010 -0.08961388 0.05187104 
0.69421672 -0.53642764 0.46081920 -0.13450000 0.09206551 0.11110286 0.05187242 

----------
iteration: 58, probabilities: [0.000022 0.000077 0.999797 0.000065 0.000039], probability: 0.9997970461845398