0.09842571 -0.30564160 -0.54993497 0.05889026 -0.03764494 0.02302874 0.17158054 
0.47989068 0.33101527 -0.22978206 0.44683400 0.00822648 0.03481359 0.17463436 
0.62874802 0.37178522 -0.55892906 -0.03777106 0.03295898 -0.06673159 0.16247290 

----------
0.09842571 -0.30564160 -0.54993497 0.05889026 -0.03764494 -0.03764494 -0.03764494 
0.47989068 0.33101527 -0.22978206 0.44683400 0.00822648 0.00822648 0.00822648 
0.62874802 0.37178522 -0.55892906 -0.03777106 0.03295898 0.03295898 0.03295898 

----------
0.00196382 -0.49230216 -0.87048403 -0.00087608 -0.08635168 -0.04611861 0.05211773 
0.70747052 0.60975060 0.35765848 0.00669395 0.17369295 -0.03170250 0.05225501 
0.69841520 0.65649016 -0.25814750 -0.12130471 0.03662197 0.05127324 0.05161469 

----------
iteration: 198, probabilities: [0.000010 0.000052 0.995920 0.003039 0.000979], probability: 0.9959204196929932