0.27727235 -0.98436321 0.08520758 -0.74611792 -0.01250392 -0.02236751 0.14022552 
0.32990215 0.03112133 0.60863494 0.33452347 0.01508042 -0.03042752 0.16986853 
-0.57034287 -0.06733088 -0.59648685 0.49052038 0.03006701 0.02826693 0.17283306 

----------
0.27727235 -0.98436321 0.08520758 -0.74611792 -0.01250392 -0.01250392 -0.01250392 
0.32990215 0.03112133 0.60863494 0.33452347 0.01508042 0.01508042 0.01508042 
-0.57034287 -0.06733088 -0.59648685 0.49052038 0.03006701 0.03006701 0.03006701 

----------
0.65019713 -0.42518770 0.56451894 -0.27941044 -0.04142170 -0.14158078 0.05192115 
0.41333141 0.07260375 0.70310705 0.57416325 -0.00081599 0.07038754 0.05225626 
-0.47476093 0.15269472 -0.69053135 0.52411502 0.12022880 0.01099112 0.05187536 

----------
iteration: 146, probabilities: [0.000001 0.000043 0.999907 0.000036 0.000013], probability: 0.9999065399169922