-0.31233818 -0.26881183 -0.13928490 -0.93900170 0.00146573 -0.02067188 0.14849901 
0.30238657 -0.84452663 0.55774915 -0.34110088 -0.00588820 -0.02892641 0.19342218 
-0.91921979 -0.15282428 -0.99740548 0.31824839 0.04176895 -0.01872002 0.15905160 

----------
-0.31233818 -0.26881183 -0.13928490 -0.93900170 0.00146573 0.00146573 0.00146573 
0.30238657 -0.84452663 0.55774915 -0.34110088 -0.00588820 -0.00588820 -0.00588820 
-0.91921979 -0.15282428 -0.99740548 0.31824839 0.04176895 0.04176895 0.04176895 

----------
-0.33616122 0.00009015 -0.00003224 -0.94187868 0.03175883 -0.03674124 0.05201145 
0.66421397 -0.45676268 0.53992847 -0.24267842 -0.10796298 -0.08878716 0.05187241 
-0.52237636 0.23406519 -0.66739569 0.47682219 0.06409358 0.16940680 0.05170521 

----------
iteration: 965, probabilities: [0.000006 0.000077 0.999870 0.000013 0.000033], probability: 0.9998700618743896