-0.16088228 -0.95768690 -0.14773324 -0.50747213 0.03218219 0.03654865 0.15388848 
0.06860041 -0.39978681 -0.10769055 -0.07729443 -0.06861537 -0.01626278 0.17074644 
-0.39671939 0.01656243 -0.94349875 0.13165762 0.01147324 0.02228636 0.17126919 

----------
-0.16088228 -0.95768690 -0.14773324 -0.50747213 0.03218219 0.03218219 0.03218219 
0.06860041 -0.39978681 -0.10769055 -0.07729443 -0.06861537 -0.06861537 -0.06861537 
-0.39671939 0.01656243 -0.94349875 0.13165762 0.01147324 0.01147324 0.01147324 

----------
-0.49561701 0.68056713 0.19276963 -0.50459246 -0.20516610 0.17379575 0.05187241 
-0.00024683 -0.96287446 -0.27050309 0.00105871 -0.09541650 -0.03048123 0.05195214 
-0.00235388 0.29433729 -0.95592307 -0.00087146 0.10844257 -0.05311013 0.05207137 

----------
iteration: 1119, probabilities: [0.000024 0.000017 0.999713 0.000062 0.000184], probability: 0.999713122844696