-0.61347165 -0.41230591 -0.02205211 -0.94506054 0.01115480 -0.02297087 0.17165269 
-0.48521076 -0.60036773 0.36921958 -0.44495563 0.01238886 -0.05689578 0.13573895 
-0.95076837 0.28289101 -0.82917380 -0.48151428 -0.01065839 -0.04049405 0.14180213 

----------
-0.61347165 -0.41230591 -0.02205211 -0.94506054 0.01115480 0.01115480 0.01115480 
-0.48521076 -0.60036773 0.36921958 -0.44495563 0.01238886 0.01238886 0.01238886 
-0.95076837 0.28289101 -0.82917380 -0.48151428 -0.01065839 -0.01065839 -0.01065839 

----------
-0.56534059 0.00007917 -0.00005405 -0.82497370 -0.09892563 0.06648052 0.05201145 
-0.51452516 -0.59494007 0.38226964 -0.48499195 0.06996285 0.05622564 0.05160798 
-0.50627721 -0.19303283 -0.68004969 -0.49431566 0.06028581 -0.13610037 0.05225448 

----------
iteration: 1822, probabilities: [0.000037 0.000013 0.999784 0.000057 0.000109], probability: 0.9997839331626892