-0.48274881 -0.99821422 0.70602366 -0.44639720 0.01761825 -0.00620964 0.14146610 
0.59043787 -0.82354603 0.55890912 -0.85581417 -0.01549157 -0.02657907 0.13443179 
-0.46044615 0.15980651 -0.96651684 -0.45957692 0.01024529 -0.01587957 0.14061136 

----------
-0.48274881 -0.99821422 0.70602366 -0.44639720 0.01761825 0.01761825 0.01761825 
0.59043787 -0.82354603 0.55890912 -0.85581417 -0.01549157 -0.01549157 -0.01549157 
-0.46044615 0.15980651 -0.96651684 -0.45957692 0.01024529 0.01024529 0.01024529 

----------
-0.52329287 -0.58648171 0.39522105 -0.47553106 -0.01972357 0.11653939 0.05162720 
0.61259071 -0.35716239 0.61035850 -0.35319756 -0.05642538 -0.10160956 0.05187216 
-0.33324262 0.02162560 -0.70653433 -0.62408631 0.10565360 -0.04916207 0.05225627 

----------
iteration: 1712, probabilities: [0.000078 0.000018 0.999603 0.000132 0.000169], probability: 0.9996026158332825