0.11913908 -0.57111227 0.08667994 -0.74310755 -0.01732198 0.04874828 0.17051387 
0.99344879 -0.85444225 0.10568956 -0.53465545 -0.01827673 0.03153649 0.16492112 
-0.16079924 0.36903754 -0.99524098 -0.29673531 0.03692685 -0.00998887 0.16322760 

----------
0.11913908 -0.57111227 0.08667994 -0.74310755 -0.01732198 -0.01732198 -0.01732198 
0.99344879 -0.85444225 0.10568956 -0.53465545 -0.01827673 -0.01827673 -0.01827673 
-0.16079924 0.36903754 -0.99524098 -0.29673531 0.03692685 0.03692685 0.03692685 

----------
0.61079824 -0.35402569 0.61224820 -0.35639603 0.05365749 -0.17252604 0.05187192 
0.70329770 -0.57457635 0.41226637 -0.07342964 -0.05172956 0.00217355 0.05187241 
-0.00070855 0.90772225 -0.41988112 -0.00102981 0.01505721 0.10869687 0.05197065 

----------
iteration: 2134, probabilities: [0.000055 0.000016 0.999720 0.000080 0.000130], probability: 0.9997196793556213