0.22670371 -0.85475490 0.46990393 -0.66676822 0.05820658 -0.00318920 0.16390864 
0.29840499 -0.66833939 0.43516914 0.17282095 -0.01588978 0.01512566 0.15633426 
-0.91409162 0.33236258 -0.68238214 0.51569626 0.00852665 0.01192681 0.14463779 

----------
0.22670371 -0.85475490 0.46990393 -0.66676822 0.05820658 0.05820658 0.05820658 
0.29840499 -0.66833939 0.43516914 0.17282095 -0.01588978 -0.01588978 -0.01588978 
-0.91409162 0.33236258 -0.68238214 0.51569626 0.00852665 0.00852665 0.00852665 

----------
-0.70373210 -0.57526986 -0.41116637 -0.07251294 0.13738974 0.18184333 0.05226928 
0.69323749 -0.67137700 0.22224600 0.13957143 -0.10419410 -0.05931660 0.05187241 
-0.60208213 0.33931502 -0.62042587 0.37078042 0.07903530 -0.02819310 0.05187241 

----------
iteration: 2363, probabilities: [0.000251 0.000073 0.996537 0.001936 0.001203], probability: 0.9965367317199707