0.19223709 -0.46418541 0.32143581 -0.52120378 -0.00240607 0.04737624 0.13148520 
0.35115622 -0.53728154 0.54197802 0.10942441 -0.05784580 -0.09956894 0.15090248 
-0.37654245 -0.01863938 -0.99026580 -0.32625708 0.02236278 0.01209984 0.12893870 

----------
0.19223709 -0.46418541 0.32143581 -0.52120378 -0.00240607 -0.00240607 -0.00240607 
0.35115622 -0.53728154 0.54197802 0.10942441 -0.05784580 -0.05784580 -0.05784580 
-0.37654245 -0.01863938 -0.99026580 -0.32625708 0.02236278 0.02236278 0.02236278 

----------
0.21693912 -0.51369196 0.48533599 -0.67349133 -0.06435172 0.04403976 0.05178142 
0.49406710 -0.47525746 0.52431382 -0.50536024 -0.10297767 -0.07449380 0.05100049 
-0.39300562 -0.04690590 -0.70451396 -0.58920278 0.06997680 -0.02937154 0.05229496 

----------
iteration: 2760, probabilities: [0.000009 0.000008 0.999164 0.000072 0.000747], probability: 0.999164342880249