0.29914323 -0.62709051 0.52451600 -0.89769642 0.07675796 -0.01544095 0.16657830 
0.40843764 -0.41382842 0.94604105 -0.28016711 0.01039590 0.00177498 0.15220594 
-0.70223259 0.61864925 -0.66996417 -0.22682878 -0.01718866 0.02678175 0.16915920 

----------
0.29914323 -0.62709051 0.52451600 -0.89769642 0.07675796 0.07675796 0.07675796 
0.40843764 -0.41382842 0.94604105 -0.28016711 0.01039590 0.01039590 0.01039590 
-0.70223259 0.61864925 -0.66996417 -0.22682878 -0.01718866 -0.01718866 -0.01718866 

----------
0.18339673 -0.35103316 0.61337980 -0.68335894 0.08127220 0.07364596 0.05193890 
0.44769083 -0.11766452 0.69734872 -0.54739694 0.00500261 -0.04798402 0.05187245 
-0.70694237 0.60870966 -0.36052234 0.01151603 -0.12051511 0.02311482 0.05187192 

----------
iteration: 3745, probabilities: [0.000006 0.000007 0.999458 0.000022 0.000507], probability: 0.9994581341743469