-0.08262591 -0.14489940 0.28296735 -0.66539349 0.02053708 -0.01594195 0.14320744 
0.78659642 -0.31923775 0.38636147 -0.96538505 -0.02659537 -0.04213592 0.16917089 
0.17387521 0.35048002 -0.66904802 -0.04654457 -0.05923273 0.01149455 0.17380649 

----------
-0.08262591 -0.14489940 0.28296735 -0.66539349 0.02053708 0.02053708 0.02053708 
0.78659642 -0.31923775 0.38636147 -0.96538505 -0.02659537 -0.02659537 -0.02659537 
0.17387521 0.35048002 -0.66904802 -0.04654457 -0.05923273 -0.05923273 -0.05923273 

----------
0.29746347 0.00260772 0.00071892 -0.95497476 -0.01507376 0.12293318 0.05220753 
0.82495374 0.00005389 0.00008092 -0.56551504 -0.04684857 -0.08052635 0.05201146 
-0.62736960 0.38329448 -0.59435980 0.32635119 -0.24168460 -0.04124531 0.05187250 

----------
iteration: 4550, probabilities: [0.000004 0.000005 0.999695 0.000042 0.000255], probability: 0.9996947050094604