0.53600223 -0.51251841 0.23203491 -0.87013079 0.02199582 -0.02154871 0.18259339 
0.66713482 -0.99638579 0.99761407 -0.34397964 0.00311306 0.00692031 0.17044206 
-0.78301117 -0.12261121 -0.66645695 0.15276042 -0.02465918 -0.04209553 0.16771498 

----------
0.53600223 -0.51251841 0.23203491 -0.87013079 0.02199582 0.02199582 0.02199582 
0.66713482 -0.99638579 0.99761407 -0.34397964 0.00311306 0.00311306 0.00311306 
-0.78301117 -0.12261121 -0.66645695 0.15276042 -0.02465918 -0.02465918 -0.02465918 

----------
0.40169490 -0.49295147 0.50695694 -0.58200735 0.07861482 0.05410728 0.05131867 
0.71469650 -0.37292443 0.52361621 -0.27583060 0.01015012 -0.09984995 0.05980822 
-0.87601577 -0.00083655 0.00000756 0.48308617 -0.13344856 0.08514545 0.05207288 

----------
iteration: 5740, probabilities: [0.000011 0.000011 0.999853 0.000054 0.000071], probability: 0.9998526573181152