-0.06719215 -0.24388182 0.76613295 -0.84213024 0.02988618 -0.03686146 0.15310136 
0.22370152 -0.99995727 0.99104711 -0.18890941 -0.07016302 -0.05356000 0.17121034 
-0.73772678 -0.30468893 -0.63162650 0.10435582 0.03472857 -0.01478348 0.13826613 

----------
-0.06719215 -0.24388182 0.76613295 -0.84213024 0.02988618 0.02988618 0.02988618 
0.22370152 -0.99995727 0.99104711 -0.18890941 -0.07016302 -0.07016302 -0.07016302 
-0.73772678 -0.30468893 -0.63162650 0.10435582 0.03472857 0.03472857 0.03472857 

----------
0.25741839 0.10284067 0.69962072 -0.65864308 -0.07349256 0.05487688 0.05188237 
-0.00021044 -0.85249172 0.52286841 -0.00026129 -0.05892256 -0.07972805 0.05198581 
-0.70471036 -0.57953663 -0.40471570 -0.06257931 0.06431981 -0.03887435 0.05225601 

----------
iteration: 5647, probabilities: [0.000015 0.000016 0.998895 0.000463 0.000610], probability: 0.9988954067230225