0.21461071 -0.10353221 0.02891818 -0.57849118 0.02078203 0.01381304 0.14064125 
0.27196282 -0.42899135 0.86147412 0.23954252 0.03435593 -0.01719683 0.16500107 
-0.48371409 0.17539265 -0.66244125 -0.27244934 0.00390877 0.04033424 0.15694042 

----------
0.21461071 -0.10353221 0.02891818 -0.57849118 0.02078203 0.02078203 0.02078203 
0.27196282 -0.42899135 0.86147412 0.23954252 0.03435593 0.03435593 0.03435593 
-0.48371409 0.17539265 -0.66244125 -0.27244934 0.00390877 0.00390877 0.00390877 

----------
0.36423604 0.00008919 0.00003481 -0.93140323 -0.04599509 0.07814208 0.05201145 
0.00788011 -0.29590886 0.95536983 0.00087175 0.12253436 0.07615385 0.05253158 
-0.46242413 -0.13436119 -0.69404185 -0.53552526 0.02017171 -0.11790194 0.05225626 

----------
iteration: 6522, probabilities: [0.000058 0.000270 0.999379 0.000023 0.000269], probability: 0.9993791580200195