0.04849606 -0.95623245 0.08892511 -0.64111994 -0.00879248 0.02887471 0.17559648 
0.48312848 -0.23063488 0.79957153 -0.23933712 0.01197461 -0.00934511 0.17578250 
-0.63524794 0.10605350 -0.81883814 0.25608868 0.02237035 0.03376640 0.16887210 

----------
0.04849606 -0.95623245 0.08892511 -0.64111994 -0.00879248 -0.00879248 -0.00879248 
0.48312848 -0.23063488 0.79957153 -0.23933712 0.01197461 0.01197461 0.01197461 
-0.63524794 0.10605350 -0.81883814 0.25608868 0.02237035 0.02237035 0.02237035 

----------
-0.46453586 -0.55452252 -0.30510596 -0.61951154 -0.09725613 0.03645691 0.05780869 
0.54277548 -0.26016801 0.65758481 -0.45321630 -0.00730111 0.12678196 0.05171743 
-0.59752652 0.33178475 -0.62452327 0.37811788 0.06594776 0.00656292 0.05187071 

----------
iteration: 7292, probabilities: [0.000082 0.000259 0.998754 0.000078 0.000828], probability: 0.9987536668777466