-0.37364049 -0.99966696 0.65339627 -0.92079940 -0.02841460 0.02041098 0.14623109 
0.70408600 -0.53075441 0.96703529 -0.58769881 0.01081079 -0.05118612 0.13786159 
0.40303885 0.20226781 -0.66652848 -0.78710755 -0.05618055 0.00707166 0.16268898 

----------
-0.37364049 -0.99966696 0.65339627 -0.92079940 -0.02841460 -0.02841460 -0.02841460 
0.70408600 -0.53075441 0.96703529 -0.58769881 0.01081079 0.01081079 0.01081079 
0.40303885 0.20226781 -0.66652848 -0.78710755 -0.05618055 -0.05618055 -0.05618055 

----------
-0.29138201 -0.60777580 0.36207751 -0.64393007 -0.09348678 0.02654552 0.05151497 
0.57571445 -0.29747081 0.64155237 -0.41051183 0.04600086 0.01424149 0.05186347 
0.08499357 0.42299628 -0.56630443 -0.70231869 -0.07502262 -0.12619901 0.05225937 

----------
iteration: 7451, probabilities: [0.000043 0.000282 0.999332 0.000037 0.000307], probability: 0.9993315935134888