-0.50060768 -0.49148562 -0.00767462 -0.72883964 -0.03092840 -0.02552739 0.15183155 
0.84544721 -0.76211512 0.92175050 -0.29574130 -0.09996101 0.05725104 0.14615506 
-0.57300789 0.11442543 -0.89898085 -0.77439375 -0.02112876 0.03246349 0.15154759 

----------
-0.50060768 -0.49148562 -0.00767462 -0.72883964 -0.03092840 -0.03092840 -0.03092840 
0.84544721 -0.76211512 0.92175050 -0.29574130 -0.09996101 -0.09996101 -0.09996101 
-0.57300789 0.11442543 -0.89898085 -0.77439375 -0.02112876 -0.02112876 -0.02112876 

----------
-0.68991879 -0.51991677 -0.47895066 -0.15675275 -0.00385084 0.08554561 0.05225467 
0.66651035 -0.46200473 0.53536837 -0.23611869 -0.12691034 -0.12666312 0.05187254 
-0.36832573 -0.01903728 -0.70666826 -0.60391602 0.05304960 -0.05794938 0.05225619 

----------
iteration: 8885, probabilities: [0.000021 0.000119 0.999519 0.000149 0.000191], probability: 0.999518632888794