0.66173397 -0.44929000 -0.05605502 -0.05728996 0.03341394 0.01410008 0.15569074 
0.48556845 -0.99971833 0.46727246 0.03021353 -0.02645572 0.03128918 0.17279904 
-0.45633993 0.37037401 -0.87716505 -0.01533687 0.05870077 0.06364443 0.15647649 

----------
0.66173397 -0.44929000 -0.05605502 -0.05728996 0.03341394 0.03341394 0.03341394 
0.48556845 -0.99971833 0.46727246 0.03021353 -0.02645572 -0.02645572 -0.02645572 
-0.45633993 0.37037401 -0.87716505 -0.01533687 0.05870077 0.05870077 0.05870077 

----------
0.67209038 -0.69275402 0.14208113 0.21979024 0.04742858 0.13046590 0.05187241 
0.70195920 -0.65220802 0.27345861 0.08559345 -0.05743799 -0.09108682 0.05187241 
0.00016481 0.50603824 -0.86275356 0.00003173 0.15535742 0.03888660 0.05197837 

----------
iteration: 8285, probabilities: [0.000021 0.000062 0.999734 0.000041 0.000141], probability: 0.9997336268424988