-0.06410394 -0.97906595 0.19256649 -0.14943678 0.02246067 0.02159730 0.17042538 
0.60699603 -0.11619079 0.84845451 -0.68507020 0.02374173 -0.03299176 0.16118138 
-0.25719847 0.08315175 -0.51561066 -0.01178149 0.03223685 0.03049618 0.15804418 

----------
-0.06410394 -0.97906595 0.19256649 -0.14943678 0.02246067 0.02246067 0.02246067 
0.60699603 -0.11619079 0.84845451 -0.68507020 0.02374173 0.02374173 0.02374173 
-0.25719847 0.08315175 -0.51561066 -0.01178149 0.03223685 0.03223685 0.03223685 

----------
0.00025859 -0.98267067 0.18557587 0.00102034 0.06521420 0.07926697 0.05195181 
0.44451529 -0.11367503 0.69797021 -0.54991694 -0.04735175 0.01682265 0.05187241 
-0.00020856 0.16008971 -0.98729914 -0.00015748 0.15123507 -0.02971043 0.05195646 

----------
iteration: 8487, probabilities: [0.000020 0.000064 0.999789 0.000028 0.000099], probability: 0.9997889399528503