0.14826331 -0.92307299 0.75077356 -0.40730860 0.04129728 0.01283016 0.12882305 
0.65168055 -0.74530632 0.76593272 0.14232873 0.01262779 -0.01213647 0.17364244 
-0.42753349 -0.17633562 -0.90581521 0.20066704 -0.01686923 0.02743621 0.17743909 

----------
0.14826331 -0.92307299 0.75077356 -0.40730860 0.04129728 0.04129728 0.04129728 
0.65168055 -0.74530632 0.76593272 0.14232873 0.01262779 0.01262779 0.01262779 
-0.42753349 -0.17633562 -0.90581521 0.20066704 -0.01686923 -0.01686923 -0.01686923 

----------
-0.15144083 -0.47481523 0.52379351 0.69114265 0.23129317 -0.05664807 0.05225445 
0.69943146 -0.55587544 0.43724913 -0.10439336 -0.07092748 0.08839305 0.05187241 
-0.00108873 -0.01481231 -1.00001763 0.00007587 0.02962350 -0.08659850 0.05195383 

----------
iteration: 8587, probabilities: [0.000014 0.000065 0.999670 0.000077 0.000173], probability: 0.9996702671051025