-0.05973688 -0.29496372 0.37113787 -0.18410931 -0.01805184 0.03407246 0.15144715 
0.60726015 0.16333768 0.96074263 -0.06548814 0.04512093 0.04963491 0.14998647 
-0.28375020 -0.03181401 -0.80078596 0.01438034 -0.01667366 -0.00109633 0.14908190 

----------
-0.05973688 -0.29496372 0.37113787 -0.18410931 -0.01805184 -0.01805184 -0.01805184 
0.60726015 0.16333768 0.96074263 -0.06548814 0.04512093 0.04512093 0.04512093 
-0.28375020 -0.03181401 -0.80078596 0.01438034 -0.01667366 -0.01667366 -0.01667366 

----------
0.64576505 -0.41811252 0.57045415 -0.28834069 -0.19134102 -0.10420798 0.05187234 
0.00097600 0.50155301 0.86529513 -0.00084911 0.13506432 0.07458601 0.05197289 
-0.00089118 -0.47932787 -0.87781506 0.00056025 0.07442258 -0.03835035 0.05195181 

----------
iteration: 8002, probabilities: [0.000025 0.000144 0.999330 0.000216 0.000284], probability: 0.9993300437927246