0.02743121 -0.07640317 0.43964876 -0.49480842 0.03242506 0.02032746 0.16853876 
0.38500278 -0.73654154 0.18939763 0.01397764 0.01425637 -0.01508458 0.15152609 
-0.60697993 -0.01453857 -0.64858019 -0.05804753 0.03422316 0.05191260 0.16007830 

----------
0.02743121 -0.07640317 0.43964876 -0.49480842 0.03242506 0.03242506 0.03242506 
0.38500278 -0.73654154 0.18939763 0.01397764 0.01425637 0.01425637 0.01425637 
-0.60697993 -0.01453857 -0.64858019 -0.05804753 0.03422316 0.03422316 0.03422316 

----------
0.25403915 0.10630817 0.69912915 -0.65988904 0.08835626 0.03094586 0.05186970 
0.69630053 -0.66620819 0.23724944 0.12321224 -0.01158112 -0.10495601 0.05186428 
-0.68388643 -0.34616586 -0.55538435 -0.32282163 -0.04764162 0.02761139 0.05852052 

----------
iteration: 9852, probabilities: [0.000015 0.000068 0.999579 0.000107 0.000232], probability: 0.9995793700218201