-0.36230939 -0.16052127 0.39314546 -0.82690664 0.02540448 -0.04161332 0.15613680 
0.00022497 -0.49037965 0.53772132 -0.16473889 -0.05697949 0.04337029 0.19053065 
-0.61746395 0.80621321 -0.09643398 -0.36206916 0.06352184 0.02323858 0.12338569 

----------
-0.36230939 -0.16052127 0.39314546 -0.82690664 0.02540448 0.02540448 0.02540448 
0.00022497 -0.49037965 0.53772132 -0.16473889 -0.05697949 -0.05697949 -0.05697949 
-0.61746395 0.80621321 -0.09643398 -0.36206916 0.06352184 0.06352184 0.06352184 

----------
-0.10204928 -0.01580101 0.34112885 -0.93440402 0.02046390 -0.02287400 0.07198377 
0.02656287 -0.86653428 0.49854705 0.00203116 -0.07793580 -0.07795861 0.05447787 
-0.65154895 0.70339870 -0.07236433 -0.27484132 0.04835056 0.11011147 0.05174307 

----------
predicted 2 mugs - WRONG, the actual number of mugs is 3!
----------
iteration: 70, probabilities: [0.000019 0.999218 0.000713 0.000038 0.000013], probability: 0.0007125927368178964