-0.01620172 -0.38489457 0.35037969 -0.84611147 -0.05403719 0.00723534 0.14400394 
0.51224723 -0.42716653 0.96861691 0.39178355 -0.05220095 -0.01906010 0.16517166 
-0.05361264 0.99743701 0.12428578 -0.99352872 0.02970929 -0.01280071 0.18297286 

----------
-0.01620172 -0.38489457 0.35037969 -0.84611147 -0.05403719 -0.05403719 -0.05403719 
0.51224723 -0.42716653 0.96861691 0.39178355 -0.05220095 -0.05220095 -0.05220095 
-0.05361264 0.99743701 0.12428578 -0.99352872 0.02970929 0.02970929 0.02970929 

----------
0.61218295 -0.64711096 0.28620298 -0.35328048 -0.01096921 -0.07281512 0.05128755 
0.23118718 -0.09271858 0.70079189 0.66863102 -0.05260394 -0.19472266 0.05213739 
-0.59849222 0.70463548 0.06217449 -0.37652156 0.08879098 0.03936184 0.05181737 

----------
iteration: 179, probabilities: [0.000009 0.000060 0.995727 0.003398 0.000806], probability: 0.9957265853881836