0.01586623 -0.48493677 0.37219167 -0.90086169 -0.03411342 0.03161872 0.17078381 
0.68347966 -0.72721283 0.39635777 0.29396604 -0.03176491 -0.01120683 0.14635477 
-0.02896337 0.20280372 0.16133974 -0.46384477 0.00967174 0.03811449 0.19494979 

----------
0.01586623 -0.48493677 0.37219167 -0.90086169 -0.03411342 -0.03411342 -0.03411342 
0.68347966 -0.72721283 0.39635777 0.29396604 -0.03176491 -0.03176491 -0.03176491 
-0.02896337 0.20280372 0.16133974 -0.46384477 0.00967174 0.00967174 0.00967174 

----------
0.45746434 -0.13080913 0.69501056 -0.53929116 -0.03126055 -0.17372830 0.05186575 
0.69137183 -0.67458726 0.21241741 0.14880496 -0.13000327 0.00103733 0.05186322 
-0.02365099 0.37072595 0.60223026 -0.70673626 0.04187528 -0.00687999 0.05187231 

----------
iteration: 1129, probabilities: [0.000003 0.000033 0.999830 0.000100 0.000034], probability: 0.9998303651809692