0.25216568 0.19068457 0.61185385 -0.99001191 0.02974181 -0.00596775 0.14305555 
0.41960495 -0.78060538 0.38852068 0.48181711 -0.05242460 0.00176922 0.15619684 
-0.42746844 0.55169699 0.10010286 -0.54100553 0.01480993 0.04056757 0.14174827 

----------
0.25216568 0.19068457 0.61185385 -0.99001191 0.02974181 0.02974181 0.02974181 
0.41960495 -0.78060538 0.38852068 0.48181711 -0.05242460 -0.05242460 -0.05242460 
-0.42746844 0.55169699 0.10010286 -0.54100553 0.01480993 0.01480993 0.01480993 

----------
0.10918812 0.25130518 0.66099462 -0.69861591 -0.02835660 0.04003247 0.05187241 
-0.03705265 0.27158015 -0.65263540 -0.70684111 -0.31294455 -0.17915724 0.05206184 
-0.47013453 0.67012702 0.22590292 -0.52819879 0.06081989 -0.01798004 0.05187241 

----------
iteration: 1228, probabilities: [0.000003 0.000063 0.999899 0.000026 0.000009], probability: 0.99989914894104