0.22617634 0.10984289 -0.09220164 -0.98313400 -0.02096516 0.04413931 0.18602909 
0.77073890 -0.77437946 0.72394581 0.38142992 -0.01793972 -0.03921813 0.15275277 
0.15692642 0.92000236 -0.05435049 -0.04755216 0.02584430 0.02077571 0.14088200 

----------
0.22617634 0.10984289 -0.09220164 -0.98313400 -0.02096516 -0.02096516 -0.02096516 
0.77073890 -0.77437946 0.72394581 0.38142992 -0.01793972 -0.01793972 -0.01793972 
0.15692642 0.92000236 -0.05435049 -0.04755216 0.02584430 0.02584430 0.02584430 

----------
0.19370305 0.00009394 0.00001848 -0.98107610 -0.07086320 -0.02379243 0.05201145 
0.52099569 -0.31878077 0.63180323 -0.47817367 0.04488210 -0.15557785 0.05217236 
-0.00005702 1.00001547 0.00735689 -0.00105109 0.03226398 0.04401709 0.05195181 

----------
iteration: 2316, probabilities: [0.000004 0.000037 0.999491 0.000354 0.000115], probability: 0.9994907379150391