-0.08437780 -0.68082071 0.24952678 -0.99179544 -0.02267532 -0.00244494 0.15132747 
0.72436496 0.09950344 0.45937768 0.14325115 -0.01405106 -0.00706077 0.13777914 
-0.67398474 0.98195403 0.24273257 -0.71243542 -0.02769011 0.01640096 0.15626101 

----------
-0.08437780 -0.68082071 0.24952678 -0.99179544 -0.02267532 -0.02267532 -0.02267532 
0.72436496 0.09950344 0.45937768 0.14325115 -0.01405106 -0.01405106 -0.01405106 
-0.67398474 0.98195403 0.24273257 -0.71243542 -0.02769011 -0.02769011 -0.02769011 

----------
0.32914687 0.02437515 0.70678877 -0.62595933 -0.20568460 -0.01595108 0.05188530 
0.66754945 0.46195647 0.53505646 0.23438530 -0.01984267 -0.07295016 0.05225300 
-0.47589512 0.67256478 0.21853534 -0.52305312 0.08952083 -0.09096538 0.05187348 

----------
iteration: 3440, probabilities: [0.000005 0.000037 0.999534 0.000322 0.000102], probability: 0.9995338916778564