0.18289552 -0.41414020 0.85377644 -0.52347887 0.00440599 0.03057580 0.15627716 
0.89086831 -0.25920103 0.48237917 0.37073495 -0.04548848 0.01096046 0.17353287 
0.39228395 0.67261714 -0.41554200 -0.91136772 0.02503884 -0.07091876 0.16303114 

----------
0.18289552 -0.41414020 0.85377644 -0.52347887 0.00440599 0.00440599 0.00440599 
0.89086831 -0.25920103 0.48237917 0.37073495 -0.04548848 -0.04548848 -0.04548848 
0.39228395 0.67261714 -0.41554200 -0.91136772 0.02503884 0.02503884 0.02503884 

----------
0.42894650 -0.09407373 0.70090962 -0.56218068 -0.10520516 0.04574475 0.05187241 
0.98854759 0.00038256 0.00006923 0.15287682 -0.09104529 -0.14908801 0.05201770 
0.30286619 0.58041302 -0.40335981 -0.63931673 0.06934183 0.04004738 0.05225626 

----------
iteration: 4870, probabilities: [0.000021 0.000071 0.986397 0.010920 0.002591], probability: 0.9863965511322021