-0.31457932 -0.23239682 0.35590886 -0.98717496 0.00572161 0.03657347 0.16552817 
0.77566922 -0.83747608 0.44214493 0.98772211 -0.02744585 0.05675005 0.13059996 
0.23624915 0.45089118 -0.06773689 -0.99978317 -0.00215611 0.04520414 0.13065379 

----------
-0.31457932 -0.23239682 0.35590886 -0.98717496 0.00572161 0.00572161 0.00572161 
0.77566922 -0.83747608 0.44214493 0.98772211 -0.02744585 -0.02744585 -0.02744585 
0.23624915 0.45089118 -0.06773689 -0.99978317 -0.00215611 -0.00215611 -0.00215611 

----------
-0.25374588 0.00010251 -0.00000207 -0.96749002 -0.01635745 0.11797193 0.05201162 
0.46620726 -0.66851293 -0.23085912 0.53183253 -0.17382773 -0.07994726 0.05188465 
0.44971486 0.00008500 0.00004243 -0.89341919 0.12065550 -0.04237049 0.05201144 

----------
iteration: 6126, probabilities: [0.000004 0.000031 0.999739 0.000157 0.000069], probability: 0.9997394680976868