0.43149344 -0.23693135 0.20899310 -0.26777738 -0.02017555 0.08969202 0.14910052 
0.09542107 -0.07762847 0.87921422 0.61017898 -0.01182649 0.04193940 0.19616835 
-0.43961190 0.50095052 -0.16750890 -0.51090520 -0.03154739 -0.03991441 0.14921029 

----------
0.43149344 -0.23693135 0.20899310 -0.26777738 -0.02017555 -0.02017555 -0.02017555 
0.09542107 -0.07762847 0.87921422 0.61017898 -0.01182649 -0.01182649 -0.01182649 
-0.43961190 0.50095052 -0.16750890 -0.51090520 -0.03154739 -0.03154739 -0.03154739 

----------
0.58799737 -0.45420432 0.54239682 -0.39222917 -0.02945088 0.06164629 0.05202591 
0.28579754 -0.07423064 0.70292894 0.64715741 0.06225126 -0.06178107 0.05225601 
-0.56392531 0.69873116 0.10911660 -0.42687415 -0.13093455 -0.11303333 0.05170312 

----------
iteration: 8548, probabilities: [0.000006 0.000039 0.999071 0.000661 0.000223], probability: 0.9990708827972412