-0.59657773 -0.64541475 0.56863153 -0.28691029 0.05749482 -0.02601691 0.13335416 
0.16470752 -0.12962050 0.24317394 0.22063983 -0.02551185 -0.01450269 0.11834241 
-0.22740212 0.68523381 0.33669045 -0.19943605 0.04723976 0.02089912 0.17001304 

----------
-0.59657773 -0.64541475 0.56863153 -0.28691029 0.05749482 0.05749482 0.05749482 
0.16470752 -0.12962050 0.24317394 0.22063983 -0.02551185 -0.02551185 -0.02551185 
-0.22740212 0.68523381 0.33669045 -0.19943605 0.04723976 0.04723976 0.04723976 

----------
-0.64410082 -0.70375629 -0.06663704 0.29278633 0.21687511 0.03383485 0.05225626 
0.23754107 -0.12555511 0.69567611 0.66648108 0.01140516 -0.05340993 0.05225654 
-0.41462338 0.64370214 0.29290365 -0.57280909 0.04348799 0.08165247 0.05186364 

----------
iteration: 9666, probabilities: [0.000008 0.000056 0.997905 0.001498 0.000532], probability: 0.9979050159454346