0.49626975 -0.11120012 0.09055760 -0.99261210 0.02473061 -0.02389645 0.14759828 
0.52520344 -0.65323978 0.73441960 0.13035210 -0.03465074 0.03447762 0.15146442 
0.21970291 0.39695413 -0.00956338 -0.47475050 0.01167150 -0.01374105 0.15803279 

----------
0.49626975 -0.11120012 0.09055760 -0.99261210 0.02473061 0.02473061 0.02473061 
0.52520344 -0.65323978 0.73441960 0.13035210 -0.03465074 -0.03465074 -0.03465074 
0.21970291 0.39695413 -0.00956338 -0.47475050 0.01167150 0.01167150 0.01167150 

----------
0.38785631 0.00008827 0.00003707 -0.92174762 0.06688664 0.04951563 0.05201145 
0.68435756 -0.50792286 0.49218998 -0.17786831 -0.09079965 -0.08584193 0.05185092 
0.35608130 0.61266468 -0.35267130 -0.61141808 -0.06555104 0.08685602 0.05226027 

----------
iteration: 10116, probabilities: [0.000006 0.000036 0.998905 0.000740 0.000314], probability: 0.9989047050476074