-0.63490035 -0.34785225 0.60923794 -0.68801159 -0.05602016 0.01696445 0.13803829 
0.67088254 -0.32016576 0.32561944 -0.12310526 0.04486142 0.00649971 0.15703987 
0.19251769 0.91627813 0.26664842 -0.99948054 0.00839769 0.01379570 0.19069272 

----------
-0.63490035 -0.34785225 0.60923794 -0.68801159 -0.05602016 -0.05602016 -0.05602016 
0.67088254 -0.32016576 0.32561944 -0.12310526 0.04486142 0.04486142 0.04486142 
0.19251769 0.91627813 0.26664842 -0.99948054 0.00839769 0.00839769 0.00839769 

----------
0.09767922 0.26213512 0.65686703 -0.70038501 -0.17876753 -0.05494011 0.05187111 
0.68957846 -0.52149770 0.47763249 -0.15650000 0.03813582 0.10679801 0.05187241 
-0.16143632 0.48147991 0.51780503 -0.68881218 0.08930482 -0.10401748 0.05189567 

----------
iteration: 12848, probabilities: [0.000003 0.000032 0.999800 0.000121 0.000044], probability: 0.9998001456260681