-0.06172028 -0.17694666 0.99999959 -0.59845310 0.01379083 0.01661773 0.16278325 
0.35950992 -0.46184604 0.62398641 0.30428559 -0.02388976 0.02390015 0.15642995 
-0.18816398 0.65100022 -0.09913422 -0.49100742 0.01085909 -0.02270038 0.19905243 

----------
-0.06172028 -0.17694666 0.99999959 -0.59845310 0.01379083 0.01379083 0.01379083 
0.35950992 -0.46184604 0.62398641 0.30428559 -0.02388976 -0.02388976 -0.02388976 
-0.18816398 0.65100022 -0.09913422 -0.49100742 0.01085909 0.01085909 0.01085909 

----------
0.28963743 0.06804380 0.70393858 -0.64512610 -0.07350949 0.11049244 0.05187241 
0.00046366 -0.45651642 0.88984664 0.00075838 -0.02954070 0.01026518 0.05200941 
-0.43827255 0.65578833 0.26500226 -0.55507396 0.06512121 -0.08434520 0.05187329 

----------
iteration: 12990, probabilities: [0.000003 0.000029 0.999829 0.000097 0.000043], probability: 0.999828577041626