-0.01878149 -0.42874155 0.54401989 -0.88586315 -0.01586647 0.03587257 0.13989211 
0.71937372 -0.30043688 0.34233317 0.06126304 -0.05013347 -0.01541302 0.15915877 
0.08675627 0.99606930 0.13293627 -0.93858664 0.01965607 -0.01692287 0.15818158 

----------
-0.01878149 -0.42874155 0.54401989 -0.88586315 -0.01586647 -0.01586647 -0.01586647 
0.71937372 -0.30043688 0.34233317 0.06126304 -0.05013347 -0.05013347 -0.05013347 
0.08675627 0.99606930 0.13293627 -0.93858664 0.01965607 0.01965607 0.01965607 

----------
-0.01556158 -0.42761158 0.55781531 -0.71121478 -0.01088100 -0.02247686 0.05251607 
0.69257168 -0.53087451 0.46722937 -0.14283282 -0.11993670 -0.08323328 0.05187124 
-0.19476006 0.49354100 0.50656291 -0.67999006 0.12351887 -0.00952837 0.05170258 

----------
iteration: 13862, probabilities: [0.000004 0.000035 0.999620 0.000254 0.000087], probability: 0.9996199607849121