0.76259282 0.18138932 -0.12869666 -0.43070333 -0.05146035 0.00227746 0.14430085 
0.99931891 -0.18814078 0.44049163 0.82426999 -0.04257633 0.00287020 0.15330702 
-0.44907033 0.22780803 0.46855741 -0.98600101 0.03458711 -0.00021615 0.18529848 

----------
0.76259282 0.18138932 -0.12869666 -0.43070333 -0.05146035 -0.05146035 -0.05146035 
0.99931891 -0.18814078 0.44049163 0.82426999 -0.04257633 -0.04257633 -0.04257633 
-0.44907033 0.22780803 0.46855741 -0.98600101 0.03458711 0.03458711 0.03458711 

----------
0.86866382 0.00004911 0.00007537 -0.49555285 0.01695640 -0.08283924 0.05201135 
0.74303424 -0.00006378 0.00007242 0.66937869 -0.11831424 -0.04815946 0.05201147 
-0.23853680 0.53505212 0.46248614 -0.66562483 -0.00498386 0.05152308 0.05184082 

----------
iteration: 14352, probabilities: [0.000005 0.000037 0.999331 0.000467 0.000160], probability: 0.9993306398391724