-0.07672991 0.27102481 -0.10610451 -0.69650221 -0.03942652 -0.00630637 0.15477577 
0.89653159 -0.19968921 0.36400962 0.20997770 0.06616551 0.04435924 0.16603190 
0.40336898 0.95094637 0.35831495 -0.49554761 -0.03559754 0.00948753 0.16233141 

----------
-0.07672991 0.27102481 -0.10610451 -0.69650221 -0.03942652 -0.03942652 -0.03942652 
0.89653159 -0.19968921 0.36400962 0.20997770 0.06616551 0.06616551 0.06616551 
0.40336898 0.95094637 0.35831495 -0.49554761 -0.03559754 -0.03559754 -0.03559754 

----------
-0.12376022 0.00009620 -0.00000844 -0.99248817 0.04399155 -0.08231164 0.05201143 
0.99883609 -0.00019030 -0.00000152 0.05219145 0.02352523 0.04271731 0.05201878 
-0.30613636 -0.03296712 -0.70675098 0.63783548 -0.24407857 -0.07184924 0.05169623 

----------
iteration: 14637, probabilities: [0.000003 0.000034 0.999859 0.000078 0.000026], probability: 0.9998588562011719