0.07293227 -0.44946200 0.68141330 -0.59281403 0.01022503 0.04247834 0.15088919 
0.80847423 -0.19108397 0.25160881 0.25359199 -0.04433157 0.03230982 0.16224123 
-0.23184792 0.53404482 -0.65166097 -0.51271836 0.03403042 0.00898535 0.16417175 

----------
0.07293227 -0.44946200 0.68141330 -0.59281403 0.01022503 0.01022503 0.01022503 
0.80847423 -0.19108397 0.25160881 0.25359199 -0.04433157 -0.04433157 -0.04433157 
-0.23184792 0.53404482 -0.65166097 -0.51271836 0.03403042 0.03403042 0.03403042 

----------
0.38599128 -0.04203952 0.70594146 -0.59251502 -0.11261918 0.02348180 0.05186818 
0.97775467 -0.00029290 0.00022290 0.21035481 -0.04543442 -0.13126571 0.05202824 
-0.02015075 0.33430472 -0.62285818 -0.70722371 0.12752975 0.04899213 0.05225694 

----------
iteration: 16531, probabilities: [0.000003 0.000031 0.999739 0.000160 0.000067], probability: 0.9997394680976868