0.56723180 -0.44061295 0.71372311 -0.76459908 0.00708468 -0.02331474 0.16712680 
0.99703188 -0.16763652 0.74958770 0.21429114 -0.02567622 -0.00312932 0.17933669 
-0.00524230 0.43142781 -0.30404647 -0.19360772 -0.01725216 0.01128793 0.15424380 

----------
0.56723180 -0.44061295 0.71372311 -0.76459908 0.00708468 0.00708468 0.00708468 
0.99703188 -0.16763652 0.74958770 0.21429114 -0.02567622 -0.02567622 -0.02567622 
-0.00524230 0.43142781 -0.30404647 -0.19360772 -0.01725216 -0.01725216 -0.01725216 

----------
0.53282519 -0.23269729 0.66784725 -0.46473421 -0.00016008 0.06393612 0.05186650 
0.96960348 -0.00002210 0.00009230 0.24544069 -0.18485106 -0.09678388 0.05201145 
-0.14996496 0.83885400 -0.52337470 0.00008110 0.00720934 -0.06342828 0.06456315 

----------
iteration: 17057, probabilities: [0.000002 0.000043 0.999912 0.000033 0.000011], probability: 0.9999116659164429