0.06488563 -0.45505567 0.72434044 -0.99202182 0.04660345 0.09404185 0.16010506 
0.83926365 -0.60980983 0.71760958 0.49235088 -0.07182530 -0.03420160 0.17842483 
-0.44995634 0.73513429 -0.08030982 -0.87394445 -0.02308959 -0.04940434 0.15171159 

----------
0.06488563 -0.45505567 0.72434044 -0.99202182 0.04660345 0.04660345 0.04660345 
0.83926365 -0.60980983 0.71760958 0.49235088 -0.07182530 -0.07182530 -0.07182530 
-0.44995634 0.73513429 -0.08030982 -0.87394445 -0.02308959 -0.02308959 -0.02308959 

----------
0.39533125 -0.05764073 0.70481755 -0.58629689 0.04921052 0.04222375 0.05182534 
0.71570262 -0.60532510 0.34565264 -0.04689354 -0.14422003 -0.10229099 0.05311500 
-0.55669751 0.56157584 0.08671790 -0.60610739 -0.07590976 -0.02398535 0.06727746 

----------
iteration: 17190, probabilities: [0.000037 0.000129 0.934497 0.058028 0.007309], probability: 0.9344972372055054