0.79609491 0.60480276 -0.01831115 -0.01054587 0.08256189 0.02319734 0.15383844 
0.33156623 0.62070737 -0.36290491 -0.61080785 0.00051175 -0.03503910 0.17382912 
0.45334084 -0.89065701 -0.00205238 0.03475571 0.02406097 0.00712050 0.18234416 

----------
0.79609491 0.60480276 -0.01831115 -0.01054587 0.08256189 0.08256189 0.08256189 
0.33156623 0.62070737 -0.36290491 -0.61080785 0.00051175 0.00051175 0.00051175 
0.45334084 -0.89065701 -0.00205238 0.03475571 0.02406097 0.02406097 0.02406097 

----------
0.67979869 0.68646139 0.16842916 -0.19581391 0.11061777 0.10541660 0.05225656 
0.34208189 0.60439650 -0.36643528 -0.61921325 -0.04832476 0.00038741 0.05225625 
0.67350853 -0.69166141 0.14602832 0.21636568 0.10390290 -0.05031155 0.05189828 

----------
iteration: 70, probabilities: [0.000000 0.000053 0.999884 0.000020 0.000042], probability: 0.9998842477798462