0.47785049 0.56043474 0.30091736 -0.60582221 -0.08092887 -0.06159663 0.12859976 
-0.93809269 -0.05967149 -0.31061466 0.14120890 0.08811824 -0.02343178 0.11472676 
-0.46219848 0.14431770 0.85704583 0.17611762 0.09621839 0.06017431 0.15590313 

----------
0.47785049 0.56043474 0.30091736 -0.60582221 -0.08092887 -0.08092887 -0.08092887 
-0.93809269 -0.05967149 -0.31061466 0.14120890 0.08811824 0.08811824 0.08811824 
-0.46219848 0.14431770 0.85704583 0.17611762 0.09621839 0.09621839 0.09621839 

----------
0.59527714 0.70602502 -0.03531878 -0.38241342 -0.14892166 -0.05633575 0.05225579 
-0.98850361 -0.00001458 -0.00009463 0.15162298 -0.00431098 0.13527836 0.05201145 
-0.23608963 -0.53461537 0.46275767 0.66685113 0.13665293 -0.04947574 0.05224631 

----------
iteration: 146, probabilities: [0.000117 0.000888 0.993324 0.003690 0.001981], probability: 0.993324339389801