0.45795345 0.14194380 -0.16636697 0.39875006 -0.04948340 -0.04293207 0.17353066 
0.31992105 0.19577217 -0.91432913 -0.06452783 -0.03642519 0.00208346 0.17256667 
0.99879283 0.24264775 -0.15494475 0.29146816 -0.08075369 0.03720248 0.14969534 

----------
0.45795345 0.14194380 -0.16636697 0.39875006 -0.04948340 -0.04948340 -0.04948340 
0.31992105 0.19577217 -0.91432913 -0.06452783 -0.03642519 -0.03642519 -0.03642519 
0.99879283 0.24264775 -0.15494475 0.29146816 -0.08075369 -0.08075369 -0.08075369 

----------
0.81620578 -0.00005620 0.00007854 0.57805534 -0.10648107 0.04396397 0.05201146 
0.34593162 0.60647310 -0.36333468 -0.61722860 0.11970982 -0.05629264 0.05224780 
0.97112354 0.00002294 0.00009295 -0.23893641 -0.06705120 -0.11798821 0.05201145 

----------
iteration: 164, probabilities: [0.000008 0.000049 0.997587 0.001824 0.000532], probability: 0.9975868463516235