-0.04823848 -0.12865901 -0.81914946 -0.55687887 0.06809024 0.09481331 0.18026553 
0.33827340 -0.41383120 -0.76109340 0.36749379 0.09212531 -0.09343583 0.10046710 
0.25331935 0.92654065 0.13557139 -0.24284177 -0.04280181 0.07913989 0.17950093 

----------
-0.04823848 -0.12865901 -0.81914946 -0.55687887 0.06809024 0.06809024 0.06809024 
0.33827340 -0.41383120 -0.76109340 0.36749379 0.09212531 0.09212531 0.09212531 
0.25331935 0.92654065 0.13557139 -0.24284177 -0.04280181 -0.04280181 -0.04280181 

----------
-0.32683224 0.02884240 -0.70624207 -0.62742758 -0.00626300 0.05476574 0.05225625 
0.12405645 -0.45274122 -0.54334603 0.69622378 0.14345910 0.16130425 0.05187241 
-0.00071759 0.91224987 0.40997299 0.00022440 -0.06525507 -0.11617649 0.05200780 

----------
iteration: 426, probabilities: [0.000001 0.000022 0.999867 0.000095 0.000015], probability: 0.9998667240142822