0.44360148 -0.04596624 0.51129474 -0.73463088 0.08759344 0.07212819 0.19415605 
0.81947090 0.00657686 0.16401687 -0.54911079 0.07979223 0.04583495 0.15159134 
0.69631897 0.48051801 0.52375085 -0.09963628 0.05085878 -0.03973829 0.11855855 

----------
0.44360148 -0.04596624 0.51129474 -0.73463088 0.08759344 0.08759344 0.08759344 
0.81947090 0.00657686 0.16401687 -0.54911079 0.07979223 0.07979223 0.07979223 
0.69631897 0.48051801 0.52375085 -0.09963628 0.05085878 0.05085878 0.05085878 

----------
0.36003896 -0.02856496 0.70655158 -0.60864789 0.17727274 0.04136156 0.05170189 
0.82313833 0.00005747 0.00007957 -0.56794701 0.02748484 0.15462538 0.05201150 
0.70602582 0.59065387 0.38829099 0.04610402 -0.01224427 -0.01063418 0.05224423 

----------
iteration: 292, probabilities: [0.000002 0.000073 0.999872 0.000049 0.000004], probability: 0.9998722076416016