0.45323273 0.64697323 0.41971594 -0.44703944 -0.04349781 -0.06242007 0.15247883 
0.44514985 -0.11848837 0.19077011 0.86683844 -0.01149572 -0.06260600 0.12247216 
0.87351875 0.23549810 -0.08288820 0.41789375 0.06390106 0.08436276 0.13355490 

----------
0.45323273 0.64697323 0.41971594 -0.44703944 -0.04349781 -0.04349781 -0.04349781 
0.44514985 -0.11848837 0.19077011 0.86683844 -0.01149572 -0.01149572 -0.01149572 
0.87351875 0.23549810 -0.08288820 0.41789375 0.06390106 0.06390106 0.06390106 

----------
0.59110167 0.70445155 -0.04420158 -0.39089942 -0.11818397 -0.07522917 0.05234744 
0.53635308 -0.00008077 0.00005140 0.84403309 -0.03148687 0.01399949 0.05201145 
0.91013243 -0.00004088 0.00008691 0.41465291 0.08829920 0.09755491 0.05201145 

----------
iteration: 112, probabilities: [0.000001 0.000033 0.999933 0.000025 0.000008], probability: 0.9999333620071411