0.04667475 0.94955336 0.29853929 0.08392956 -0.08010712 -0.03091997 0.15273181 
0.64066720 -0.09171671 -0.53451244 -0.54353476 -0.00982505 0.00981969 0.17235814 
0.14337959 -0.27821221 0.47921707 -0.81999467 0.03214537 -0.00789384 0.18586634 

----------
0.04667475 0.94955336 0.29853929 0.08392956 -0.08010712 -0.08010712 -0.08010712 
0.64066720 -0.09171671 -0.53451244 -0.54353476 -0.00982505 -0.00982505 -0.00982505 
0.14337959 -0.27821221 0.47921707 -0.81999467 0.03214537 0.03214537 0.03214537 

----------
0.00024036 0.94075963 0.33912861 -0.00076196 -0.10727738 -0.07291473 0.05194666 
0.59492198 -0.00157002 -0.69968738 -0.39565596 0.01520961 -0.07164389 0.05239022 
0.16631628 -0.05919862 0.70542810 -0.68651835 0.00530869 0.05487146 0.05123686 

----------
iteration: 278, probabilities: [0.000034 0.000115 0.997075 0.002590 0.000187], probability: 0.9970749616622925