0.06787790 -0.72003039 -0.20314563 0.66006112 -0.09402209 -0.00075665 0.17916965 
0.35677550 -0.64463880 0.18510553 0.65029840 0.08693167 -0.02551477 0.16938956 
0.31578504 0.47881321 0.44784961 0.68589244 0.07489278 0.09383003 0.14176344 

----------
0.06787790 -0.72003039 -0.20314563 0.66006112 -0.09402209 -0.09402209 -0.09402209 
0.35677550 -0.64463880 0.18510553 0.65029840 0.08693167 0.08693167 0.08693167 
0.31578504 0.47881321 0.44784961 0.68589244 0.07489278 0.07489278 0.07489278 

----------
0.26381533 -0.55430571 -0.43930433 0.65617252 -0.07499767 -0.14302265 0.05187239 
0.56997923 -0.70026405 -0.09961777 0.41878802 0.07962971 0.00063979 0.05170313 
0.54985249 0.25505865 0.65923137 0.44517262 0.02071558 0.16953165 0.05225625 

----------
iteration: 269, probabilities: [0.000004 0.000058 0.999741 0.000182 0.000014], probability: 0.9997414946556091