0.59001241 -0.34120543 0.11780359 -0.37062204 0.00093410 0.00093410 0.00093410 
0.98467050 -0.09770050 0.13453974 0.04357673 0.01758655 0.01758655 0.01758655 
0.83490155 -0.52967347 0.31152505 0.36139525 -0.04447161 -0.04447161 -0.04447161 

----------
0.69307960 -0.53258641 0.46525784 -0.14025589 0.11725242 -0.04258740 0.05187206 
0.99906955 -0.00000406 0.00009561 0.04401148 -0.02124685 0.05880756 0.05201145 
0.67163997 -0.69631881 0.12321823 0.22141518 -0.11473809 -0.03921533 0.05170303 

----------
iteration: 13, probabilities: [0.000038 0.000127 0.996381 0.003419 0.000035], probability: 0.9963812232017517