0.97877437 0.74154512 0.96888014 -0.09000859 -0.01107694 0.00529585 0.16531137 
0.27792226 0.22777128 -0.66355435 0.20228435 -0.00098580 -0.00458838 0.18101595 
-0.18396326 -0.48689900 -0.12630606 0.18637519 0.00115130 -0.06371607 0.16505594 

----------
0.97877437 0.74154512 0.96888014 -0.09000859 -0.01107694 -0.01107694 -0.01107694 
0.27792226 0.22777128 -0.66355435 0.20228435 -0.00098580 -0.00098580 -0.00098580 
-0.18396326 -0.48689900 -0.12630606 0.18637519 0.00115130 0.00115130 0.00115130 

----------
0.70189525 0.64454750 0.29100341 0.08654549 -0.12635480 -0.00507204 0.05169447 
0.34572498 0.12968264 -0.69053498 0.62212093 -0.00482446 -0.03331365 0.05249733 
-0.59554620 -0.70602263 0.03476488 0.38193763 0.03082253 0.08823222 0.05225624 

----------
iteration: 1184, probabilities: [0.000013 0.000021 0.999894 0.000033 0.000040], probability: 0.9998935461044312