0.56996630 0.85955045 0.42310209 -0.36321060 0.02157425 -0.01318041 0.15349609 
0.55669967 -0.53292277 -0.42580142 0.23168579 -0.00677469 -0.00520451 0.15340206 
0.32680229 0.93741921 0.03302181 -0.30491900 0.00383297 0.00159311 0.15688956 

----------
0.56996630 0.85955045 0.42310209 -0.36321060 0.02157425 0.02157425 0.02157425 
0.55669967 -0.53292277 -0.42580142 0.23168579 -0.00677469 -0.00677469 -0.00677469 
0.32680229 0.93741921 0.03302181 -0.30491900 0.00383297 0.00383297 0.00383297 

----------
0.70334576 0.64745863 0.28363670 -0.07636909 0.03652128 0.09559099 0.05225625 
0.43630979 -0.65474384 -0.26720902 0.55645487 -0.06050722 -0.01180346 0.05187241 
-0.44609509 -0.63746813 0.30695606 0.54922158 0.10066331 -0.26591853 0.05206110 

----------
iteration: 258, probabilities: [0.000020 0.000020 0.999798 0.000094 0.000069], probability: 0.9997976422309875