-0.02245638 0.16664630 0.30080724 0.29442669 -0.00105469 -0.00105469 -0.00105469 
0.22555523 -0.28583807 -0.21800354 -0.04397028 0.00769409 0.00769409 0.00769409 
0.81714621 0.02264449 -0.16399276 0.03047943 0.00401733 0.00401733 0.00401733 

----------
0.30549331 -0.05265290 0.70489651 0.63812319 -0.11591917 -0.03471994 0.05225626 
0.69288750 -0.67743225 0.20314736 0.14190426 0.18585983 -0.01223416 0.05170561 
0.99988012 -0.00000205 0.00009572 0.02214164 0.00858760 0.08287010 0.05201145 

----------
iteration: 315, probabilities: [0.000071 0.000151 0.989321 0.010384 0.000072], probability: 0.9893209934234619