0.70605775 0.74579160 0.56021233 -0.34887919 0.00466199 -0.00250693 0.15696075 
0.48419818 -0.40263532 -0.30247870 0.06538267 0.00227520 0.00266769 0.15862237 
0.29099929 0.94798208 0.40808211 -0.07855527 -0.00291742 -0.00096497 0.15990014 

----------
0.70605775 0.74579160 0.56021233 -0.34887919 0.00466199 0.00466199 0.00466199 
0.48419818 -0.40263532 -0.30247870 0.06538267 0.00227520 0.00227520 0.00227520 
0.29099929 0.94798208 0.40808211 -0.07855527 -0.00291742 -0.00291742 -0.00291742 

----------
0.69906342 0.66008369 0.25304144 -0.10920962 -0.10209150 0.05066277 0.05225582 
0.68507484 -0.70482193 0.05314482 -0.17658576 0.03549998 -0.07536898 0.05141533 
-0.37032110 0.61962399 0.34072945 -0.60251589 0.17209799 -0.01733216 0.05186387 

----------
iteration: 542, probabilities: [0.000022 0.000028 0.998885 0.000713 0.000352], probability: 0.9988848567008972