0.19609234 0.36115859 0.20122083 -0.99585724 0.04852594 0.01662450 0.15577931 
-0.32153781 -0.88627291 -0.74992697 0.68649366 0.04249706 0.03196357 0.17752238 
-0.13393472 -0.22628825 -0.00004535 0.71800492 -0.08742804 -0.02080397 0.12776829 

----------
0.19609234 0.36115859 0.20122083 -0.99585724 0.04852594 0.04852594 0.04852594 
-0.32153781 -0.88627291 -0.74992697 0.68649366 0.04249706 0.04249706 0.04249706 
-0.13393472 -0.22628825 -0.00004535 0.71800492 -0.08742804 -0.08742804 -0.08742804 

----------
0.41571375 0.00008743 0.00003869 -0.90964685 0.15850787 0.04206939 0.05201146 
0.23192450 -0.53242894 -0.46474370 0.66849882 0.04389765 0.04083602 0.05191329 
-0.19803293 -0.00009387 -0.00001895 0.98025391 -0.05227969 -0.08012587 0.05201145 

----------
iteration: 8541, probabilities: [0.000017 0.000026 0.999871 0.000040 0.000046], probability: 0.9998706579208374