0.91205310 0.54666087 0.06979843 -0.79864344 0.01225831 0.00337446 0.14088034 
0.50314229 0.41299037 -0.67403466 0.34707449 -0.03420181 0.00779029 0.16407407 
0.36704186 -0.47288041 0.24769382 0.65357035 0.00407759 0.02293174 0.14979213 

----------
0.91205310 0.54666087 0.06979843 -0.79864344 0.01225831 0.01225831 0.01225831 
0.50314229 0.41299037 -0.67403466 0.34707449 -0.03420181 -0.03420181 -0.03420181 
0.36704186 -0.47288041 0.24769382 0.65357035 0.00407759 0.00407759 0.00407759 

----------
0.47778445 0.00008018 0.00005231 -0.87859476 0.11306948 0.02388827 0.05201137 
0.64681378 0.20844804 -0.67599486 0.28508883 -0.08122792 -0.03288386 0.05153806 
0.10314651 -0.25873686 0.65782127 0.69993622 0.06760356 0.12449561 0.05225625 

----------
iteration: 9691, probabilities: [0.000016 0.000027 0.999872 0.000038 0.000046], probability: 0.9998724460601807