0.49969315 0.37586380 0.37582403 0.26320869 0.01461049 0.03386405 0.14886201 
0.37324587 -0.00951618 -0.63546656 0.59512085 -0.03610635 0.02797650 0.16497812 
-0.49276348 -0.99153443 0.09674230 0.80040869 0.02843468 0.01074551 0.16660609 

----------
0.49969315 0.37586380 0.37582403 0.26320869 0.01461049 0.01461049 0.01461049 
0.37324587 -0.00951618 -0.63546656 0.59512085 -0.03610635 -0.03610635 -0.03610635 
-0.49276348 -0.99153443 0.09674230 0.80040869 0.02843468 0.02843468 0.02843468 

----------
0.66039593 0.44611374 0.54823108 0.25362936 -0.03025791 0.07359728 0.05225626 
0.03021178 -0.36100338 -0.60808861 0.70649861 -0.09524363 -0.04736140 0.05170729 
-0.47985685 -0.67435569 0.21179443 0.51983207 0.08484867 0.04157552 0.05225626 

----------
iteration: 9928, probabilities: [0.000010 0.000018 0.999526 0.000231 0.000215], probability: 0.9995261430740356