0.57629204 -0.35300368 0.72704988 -0.43348153 0.00948987 0.01838591 0.18221699 
0.65605844 0.27893306 -0.65156147 0.53347445 0.04780209 -0.00128861 0.16377151 
0.51923971 -0.26904947 0.15249110 0.72627270 -0.04644435 -0.01566098 0.16625201 

----------
0.57629204 -0.35300368 0.72704988 -0.43348153 0.00948987 0.00948987 0.00948987 
0.65605844 0.27893306 -0.65156147 0.53347445 0.04780209 0.04780209 0.04780209 
0.51923971 -0.26904947 0.15249110 0.72627270 -0.04644435 -0.04644435 -0.04644435 

----------
0.57708708 -0.29879786 0.64086944 -0.40866181 -0.08251437 0.03885669 0.05187339 
0.47988309 0.01762515 -0.70241966 0.52544868 0.03878840 0.05958652 0.05234951 
0.58837626 -0.00007733 0.00005641 0.80870300 0.03379920 -0.12091192 0.05201145 

----------
iteration: 11900, probabilities: [0.000014 0.000018 0.999723 0.000127 0.000118], probability: 0.9997226595878601