0.02474925 0.20584882 0.25233673 0.29015340 -0.00000703 -0.00000703 -0.00000703 
0.13284958 -0.19246854 -0.37729688 -0.34715980 -0.00000562 -0.00000562 -0.00000562 
0.93162217 0.17013593 -0.09251465 0.07801692 -0.00000085 -0.00000085 -0.00000085 

----------
0.41730179 0.07740903 0.70260520 0.57128820 -0.12714824 0.05154387 0.05226216 
-0.18335065 0.18118226 -0.68313132 -0.68345939 -0.04822359 -0.07926560 0.05226742 
0.99667920 -0.00006570 0.00010664 0.08217249 0.06260551 0.08240211 0.05201243 

----------
iteration: 2023, probabilities: [0.000069 0.000168 0.990906 0.008785 0.000072], probability: 0.9909064769744873