0.07084059 -0.82831389 0.93619705 0.06318079 -0.01243137 -0.02090847 0.15360145 
0.65540553 -0.16841820 -0.31321155 0.44548686 0.02264819 -0.00370665 0.13524612 
0.79359636 0.02306935 -0.28454292 -0.58767882 -0.01185458 -0.05184846 0.15304969 

----------
0.07084059 -0.82831389 0.93619705 0.06318079 -0.01243137 -0.01243137 -0.01243137 
0.65540553 -0.16841820 -0.31321155 0.44548686 0.02264819 0.02264819 0.02264819 
0.79359636 0.02306935 -0.28454292 -0.58767882 -0.01185458 -0.01185458 -0.01185458 

----------
0.00092853 -0.70761527 0.70663547 0.00078314 0.04398619 -0.05944501 0.05195890 
0.81802519 -0.00141675 0.00086237 0.57532138 0.10103286 0.06931491 0.05212305 
0.77143803 0.00006096 0.00007381 -0.63637701 -0.05370725 -0.01850983 0.05201145 

----------
iteration: 394, probabilities: [0.000002 0.000034 0.999851 0.000083 0.000029], probability: 0.9998514652252197