-0.13339604 0.71254920 0.99648803 0.24850932 0.05364961 0.02414416 0.16651862 
0.23531726 0.24655802 -0.23725993 -0.09641173 -0.01453188 -0.00414069 0.17005573 
0.57091578 0.54949623 -0.09709456 -0.67278579 -0.00601643 -0.01333287 0.14273223 

----------
-0.13339604 0.71254920 0.99648803 0.24850932 0.05364961 0.05364961 0.05364961 
0.23531726 0.24655802 -0.23725993 -0.09641173 -0.01453188 -0.01453188 -0.01453188 
0.57091578 0.54949623 -0.09709456 -0.67278579 -0.00601643 -0.00601643 -0.00601643 

----------
-0.03273543 0.36346534 0.60661315 -0.70647261 0.10629806 0.20546156 0.05170381 
0.47396951 0.63868933 -0.30345000 -0.52487159 -0.06428159 -0.05067298 0.05181824 
0.54157690 0.63972379 -0.12529707 -0.53082328 0.05503655 -0.03920752 0.05876224 

----------
iteration: 3441, probabilities: [0.000002 0.000030 0.999881 0.000059 0.000028], probability: 0.9998809099197388