0.00652264 0.32591400 0.42577954 0.72128136 0.02829599 0.02351792 0.14718766 
0.95631351 -0.70549885 -0.09037673 0.64892202 0.01391830 -0.03922359 0.14240067 
0.24094804 0.70482123 -0.06607083 -0.02744575 0.03763602 0.05173199 0.17731057 

----------
0.00652264 0.32591400 0.42577954 0.72128136 0.02829599 0.02829599 0.02829599 
0.95631351 -0.70549885 -0.09037673 0.64892202 0.01391830 0.01391830 0.01391830 
0.24094804 0.70482123 -0.06607083 -0.02744575 0.03763602 0.03763602 0.03763602 

----------
0.38547092 0.03896801 0.70579111 0.59325127 -0.08247519 0.11860122 0.05225625 
0.58971957 -0.70560781 -0.04678111 0.39021763 0.00534496 -0.04314675 0.05187088 
0.10980664 0.97381766 -0.19917479 0.00768969 0.09431478 0.05591008 0.06093944 

----------
iteration: 3326, probabilities: [0.000002 0.000028 0.999858 0.000071 0.000040], probability: 0.9998584985733032