0.02201546 -0.06961790 0.91224242 -0.39828907 -0.05715381 -0.00352602 0.15197690 
0.19089845 -0.29883245 -0.78351242 0.69044599 -0.03971847 -0.07307188 0.16109375 
0.91028373 0.20224871 0.36466302 -0.63622360 -0.06938511 0.00414672 0.17601735 

----------
0.02201546 -0.06961790 0.91224242 -0.39828907 -0.05715381 -0.05715381 -0.05715381 
0.19089845 -0.29883245 -0.78351242 0.69044599 -0.03971847 -0.03971847 -0.03971847 
0.91028373 0.20224871 0.36466302 -0.63622360 -0.06938511 -0.06938511 -0.06938511 

----------
0.27103437 0.07120458 0.70358388 -0.65316849 -0.16595131 -0.05078765 0.05169827 
0.08363192 -0.42034272 -0.56867524 0.70214781 -0.06343710 0.05801488 0.05186967 
0.84066620 0.00005191 0.00008046 -0.54167440 -0.00985777 -0.06603761 0.05201145 

----------
iteration: 3535, probabilities: [0.000011 0.000045 0.998033 0.001451 0.000459], probability: 0.9980334639549255