-0.39579056 -0.23681175 0.88131372 -0.08236149 -0.02363031 0.02620289 0.13932241 
0.77721426 -0.55099904 -0.49053070 0.39382231 -0.01331030 -0.04643162 0.14963464 
0.67291232 -0.48097591 -0.03198278 -0.45638807 0.01926738 0.01390309 0.17354299 

----------
-0.39579056 -0.23681175 0.88131372 -0.08236149 -0.02363031 -0.02363031 -0.02363031 
0.77721426 -0.55099904 -0.49053070 0.39382231 -0.01331030 -0.01331030 -0.01331030 
0.67291232 -0.48097591 -0.03198278 -0.45638807 0.01926738 0.01926738 0.01926738 

----------
-0.61085202 -0.68151960 0.18871984 0.35665760 0.19109492 -0.07099248 0.05175688 
0.46197961 -0.66658180 -0.23614832 0.53534124 -0.02841976 0.10622028 0.05187241 
0.70586309 -0.59214178 0.38664456 -0.04247040 0.00318321 -0.08422766 0.05187255 

----------
iteration: 3125, probabilities: [0.000004 0.000037 0.999578 0.000271 0.000110], probability: 0.9995778203010559