-0.17860687 0.23682175 0.99181893 0.01148448 -0.01177967 -0.05675069 0.16789648 
0.55006439 -0.46878196 -0.25608100 -0.11375441 -0.02504040 -0.00265496 0.17075864 
0.26580356 0.51617202 -0.25878197 -0.63022493 -0.00857147 -0.02502810 0.15658990 

----------
-0.17860687 0.23682175 0.99181893 0.01148448 -0.01177967 -0.01177967 -0.01177967 
0.55006439 -0.46878196 -0.25608100 -0.11375441 -0.02504040 -0.02504040 -0.02504040 
0.26580356 0.51617202 -0.25878197 -0.63022493 -0.00857147 -0.00857147 -0.00857147 

----------
0.00104242 0.16181607 0.98688471 -0.00026461 0.05977365 0.01817173 0.05195331 
0.73049881 -0.66834720 -0.13807898 0.02629423 -0.00538835 -0.08746663 0.05352275 
0.32388160 0.59347869 -0.38394335 -0.62897165 -0.09482877 0.05513929 0.05225625 

----------
iteration: 5002, probabilities: [0.000003 0.000032 0.999698 0.000192 0.000074], probability: 0.9996981620788574