0.17186888 0.44721954 0.66356736 -0.33669209 -0.04278560 0.05229694 0.13979583 
0.77288912 -0.34699157 -0.76335487 0.76318334 -0.02826408 0.00601458 0.15928203 
0.68840221 0.37010881 -0.34323813 -0.65487019 0.00367997 0.01922630 0.14411780 

----------
0.17186888 0.44721954 0.66356736 -0.33669209 -0.04278560 -0.04278560 -0.04278560 
0.77288912 -0.34699157 -0.76335487 0.76318334 -0.02826408 -0.02826408 -0.02826408 
0.68840221 0.37010881 -0.34323813 -0.65487019 0.00367997 0.00367997 0.00367997 

----------
-0.11109905 0.31338447 0.63423416 -0.69812132 0.08334079 -0.09428628 0.05207432 
0.24907515 -0.54255889 -0.45355260 0.66184641 -0.13280031 0.01142065 0.05184564 
0.38388283 0.62820859 -0.32399771 -0.59424844 -0.01190924 0.04157327 0.05225592 

----------
iteration: 6902, probabilities: [0.000003 0.000031 0.999808 0.000115 0.000043], probability: 0.9998082518577576