-0.07711304 -0.44882317 0.70670225 -0.54300895 0.09312964 -0.00326675 0.14316308 
0.38890488 -0.25478384 0.81543341 0.34985146 0.06556553 -0.03825439 0.18543741 
-0.22598807 0.74402668 -0.33983734 0.53823123 -0.01750331 0.04616058 0.13500074 

----------
-0.07711304 -0.44882317 0.70670225 -0.54300895 0.09312964 0.09312964 0.09312964 
0.38890488 -0.25478384 0.81543341 0.34985146 0.06556553 0.06556553 0.06556553 
-0.22598807 0.74402668 -0.33983734 0.53823123 -0.01750331 -0.01750331 -0.01750331 

----------
0.04037511 -0.40421102 0.57855988 -0.70741722 0.15914500 0.12442887 0.05214302 
0.01750305 -0.33662071 0.62162620 0.70732083 0.04754639 0.09467239 0.05225496 
-0.47062534 0.16397727 -0.68795604 0.52786072 -0.06288084 -0.12471828 0.05169724 

----------
iteration: 98, probabilities: [0.000017 0.000031 0.999640 0.000180 0.000132], probability: 0.999639630317688