-0.07568366 -0.94134930 0.73017756 -0.86099970 0.03701969 0.01942973 0.15891253 
0.90194173 -0.66681728 0.67141926 -0.48033550 0.00803312 -0.01136247 0.14685781 
-0.51445950 0.42133014 -0.93225471 -0.24040044 -0.03946837 -0.03193889 0.14221384 

----------
-0.07568366 -0.94134930 0.73017756 -0.86099970 0.03701969 0.03701969 0.03701969 
0.90194173 -0.66681728 0.67141926 -0.48033550 0.00803312 0.00803312 0.00803312 
-0.51445950 0.42133014 -0.93225471 -0.24040044 -0.03946837 -0.03946837 -0.03946837 

----------
0.10518341 -0.57011223 0.41472863 -0.70141522 0.07729607 0.06963461 0.05215872 
0.67427957 -0.48016131 0.51909896 -0.21298526 -0.03323863 0.04234675 0.05187224 
-0.13992772 0.35549431 -0.91685144 -0.11697885 -0.00210080 -0.07919112 0.06618584 

----------
iteration: 1441, probabilities: [0.000016 0.000056 0.999796 0.000017 0.000115], probability: 0.9997963309288025