-0.19072998 -0.58459651 -0.13398904 -0.61732195 0.02331150 -0.01541832 0.17313602 
0.39290912 -0.66540175 0.95203431 -0.21420897 -0.00526850 -0.02489594 0.13968861 
-0.14079833 0.20040506 -0.68053928 0.21001639 -0.05425717 -0.00653598 0.16854361 

----------
-0.19072998 -0.58459651 -0.13398904 -0.61732195 0.02331150 0.02331150 0.02331150 
0.39290912 -0.66540175 0.95203431 -0.21420897 -0.00526850 -0.00526850 -0.00526850 
-0.14079833 0.20040506 -0.68053928 0.21001639 -0.05425717 -0.05425717 -0.05425717 

----------
-0.62079659 -0.36916763 -0.60281323 -0.33934639 0.03024147 0.16164885 0.05225626 
0.64415208 -0.41504982 0.57256566 -0.29169117 -0.01254047 -0.05921111 0.05187240 
-0.53645497 0.25396976 -0.65999367 0.46082105 -0.16702100 -0.05431849 0.05170188 

----------
iteration: 2956, probabilities: [0.000004 0.000006 0.999681 0.000010 0.000300], probability: 0.9996806383132935