0.31178383 -0.96920279 -0.26788480 -0.52449131 0.05422182 0.00742681 0.14410319 
0.21183095 -0.45116997 0.42621496 -0.34244909 0.03794971 -0.02648291 0.16750973 
0.30890289 -0.32162029 -0.90979369 -0.15808478 -0.00255164 -0.04468723 0.14693308 

----------
0.31178383 -0.96920279 -0.26788480 -0.52449131 0.05422182 0.05422182 0.05422182 
0.21183095 -0.45116997 0.42621496 -0.34244909 0.03794971 0.03794971 0.03794971 
0.30890289 -0.32162029 -0.90979369 -0.15808478 -0.00255164 -0.00255164 -0.00255164 

----------
0.63571829 -0.39853335 0.58423573 -0.30992072 0.11583870 -0.10788583 0.05188413 
0.57475851 -0.29609762 0.64222903 -0.41196915 -0.02846265 0.07935298 0.05186261 
-0.70588108 -0.58757497 -0.39306561 -0.04862364 -0.16468500 0.00177058 0.05225045 

----------
iteration: 4436, probabilities: [0.000004 0.000005 0.999629 0.000041 0.000320], probability: 0.9996293783187866