-0.41508530 -0.57904250 0.76914481 -0.59534819 0.02633724 -0.00298820 0.16083029 
0.37345303 -0.79989979 0.99928338 -0.54514937 0.01225536 0.04499821 0.16590210 
0.16760103 -0.12200694 -0.96320105 -0.08732402 -0.02419689 0.01597303 0.16025002 

----------
-0.41508530 -0.57904250 0.76914481 -0.59534819 0.02633724 0.02633724 0.02633724 
0.37345303 -0.79989979 0.99928338 -0.54514937 0.01225536 0.01225536 0.01225536 
0.16760103 -0.12200694 -0.96320105 -0.08732402 -0.02419689 -0.02419689 -0.02419689 

----------
0.16556896 0.19663311 0.67935209 -0.68751852 -0.07426411 0.10176279 0.05187003 
0.56138389 -0.27462495 0.65169148 -0.42998471 0.01712508 -0.07853624 0.05187241 
-0.00009180 -0.05459450 -0.99860512 0.00041320 -0.09009464 -0.00104978 0.05198779 

----------
iteration: 5269, probabilities: [0.000030 0.000004 0.998926 0.000264 0.000776], probability: 0.9989262223243713