-0.10171887 -0.14183067 0.99146471 -0.41286561 -0.00007168 -0.01222326 0.16649665 
0.82985830 -0.73303753 0.63973965 0.19850157 0.00678736 -0.00084549 0.14566647 
-0.97694464 0.23275716 -0.87321642 -0.59782477 0.04945144 0.00700054 0.13703272 

----------
-0.10171887 -0.14183067 0.99146471 -0.41286561 -0.00007168 -0.00007168 -0.00007168 
0.82985830 -0.73303753 0.63973965 0.19850157 0.00678736 0.00678736 0.00678736 
-0.97694464 0.23275716 -0.87321642 -0.59782477 0.04945144 0.04945144 0.04945144 

----------
0.00153380 -0.20584428 0.97870727 -0.00010163 0.08510841 -0.02720609 0.05199623 
0.68265466 -0.50146982 0.49878724 -0.18478742 -0.07959272 -0.08893740 0.05187191 
-0.60243583 0.00007573 -0.00005795 -0.79837494 -0.00673577 0.02449221 0.05201145 

----------
iteration: 8026, probabilities: [0.000013 0.000075 0.999660 0.000096 0.000156], probability: 0.9996601343154907