0.56445828 -0.80973435 -0.15147185 0.05266309 0.09836873 0.09997091 0.11136487 
0.13917352 -0.85586453 -0.18511224 -0.46245009 0.07115398 0.01633412 0.15950427 
0.15746944 -0.80864917 0.18645721 0.53527899 0.01411870 0.06948719 0.10058803 

----------
0.56445828 -0.80973435 -0.15147185 0.05266309 0.09836873 0.09836873 0.09836873 
0.13917352 -0.85586453 -0.18511224 -0.46245009 0.07115398 0.07115398 0.07115398 
0.15746944 -0.80864917 0.18645721 0.53527899 0.01411870 0.01411870 0.01411870 

----------
0.65835864 -0.69978935 0.10202863 0.25806382 0.20391462 0.10233624 0.05187241 
-0.41325756 -0.07246276 -0.70320478 -0.57431812 -0.08887950 0.16580484 0.05225625 
-0.00127567 -0.39184127 -0.92039981 0.00016926 -0.05116439 -0.05736565 0.05195885 

----------
iteration: 261, probabilities: [0.000000 0.000002 0.999993 0.000004 0.000001], probability: 0.999993085861206