0.39139057 0.49085334 -0.48662281 0.60751516 -0.07441508 -0.00645609 0.12504060 
0.48006056 0.29502615 0.74125921 -0.36474131 -0.06197267 0.09423036 0.11283984 
0.78477557 -0.15904760 0.59186224 0.09235939 -0.01119122 0.01170289 0.15496678 

----------
0.39139057 0.49085334 -0.48662281 0.60751516 -0.07441508 -0.07441508 -0.07441508 
0.48006056 0.29502615 0.74125921 -0.36474131 -0.06197267 -0.06197267 -0.06197267 
0.78477557 -0.15904760 0.59186224 0.09235939 -0.01119122 -0.01119122 -0.01119122 

----------
0.38727169 0.50515951 -0.49411664 0.59220529 -0.04167299 -0.13616840 0.05193300 
0.61396602 0.00007563 0.00005873 -0.78959002 -0.13521866 0.11006569 0.05201145 
0.68596479 -0.51057601 0.48947764 -0.17217629 0.00674785 0.09177509 0.05187317 

----------
iteration: 332, probabilities: [0.000015 0.000028 0.999637 0.000315 0.000005], probability: 0.999637246131897