0.62728739 0.35748441 -0.66996003 0.17282643 0.06411632 0.05094050 0.12957788 
0.69171077 0.15454703 -0.26654825 -0.65314888 -0.02417585 0.05128292 0.13212082 
0.18131562 -0.22002414 -0.95629097 -0.06497393 -0.09043891 0.05764586 0.12701904 

----------
0.62728739 0.35748441 -0.66996003 0.17282643 0.06411632 0.06411632 0.06411632 
0.69171077 0.15454703 -0.26654825 -0.65314888 -0.02417585 -0.02417585 -0.02417585 
0.18131562 -0.22002414 -0.95629097 -0.06497393 -0.09043891 -0.09043891 -0.09043891 

----------
0.56479734 0.70135067 -0.08834284 -0.42611900 0.15599650 0.01264069 0.05225627 
0.75656599 0.00006266 0.00007239 -0.65405606 0.02146287 -0.02626652 0.05201145 
-0.01311485 -0.16798630 -0.98568367 0.01872734 -0.13460356 -0.09391515 0.05410102 

----------
iteration: 682, probabilities: [0.000033 0.000012 0.999946 0.000001 0.000008], probability: 0.9999455213546753