0.66030300 -0.16276229 0.54359822 0.49194446 -0.07626936 -0.08658162 0.10742203 
0.33053747 -0.04263028 0.79824864 -0.50172378 0.00465733 0.03422287 0.17792445 
-0.13920291 0.65408085 0.01122985 -0.74342094 -0.08596787 0.09357842 0.18082367 

----------
0.66030300 -0.16276229 0.54359822 0.49194446 -0.07626936 -0.07626936 -0.07626936 
0.33053747 -0.04263028 0.79824864 -0.50172378 0.00465733 0.00465733 0.00465733 
-0.13920291 0.65408085 0.01122985 -0.74342094 -0.08596787 -0.08596787 -0.08596787 

----------
0.59790704 -0.00007658 0.00005737 0.80175917 -0.16003791 -0.12417130 0.05201145 
0.38933360 -0.04574767 0.70567627 -0.59026201 0.00599149 0.02729298 0.05187241 
-0.39310181 0.62745969 0.32639444 -0.58795659 -0.05738679 -0.19561454 0.05175192 

----------
iteration: 666, probabilities: [0.000016 0.000008 0.999959 0.000004 0.000013], probability: 0.9999594688415527