0.84749991 0.46680410 0.24934020 -0.04083261 -0.09400601 0.08749219 0.14767379 
0.48628000 0.17925559 0.76462590 -0.38307497 -0.07498799 -0.06153427 0.16747548 
0.07475702 0.44417733 -0.63734832 0.62522396 0.03261018 -0.07892603 0.14308625 

----------
0.84749991 0.46680410 0.24934020 -0.04083261 -0.09400601 -0.09400601 -0.09400601 
0.48628000 0.17925559 0.76462590 -0.38307497 -0.07498799 -0.07498799 -0.07498799 
0.07475702 0.44417733 -0.63734832 0.62522396 0.03261018 0.03261018 0.03261018 

----------
0.70714712 0.62291005 0.33403729 -0.02038905 -0.05377812 -0.17811632 0.05225631 
0.31104832 0.04447188 0.70573501 -0.63508817 -0.08685774 0.01804707 0.05187232 
-0.45431870 0.45279099 -0.54366563 0.54150414 0.03892608 0.03199440 0.05080475 

----------
iteration: 276, probabilities: [0.000022 0.000002 0.999861 0.000015 0.000100], probability: 0.9998611211776733