0.10306830 0.28033300 0.76088431 0.18661334 0.00346706 0.00346706 0.00346706 
0.25454706 -0.41473057 -0.57568151 -0.13681061 -0.00573435 -0.00573435 -0.00573435 
0.90201854 0.10390470 0.18574245 -0.02323920 -0.00346788 -0.00346788 -0.00346788 

----------
0.00099215 0.27548329 0.96140660 -0.00035160 0.04759513 0.09591930 0.05195181 
-0.00323336 -0.59482671 -0.80416155 0.00392903 -0.07871588 0.01694446 0.05228696 
0.99915067 0.00000409 0.00009565 -0.04202926 0.02839612 -0.03513093 0.05201145 

----------
iteration: 71, probabilities: [0.000575 0.000559 0.515909 0.480767 0.002189], probability: 0.5159093141555786