0.02772477 0.20639486 0.25201444 0.28946969 0.00010785 0.00010785 0.00010785 
0.13395951 -0.19125790 -0.37622808 -0.34994773 0.00008666 0.00008666 0.00008666 
0.93193320 0.16974192 -0.09166448 0.07859849 -0.00004020 -0.00004020 -0.00004020 

----------
0.42076616 0.08173800 0.70211467 0.56874908 -0.06395284 0.11403923 0.05225632 
-0.18111607 0.18300912 -0.68287305 -0.68382705 -0.12901072 -0.06355627 0.05225594 
0.99644333 0.00010757 0.00010412 0.08506322 0.08198569 0.00463467 0.05201276 

----------
iteration: 1311, probabilities: [0.000109 0.000217 0.981059 0.018479 0.000135], probability: 0.9810592532157898