0.02477997 0.20584350 0.25219871 0.29009531 -0.00000180 -0.00000180 -0.00000180 
0.13278407 -0.19245717 -0.37743318 -0.34730495 -0.00001186 -0.00001186 -0.00001186 
0.93166660 0.17012645 -0.09241382 0.07811679 0.00000182 0.00000182 0.00000182 

----------
0.41860618 0.07907411 0.70241949 0.57034174 -0.07293722 0.10903130 0.05225630 
-0.17501648 0.18770554 -0.68165892 -0.68535906 -0.12558247 -0.06694239 0.05227587 
0.99642007 0.00000329 0.00010348 0.08533461 0.08543158 0.01135488 0.05201163 

----------
iteration: 1813, probabilities: [0.000199 0.000311 0.946526 0.052630 0.000335], probability: 0.9465256333351135