0.41481308 0.06449019 0.24258579 0.87459892 0.08871553 0.05976521 0.12126161 
0.47842714 0.05126803 0.53097141 0.69753023 0.03183551 -0.03458570 0.10586536 
0.53970175 0.56735342 -0.08092662 0.61667091 0.01493074 0.01121577 0.13761523 
0.04129920 -0.29949251 -0.92739944 0.22029275 0.03916054 -0.00942162 0.15128000 

----------
0.41493269 0.06450194 0.24156594 0.87482358 0.10007459 0.07903583 0.11784994 
0.47624252 0.04878304 0.53351106 0.69726562 -0.01982916 -0.01011106 0.08415021 
0.54113110 0.56724107 -0.08023123 0.61561176 0.08093734 -0.07363069 0.12413963 
0.04249950 -0.29998685 -0.92726334 0.21996502 0.01345956 0.03167957 0.21293835 

----------
0.30005744 -0.00009131 0.00002879 0.95395731 0.09511712 0.05294598 0.05201145 
0.43160044 0.09521581 0.70037884 0.56052869 -0.01003350 0.00329186 0.05225624 
0.70386567 0.57426451 0.41220373 0.07170169 0.15505397 -0.03619896 0.05225626 
-0.65842634 0.70257006 -0.08388445 -0.25906436 -0.09463035 0.35016531 0.05170211 
