0.67195495 0.49253513 -0.25316717 -0.49172357 0.02201365 -0.02247464 0.10131220 
0.52090980 0.63363880 0.57175467 -0.01585708 0.07692644 0.00235378 0.14886415 
-0.06211730 0.90153412 0.27019981 -0.33221941 -0.02746710 0.06191954 0.18327906 
-0.36719121 0.30277501 0.10285292 -0.87345245 -0.01662697 0.04252114 0.19039164 
0.53545452 0.59677898 0.59365145 -0.06871140 0.08981618 -0.03564066 0.17112414 

----------
0.67212725 0.49326409 -0.25314904 -0.49076584 -0.00089046 -0.06244596 0.09723876 
0.51880772 0.63417148 0.57303906 -0.01709936 0.08980597 0.03537463 0.10310048 
-0.06352838 0.90068442 0.26993340 -0.33446633 0.00103247 0.06285683 0.24397503 
-0.36650762 0.30409015 0.10380278 -0.87317066 -0.06123010 0.05812321 0.13734883 
0.53566305 0.60135349 0.58922611 -0.06520552 0.11594432 -0.04522956 0.21614873 

----------
0.47657315 0.67300663 -0.21603463 -0.52284058 -0.01413394 -0.09138393 0.05225626 
0.65412677 0.43282947 0.55882783 0.26948923 0.06667855 0.02535702 0.05225194 
0.70450393 -0.58002091 0.40526969 -0.06505784 0.13995301 0.33062964 0.05186744 
-0.49662418 0.07642294 0.01091087 -0.86455881 -0.03916923 0.04966862 0.05843411 
-0.52872255 0.22632261 -0.67044830 0.47020565 0.08512942 -0.23441704 0.05187241 
