0.57703377 0.39132303 0.69141685 -0.18931734 -0.00563672 -0.09385844 0.16163189 
-0.34652871 0.69901764 0.34247926 -0.52345024 0.00906122 -0.01503922 0.18193718 
0.07039701 -0.09141871 0.17261072 0.97820878 0.07435333 -0.03921079 0.19900131 
0.44579708 0.83107732 0.31407078 -0.10924741 -0.01611365 -0.08094865 0.15522679 
-0.21317756 0.61303170 0.55226554 0.52321146 0.07502561 0.03565139 0.19705504 

----------
0.57894984 0.39365020 0.68871042 -0.18850625 0.02514009 -0.13182230 0.19506571 
-0.34532875 0.69921537 0.34399667 -0.52298403 -0.03018551 0.02123316 0.19675054 
0.07009650 -0.09307028 0.17602346 0.97746631 0.11223743 -0.05093850 0.14777923 
0.44581722 0.83075078 0.31462328 -0.11005652 -0.06807304 -0.07635753 0.11261260 
-0.21391761 0.61324469 0.55346905 0.52138505 0.09757082 0.04447946 0.23825101 

----------
0.00088088 0.52529990 0.85124984 -0.00060562 0.05833067 -0.17369813 0.05195156 
-0.76224152 0.06463554 -0.05223034 -0.64235965 0.04133124 0.00154276 0.05923920 
0.03484880 -0.00008594 0.00006177 0.99944624 0.11525285 -0.07619624 0.05200891 
0.67455779 0.70106738 -0.09064834 -0.21308680 -0.08505009 -0.03029719 0.05161944 
0.34765331 0.00336595 0.70754328 -0.61620759 0.14822840 0.13745212 0.05187676 
