-0.44852217 -0.36554911 -0.70669581 0.40716427 0.05818779 -0.02986614 0.16479040 
0.55055885 0.77284443 0.28741065 -0.13035170 0.05390604 -0.04983981 0.18663418 
-0.25502856 -0.37950869 -0.51149341 0.72753562 -0.09636905 -0.09602426 0.17089718 
0.02279930 -0.57957778 0.30416647 0.75568019 -0.09826337 0.05444227 0.10528962 
0.00303256 0.41804002 0.29504948 -0.85917353 -0.08382993 -0.00916968 0.17079970 

----------
-0.44783646 -0.36663990 -0.70514929 0.40961568 0.04309941 0.02374980 0.17879342 
0.55213198 0.77183954 0.28739238 -0.12969503 0.07054153 -0.10218447 0.17655349 
-0.25427069 -0.37944679 -0.51100255 0.72817868 -0.08883443 -0.12636923 0.15148629 
0.02121904 -0.57888424 0.30477850 0.75601115 -0.09063630 0.08008559 0.10285797 
0.00338962 0.41635185 0.29323427 -0.86061373 -0.10053873 -0.00573931 0.21164386 

----------
0.16325897 -0.00011829 0.00005882 0.98686016 0.11888732 0.15094664 0.05201202 
0.70744548 0.60963485 0.35776450 0.00682286 0.07678716 -0.07301940 0.05225626 
-0.20270670 -0.15977494 -0.68894840 0.67754016 -0.06570419 -0.16402683 0.05188234 
-0.21268199 -0.51989622 0.47893194 0.67476618 -0.07214889 0.12558883 0.05225625 
-0.00972186 0.35881744 0.60944920 -0.70711506 -0.09839575 -0.03791048 0.05187248 
