0.76301146 -0.09375572 0.47739460 0.42557934 -0.05068851 -0.03650848 0.11223090 
0.60544476 0.29713389 0.47339062 -0.56661223 -0.02213203 -0.03427953 0.18596071 
0.51449225 0.43748665 0.52537220 -0.51757822 -0.03750895 0.04455237 0.11102816 
0.05117047 -0.99702948 0.04539778 0.03539553 0.06116686 0.07774662 0.12351153 
0.92214554 -0.06604123 -0.02297812 0.38047098 0.06825049 0.06372993 0.11561547 

----------
0.76377582 -0.09208242 0.47801732 0.42387120 -0.08759721 -0.07135436 0.11076760 
0.60877207 0.30073758 0.47070080 -0.56337754 0.01608138 -0.03902732 0.19824668 
0.51375879 0.43822661 0.52532401 -0.51772969 -0.05557367 0.07212487 0.11687229 
0.04966439 -0.99720505 0.04538653 0.03249347 0.06374743 0.09629582 0.19938958 
0.92231706 -0.06556355 -0.01885063 0.38036570 0.08242994 0.05720191 0.07457455 

----------
0.68623890 0.50890596 0.49069921 0.17240358 -0.02053871 -0.13949794 0.05225626 
0.02406829 -0.35264882 0.93536197 0.02963553 0.15531102 -0.03911715 0.05556727 
0.00342189 0.00009576 0.00000027 -1.00023271 0.01113232 0.12307467 0.05201145 
-0.70757325 -0.61571322 -0.34742968 0.00517680 0.10077074 0.18826473 0.05225626 
0.91732262 -0.00004157 0.00008591 0.39818692 0.08935191 0.05211566 0.05201141 
