0.18933277 0.54608847 0.80692855 -0.12168319 -0.00937026 0.00193311 0.13704625 
0.24093868 0.30462077 -0.04382559 -0.92045318 0.02569783 -0.00497298 0.10829730 
0.04229938 0.77598957 0.29242346 -0.55726068 0.03650107 0.00455432 0.17722286 
-0.28988616 -0.64043905 0.35431227 -0.61665765 0.02889980 0.01593332 0.16180294 
0.10614560 0.70557392 -0.43270068 0.55106140 0.05179471 0.02805632 0.18165753 

----------
0.18996323 0.54633190 0.80660830 -0.12173339 -0.06299876 -0.04657403 0.11493943 
0.23847642 0.30387445 -0.04468252 -0.92129988 0.03278714 0.05779116 0.09006448 
0.04165238 0.77440289 0.29388922 -0.55874388 -0.01884071 0.01397031 0.24761486 
-0.28937634 -0.64073282 0.35266160 -0.61753753 0.06972134 -0.05745888 0.15606338 
0.10727184 0.70523196 -0.43371147 0.55048640 0.11285339 0.07777257 0.19625762 

----------
0.00093850 0.40439290 0.91461953 -0.00048254 -0.04730702 -0.06707097 0.05194536 
0.21703705 0.27444501 -0.15345576 -0.92419130 0.03131516 0.07232749 0.07150520 
-0.09457351 0.54253872 0.53986330 -0.63667144 0.00057332 -0.02053587 0.16330352 
-0.28560809 -0.64492529 0.28819974 -0.64769036 0.07685846 -0.04921538 0.05159749 
0.87804072 0.00004571 0.00008446 -0.47963409 0.27902366 0.21608518 0.05201145 
