0.63684644 0.11030493 0.72715194 0.23132120 0.06603459 0.07229274 0.15706827 
0.37040764 -0.03429035 -0.16700065 0.91308988 -0.00429462 -0.09434642 0.18676432 
-0.27718549 0.30265061 -0.02149754 0.91165162 0.07304507 -0.04711674 0.11212759 

----------
0.63684644 0.11030493 0.72715194 0.23132120 0.06603459 0.06603459 0.06603459 
0.37040764 -0.03429035 -0.16700065 0.91308988 -0.00429462 -0.00429462 -0.00429462 
-0.27718549 0.30265061 -0.02149754 0.91165162 0.07304507 0.07304507 0.07304507 

----------
0.61047104 0.39489301 0.58638513 0.35760387 0.08901791 -0.02858007 0.05207424 
0.39381965 -0.00009014 0.00007864 0.91922480 -0.01674482 0.00887944 0.05201192 
-0.36057666 -0.00008949 -0.00003387 0.93280219 0.02680244 0.12629475 0.05201146 

----------
iteration: 217, probabilities: [0.000040 0.000240 0.998863 0.000606 0.000251], probability: 0.9988633394241333