0.54586728 -0.18473135 0.60821429 0.54587418 0.03323497 0.06153306 0.18334456 
0.43442572 0.54435387 -0.44983542 0.55910755 0.02081107 0.01280072 0.10064484 
0.25438461 0.53545481 0.40138693 0.69818705 -0.07627828 0.04622929 0.19715893 

----------
0.54586728 -0.18473135 0.60821429 0.54587418 0.03323497 0.03323497 0.03323497 
0.43442572 0.54435387 -0.44983542 0.55910755 0.02081107 0.02081107 0.02081107 
0.25438461 0.53545481 0.40138693 0.69818705 -0.07627828 -0.07627828 -0.07627828 

----------
0.37439305 0.02798575 0.70632068 0.60038448 0.12905974 -0.01274367 0.05224932 
0.44061529 0.51437459 -0.48534114 0.55292515 -0.03511399 0.06455226 0.05138088 
0.29170302 0.46816184 0.51058283 0.65960108 -0.08131324 -0.07213797 0.05238955 

----------
iteration: 226, probabilities: [0.000013 0.000141 0.998510 0.000270 0.001066], probability: 0.9985103011131287