0.25078976 -0.10235706 -0.19792059 -0.94204828 -0.05176063 -0.04943989 0.15411309 
0.70619993 0.03708711 -0.70702758 -0.00426696 -0.07487324 0.03090170 0.18170183 
-0.33320960 0.92903472 -0.09630034 0.12881027 -0.08423747 -0.04517923 0.14187000 

----------
0.25078976 -0.10235706 -0.19792059 -0.94204828 -0.05176063 -0.05176063 -0.05176063 
0.70619993 0.03708711 -0.70702758 -0.00426696 -0.07487324 -0.07487324 -0.07487324 
-0.33320960 0.92903472 -0.09630034 0.12881027 -0.08423747 -0.08423747 -0.08423747 

----------
0.09589694 0.00009530 0.00000911 -0.99544722 -0.04076949 -0.00991246 0.05201145 
0.69963248 0.03814889 -0.70623414 0.10149534 -0.00837553 -0.11326746 0.05140673 
-0.70591478 0.70726454 0.02190059 -0.03460230 -0.14793492 -0.17200990 0.05089769 

----------
iteration: 837, probabilities: [0.000086 0.000076 0.999378 0.000356 0.000104], probability: 0.9993780851364136