0.07566875 0.70972738 0.10931343 -0.69181779 -0.06193149 -0.08208679 0.18487858 
-0.55950606 0.80478504 -0.01716708 -0.19743177 -0.07308585 0.02725697 0.19878871 
-0.69790247 -0.24712118 0.63358673 -0.22456876 0.08666805 0.08308515 0.11478570 

----------
0.07566875 0.70972738 0.10931343 -0.69181779 -0.06193149 -0.06193149 -0.06193149 
-0.55950606 0.80478504 -0.01716708 -0.19743177 -0.07308585 -0.07308585 -0.07308585 
-0.69790247 -0.24712118 0.63358673 -0.22456876 0.08666805 0.08666805 0.08666805 

----------
-0.08329666 0.64719910 0.26518806 -0.70986355 -0.05982858 -0.04202792 0.08596357 
-0.65564454 0.70280668 -0.07833321 -0.26480383 -0.04536876 -0.14569543 0.05169449 
-0.14220954 0.45277910 0.54327786 -0.69272565 0.01484286 0.17017613 0.05170202 

----------
iteration: 569, probabilities: [0.000033 0.000005 0.999910 0.000028 0.000023], probability: 0.9999104738235474