0.07706970 0.95716711 0.14031878 -0.24125096 -0.06353724 -0.01625283 0.10846046 
0.89653263 -0.27024290 0.34934543 -0.03399689 -0.04391764 -0.08787161 0.14383386 
0.34558672 0.86647576 0.27412002 0.23376865 -0.00625888 0.02720393 0.11720929 

----------
0.07706970 0.95716711 0.14031878 -0.24125096 -0.06353724 -0.06353724 -0.06353724 
0.89653263 -0.27024290 0.34934543 -0.03399689 -0.04391764 -0.04391764 -0.04391764 
0.34558672 0.86647576 0.27412002 0.23376865 -0.00625888 -0.00625888 -0.00625888 

----------
0.00012945 0.97275747 0.23199411 -0.00107317 -0.15818210 -0.05150048 0.05195468 
0.99133259 0.00026840 -0.00027898 -0.13233627 -0.07074033 -0.13842277 0.05202996 
0.70107332 0.56023480 0.43104484 0.09504705 0.02553855 0.09843673 0.05225624 

----------
iteration: 615, probabilities: [0.000021 0.000103 0.999739 0.000019 0.000119], probability: 0.9997385144233704