0.26387023 0.93241222 -0.24693162 0.00217234 0.09399940 -0.09302671 0.13095556 
0.23226334 0.58963059 0.14363845 -0.76010362 0.00187972 0.07006551 0.14794034 
0.08105976 0.90802107 0.36051006 -0.19738174 -0.02987146 0.03113177 0.19770812 

----------
0.26387023 0.93241222 -0.24693162 0.00217234 0.09399940 0.09399940 0.09399940 
0.23226334 0.58963059 0.14363845 -0.76010362 0.00187972 0.00187972 0.00187972 
0.08105976 0.90802107 0.36051006 -0.19738174 -0.02987146 -0.02987146 -0.02987146 

----------
-0.00060422 0.74307552 -0.66936829 -0.00062911 0.12991711 0.07464223 0.05194838 
-0.01658048 0.33745890 -0.62122855 -0.70739333 0.00306601 0.13249401 0.05225630 
0.00035461 0.91418999 0.40547340 -0.00148081 -0.02012373 -0.09701768 0.05199026 

----------
iteration: 610, probabilities: [0.000068 0.000035 0.999146 0.000165 0.000586], probability: 0.9991461038589478