0.41097180 0.58205038 -0.54933285 0.43652372 0.02390634 -0.00636647 0.17901685 
0.40071664 0.07770230 -0.85221792 0.32728145 0.06725518 0.07597161 0.10041639 
0.50211468 -0.43161839 -0.62375807 -0.41534598 0.00270500 0.03415773 0.19070988 

----------
0.41097180 0.58205038 -0.54933285 0.43652372 0.02390634 0.02390634 0.02390634 
0.40071664 0.07770230 -0.85221792 0.32728145 0.06725518 0.06725518 0.06725518 
0.50211468 -0.43161839 -0.62375807 -0.41534598 0.00270500 0.00270500 0.00270500 

----------
0.52104373 0.66364645 -0.24152526 0.47944435 -0.00418311 0.09810558 0.05222675 
0.19199617 -0.49483074 -0.50533477 0.68058441 0.07381839 0.16703331 0.05173471 
-0.08275305 0.27776340 -0.65004105 -0.70266115 -0.08045936 -0.09062319 0.05225623 

----------
iteration: 1002, probabilities: [0.000020 0.000019 0.999938 0.000008 0.000014], probability: 0.9999380111694336