0.59183313 -0.05115221 -0.94468688 -0.01566418 0.02164510 0.01533294 0.14940235 
-0.90183004 0.37033029 -0.28781729 -0.71725419 0.03616845 -0.05978134 0.15084820 
0.02945474 0.52633001 -0.98926332 0.94226149 0.03835706 0.05271562 0.15266234 

----------
0.59183313 -0.05115221 -0.94468688 -0.01566418 0.02164510 0.02164510 0.02164510 
-0.90183004 0.37033029 -0.28781729 -0.71725419 0.03616845 0.03616845 0.03616845 
0.02945474 0.52633001 -0.98926332 0.94226149 0.03835706 0.03835706 0.03835706 

----------
0.63530888 0.70551692 0.04479588 -0.31144695 0.05024133 0.01571310 0.05224800 
-0.95910140 0.00002699 -0.00009201 -0.28362697 0.03380388 -0.09605610 0.05201145 
-0.12903324 0.53331733 -0.45625782 0.70059980 0.10875132 0.11896303 0.05258714 

----------
iteration: 302, probabilities: [0.000003 0.000035 0.999797 0.000113 0.000052], probability: 0.9997968077659607