0.52908685 0.53191853 -0.88469601 0.46681073 -0.03218085 -0.00763985 0.15394137 
-0.99967827 0.71678243 0.13474974 -0.26583378 0.05061370 0.00234774 0.14931635 
0.55989762 -0.17808598 -0.57438731 0.46538220 0.01103547 0.00907251 0.14388447 

----------
0.52908685 0.53191853 -0.88469601 0.46681073 -0.03218085 -0.03218085 -0.03218085 
-0.99967827 0.71678243 0.13474974 -0.26583378 0.05061370 0.05061370 0.05061370 
0.55989762 -0.17808598 -0.57438731 0.46538220 0.01103547 0.01103547 0.01103547 

----------
0.57747886 0.35465107 -0.61190744 0.40791774 -0.07479541 0.00622030 0.05140691 
-0.62968499 0.70638510 -0.03260293 -0.32177235 0.06186848 0.12733467 0.05188471 
0.47309625 -0.26181968 -0.65610647 0.52650676 0.04295943 -0.04580773 0.05213991 

----------
iteration: 1179, probabilities: [0.000003 0.000028 0.999637 0.000214 0.000117], probability: 0.9996374845504761