0.68128481 0.00462424 -0.80953816 0.72122663 -0.00897038 -0.06818897 0.15143282 
-0.51404279 0.41085985 0.03373215 0.00649952 -0.03712960 0.04249028 0.15462151 
0.56432637 0.20632188 -0.22208492 0.87047701 -0.02047855 0.00394093 0.15178152 

----------
0.68128481 0.00462424 -0.80953816 0.72122663 -0.00897038 -0.00897038 -0.00897038 
-0.51404279 0.41085985 0.03373215 0.00649952 -0.03712960 -0.03712960 -0.03712960 
0.56432637 0.20632188 -0.22208492 0.87047701 -0.02047855 -0.02047855 -0.02047855 

----------
-0.17286059 -0.18994465 -0.68100478 0.68597362 -0.09021080 0.05647079 0.05189670 
-0.69357128 0.67074148 -0.22404458 -0.13768453 -0.07529273 -0.06163911 0.05187195 
0.44458166 -0.00008543 0.00004278 0.89582508 0.07167497 -0.01056890 0.05201145 

----------
iteration: 1181, probabilities: [0.000003 0.000031 0.999837 0.000093 0.000036], probability: 0.999836802482605