-0.11027508 0.29729902 -0.90515911 -0.02059037 0.02278472 0.01780357 0.13495444 
-0.54777943 0.51464590 0.28218833 -0.13568114 -0.04703824 -0.01667013 0.15116350 
0.20051724 0.27224044 -0.52412692 0.43306066 0.03858730 -0.00496129 0.12760542 

----------
-0.11027508 0.29729902 -0.90515911 -0.02059037 0.02278472 0.02278472 0.02278472 
-0.54777943 0.51464590 0.28218833 -0.13568114 -0.04703824 -0.04703824 -0.04703824 
0.20051724 0.27224044 -0.52412692 0.43306066 0.03858730 0.03858730 0.03858730 

----------
-0.00082899 0.31841701 -0.94797920 -0.00025602 0.07212249 -0.02862179 0.05194862 
-0.56013070 0.70048145 0.09732476 -0.43153109 -0.05390196 -0.02124688 0.05187043 
-0.18026619 -0.19268359 -0.66478201 0.69903417 -0.03625758 0.11007378 0.05394324 

----------
iteration: 1079, probabilities: [0.000002 0.000028 0.999875 0.000064 0.000030], probability: 0.9998751878738403