-0.19941278 0.17927776 -0.57769420 -0.15424443 -0.04556807 -0.02456218 0.15922787 
-0.97044730 0.77276783 -0.67396882 -0.59698382 -0.00543325 -0.00822324 0.15040265 
0.73084360 0.27300834 -0.19919930 0.95454035 -0.01198482 0.01431752 0.16221948 

----------
-0.19941278 0.17927776 -0.57769420 -0.15424443 -0.04556807 -0.04556807 -0.04556807 
-0.97044730 0.77276783 -0.67396882 -0.59698382 -0.00543325 -0.00543325 -0.00543325 
0.73084360 0.27300834 -0.19919930 0.95454035 -0.01198482 -0.01198482 -0.01198482 

----------
-0.00036015 0.06766558 -0.99777857 0.00289581 -0.01739056 -0.07129208 0.05216935 
-0.70311638 0.64802722 -0.28313968 -0.07509543 0.00965024 0.03764148 0.05187160 
0.61034430 -0.00007581 0.00005848 0.79222935 -0.08829311 0.07812592 0.05201145 

----------
iteration: 2553, probabilities: [0.000005 0.000032 0.999394 0.000398 0.000171], probability: 0.9993940591812134