0.46040535 -0.45300512 -0.51270538 -0.03300481 0.05798137 0.05893883 0.13098208 
-0.27635809 0.76804179 -0.05688927 0.15257815 0.00129717 -0.03804506 0.14461436 
0.47507168 0.40740160 -0.42409422 0.91565377 0.00233210 -0.02233431 0.17780221 

----------
0.46040535 -0.45300512 -0.51270538 -0.03300481 0.05798137 0.05798137 0.05798137 
-0.27635809 0.76804179 -0.05688927 0.15257815 0.00129717 0.00129717 0.00129717 
0.47507168 0.40740160 -0.42409422 0.91565377 0.00233210 0.00233210 0.00233210 

----------
0.60420605 -0.70695942 -0.01985109 0.36747613 0.16581361 0.11767921 0.05187240 
-0.69777354 0.66400709 -0.24334006 -0.11502283 0.07087763 -0.13142139 0.05184617 
-0.24225542 -0.11873627 -0.69721140 0.66439131 -0.14272919 -0.00686530 0.05187163 

----------
iteration: 2485, probabilities: [0.000002 0.000030 0.999852 0.000082 0.000033], probability: 0.9998518228530884