0.27786290 -0.55617276 -0.40313193 0.28087279 0.02099401 0.05723531 0.19470260 
-0.13535117 0.41531475 -0.37327271 -0.05956549 -0.06123180 -0.00065616 0.17286236 
0.62850923 0.04427202 -0.36047896 0.82435080 -0.06266312 0.05193594 0.15527766 

----------
0.27786290 -0.55617276 -0.40313193 0.28087279 0.02099401 0.02099401 0.02099401 
-0.13535117 0.41531475 -0.37327271 -0.05956549 -0.06123180 -0.06123180 -0.06123180 
0.62850923 0.04427202 -0.36047896 0.82435080 -0.06266312 -0.06266312 -0.06266312 

----------
0.40060331 -0.63672863 -0.30769901 0.58269806 0.06346668 0.05051607 0.05187241 
-0.00413091 0.68724306 -0.72653535 -0.00398403 0.00173434 -0.07468489 0.05228594 
0.61008320 -0.00007590 0.00005844 0.79250347 -0.09824111 -0.00080554 0.05201145 

----------
iteration: 3777, probabilities: [0.000010 0.000046 0.996609 0.002485 0.000850], probability: 0.996609091758728