0.32637452 0.07406439 -0.90052154 0.28752286 -0.01605025 0.00081255 0.17502099 
-0.48552617 0.99757846 0.65697954 -0.15527054 0.00528123 -0.07149966 0.16965167 
0.67118871 0.77602605 -0.36280327 0.15187503 0.00076205 0.00213093 0.13866218 

----------
0.32637452 0.07406439 -0.90052154 0.28752286 -0.01605025 -0.01605025 -0.01605025 
-0.48552617 0.99757846 0.65697954 -0.15527054 0.00528123 0.00528123 0.00528123 
0.67118871 0.77602605 -0.36280327 0.15187503 0.00076205 0.00076205 0.00076205 

----------
-0.20041330 0.26923309 -0.66256277 0.66989512 0.13503755 0.05316042 0.05236505 
-0.44904663 0.66076755 0.25206028 -0.54628135 0.03395212 -0.07335045 0.05187241 
0.69724451 0.66377867 0.24302497 -0.11991062 -0.00552735 0.07400564 0.05225624 

----------
iteration: 5181, probabilities: [0.000003 0.000033 0.999732 0.000160 0.000073], probability: 0.9997316002845764