0.35661796 -0.06522389 -0.30578865 0.10923397 -0.01555325 -0.08221079 0.16232093 
-0.51938551 0.88000454 0.35036736 0.02595968 0.06046581 -0.02733151 0.15291167 
0.55801553 0.61404404 -0.24136045 0.65624936 -0.03955732 -0.03650311 0.18674900 

----------
0.35661796 -0.06522389 -0.30578865 0.10923397 -0.01555325 -0.01555325 -0.01555325 
-0.51938551 0.88000454 0.35036736 0.02595968 0.06046581 0.06046581 0.06046581 
0.55801553 0.61404404 -0.24136045 0.65624936 -0.03955732 -0.03955732 -0.03955732 

----------
0.32970731 -0.59639948 -0.38009905 0.62560253 -0.05850188 0.11741981 0.05187240 
-0.65462077 0.70119938 -0.09201154 -0.26746286 0.15251834 0.05076600 0.05187241 
0.70734455 0.61839359 0.34269617 -0.00854413 0.04835633 -0.06631796 0.05227151 

----------
iteration: 5211, probabilities: [0.000002 0.000032 0.999850 0.000077 0.000039], probability: 0.9998501539230347