0.69210960 0.63855429 -0.99939199 0.13332614 0.05420363 0.04877272 0.16918885 
-0.64510085 0.86106675 0.17835164 0.07333764 0.01241650 0.01206346 0.15047457 
0.98578191 0.66678423 -0.67344526 0.70268839 -0.02039438 0.01455931 0.12067876 

----------
0.69210960 0.63855429 -0.99939199 0.13332614 0.05420363 0.05420363 0.05420363 
-0.64510085 0.86106675 0.17835164 0.07333764 0.01241650 0.01241650 0.01241650 
0.98578191 0.66678423 -0.67344526 0.70268839 -0.02039438 -0.02039438 -0.02039438 

----------
0.66262034 0.67416022 -0.21355609 -0.24723488 0.13230355 0.06920496 0.05081031 
-0.68319298 0.68389481 -0.18005359 -0.18241535 0.10825942 -0.05818542 0.05187169 
0.69336733 0.68221343 -0.18591113 0.13914683 -0.01597618 -0.02695377 0.05204060 

----------
iteration: 6879, probabilities: [0.000006 0.000049 0.998997 0.000710 0.000239], probability: 0.998997151851654