0.45142289 0.58251457 -0.84097405 0.05366352 0.01380437 -0.03303549 0.17047031 
0.23401801 0.29666103 -0.39650199 -0.21606606 -0.04097506 0.04071136 0.15626342 
0.54431676 -0.24191600 -0.19511238 0.15050547 0.00224416 -0.01976707 0.16428802 

----------
0.45142289 0.58251457 -0.84097405 0.05366352 0.01380437 0.01380437 0.01380437 
0.23401801 0.29666103 -0.39650199 -0.21606606 -0.04097506 -0.04097506 -0.04097506 
0.54431676 -0.24191600 -0.19511238 0.15050547 0.00224416 0.00224416 0.00224416 

----------
0.69929898 -0.61718860 0.34561057 -0.10614652 0.26967176 0.15431442 0.05214746 
0.31529165 0.58819994 -0.39198793 -0.63332534 -0.04617928 -0.11554457 0.05225627 
0.54455597 -0.69657851 -0.12205595 0.45110606 -0.03203010 0.12077921 0.05187244 

----------
iteration: 6604, probabilities: [0.000003 0.000035 0.999799 0.000102 0.000061], probability: 0.9997990727424622