0.99943963 0.07541083 -0.74562120 0.04371427 -0.02133191 -0.04516391 0.16499402 
-0.24663438 0.97492833 0.50202940 -0.27023476 -0.01787884 -0.03644873 0.17320150 
0.11869702 0.53673790 0.00776767 0.54961175 0.01884831 -0.04842289 0.15912570 

----------
0.99943963 0.07541083 -0.74562120 0.04371427 -0.02133191 -0.02133191 -0.02133191 
-0.24663438 0.97492833 0.50202940 -0.27023476 -0.01787884 -0.01787884 -0.01787884 
0.11869702 0.53673790 0.00776767 0.54961175 0.01884831 0.01884831 0.01884831 

----------
0.26928383 0.55875399 -0.43302709 -0.65427840 0.00387681 -0.15172575 0.05225625 
0.01314665 0.96195604 0.27346867 0.00485800 -0.14041587 -0.02728485 0.05320499 
0.64378426 0.41193089 0.57444697 0.29341688 0.05162907 0.17736772 0.05225626 

----------
iteration: 7411, probabilities: [0.000002 0.000039 0.999916 0.000031 0.000012], probability: 0.9999163150787354