0.67548729 0.45172722 -0.76334247 0.57638650 0.03076609 -0.06802857 0.16391837 
-0.99788457 0.66537154 0.13159189 -0.69110345 -0.02926987 0.00567842 0.14873235 
0.58697263 0.25709331 -0.53975244 0.41873560 -0.02152660 -0.02367135 0.17242947 

----------
0.67548729 0.45172722 -0.76334247 0.57638650 0.03076609 0.03076609 0.03076609 
-0.99788457 0.66537154 0.13159189 -0.69110345 -0.02926987 -0.02926987 -0.02926987 
0.58697263 0.25709331 -0.53975244 0.41873560 -0.02152660 -0.02152660 -0.02152660 

----------
0.57850921 0.41436596 -0.57207428 0.40789334 0.06008634 0.05672035 0.05168859 
-0.57517450 0.70346758 0.07232998 -0.41132787 -0.11301578 0.02539160 0.05187241 
0.60789544 0.35677778 -0.60977496 0.36246287 0.02595729 -0.08737296 0.05158885 

----------
iteration: 7127, probabilities: [0.000003 0.000029 0.999742 0.000155 0.000070], probability: 0.9997424483299255