0.99535923 -0.02467554 -0.63991687 0.01648216 0.06853151 -0.00220060 0.15552530 
-0.66401727 0.65726234 -0.26067253 0.25724154 -0.00881075 0.03787295 0.16079032 
0.53807224 0.33701078 -0.14932292 0.51447199 0.02004006 -0.03510374 0.16091951 

----------
0.99535923 -0.02467554 -0.63991687 0.01648216 0.06853151 0.06853151 0.06853151 
-0.66401727 0.65726234 -0.26067253 0.25724154 -0.00881075 -0.00881075 -0.00881075 
0.53807224 0.33701078 -0.14932292 0.51447199 0.02004006 0.02004006 0.02004006 

----------
0.70710215 -0.05698101 -0.70480652 -0.00835276 0.06699630 0.08735094 0.05142864 
-0.70227935 0.56926850 -0.41951687 0.08235688 0.04952531 -0.07641173 0.05187240 
0.85588978 -0.00003295 0.00013296 0.51744033 -0.04479724 0.11193642 0.05201231 

----------
iteration: 8530, probabilities: [0.000003 0.000028 0.999800 0.000108 0.000061], probability: 0.999799907207489