0.85599243 0.28852090 -0.99781751 0.39039506 0.02096448 0.05002968 0.15736370 
-0.60349978 0.77078948 -0.14136919 -0.12341168 0.00572437 0.04982771 0.15161362 
0.61949021 0.62729750 -0.25249834 0.79473445 -0.01782155 0.00786512 0.15354107 

----------
0.85599243 0.28852090 -0.99781751 0.39039506 0.02096448 0.02096448 0.02096448 
-0.60349978 0.77078948 -0.14136919 -0.12341168 0.00572437 0.00572437 0.00572437 
0.61949021 0.62729750 -0.25249834 0.79473445 -0.01782155 -0.01782155 -0.01782155 

----------
0.63844762 0.18756138 -0.68128069 0.30512416 0.00817247 0.08710927 0.05184803 
-0.68060265 0.68624218 -0.17081941 -0.19164641 0.07862756 -0.05500860 0.05187509 
0.59615474 0.68569343 -0.16900459 0.38200273 -0.03824282 -0.04055827 0.05256182 

----------
iteration: 8801, probabilities: [0.000003 0.000032 0.999785 0.000130 0.000050], probability: 0.9997853636741638