0.55875773 -0.08315205 -0.54089298 0.30173792 -0.01381733 -0.01505277 0.15623293 
-0.35335637 0.74903975 -0.02090152 0.12023180 0.04461680 -0.07786273 0.14320942 
0.91452551 0.36056907 -0.38035175 0.54507963 -0.00354744 0.01859915 0.15904243 

----------
0.55875773 -0.08315205 -0.54089298 0.30173792 -0.01381733 -0.01381733 -0.01381733 
-0.35335637 0.74903975 -0.02090152 0.12023180 0.04461680 0.04461680 0.04461680 
0.91452551 0.36056907 -0.38035175 0.54507963 -0.00354744 -0.00354744 -0.00354744 

----------
0.25135991 -0.54589741 -0.44959960 0.66097969 -0.10636034 0.06390095 0.05187643 
-0.68275252 0.68430293 -0.17841545 -0.18405477 0.09529593 0.04701220 0.05187287 
0.66290219 0.69736824 0.11518123 -0.24762325 0.14497910 -0.11546641 0.05226061 

----------
iteration: 9825, probabilities: [0.000003 0.000032 0.999815 0.000106 0.000044], probability: 0.9998152852058411