0.42519286 0.02039687 -0.76423008 0.71413721 0.00226305 -0.07564389 0.19402891 
-0.09796584 0.88259798 0.19889305 -0.97924967 -0.04572420 -0.03496457 0.18939704 
-0.04822532 0.13055195 -0.58027184 0.95378966 -0.01373658 -0.05734897 0.17065474 

----------
0.42519286 0.02039687 -0.76423008 0.71413721 0.00226305 0.00226305 0.00226305 
-0.09796584 0.88259798 0.19889305 -0.97924967 -0.04572420 -0.04572420 -0.04572420 
-0.04822532 0.13055195 -0.58027184 0.95378966 -0.01373658 -0.01373658 -0.01373658 

----------
0.00078602 -0.35106104 -0.61390264 0.70713353 -0.08106090 0.08333822 0.05187242 
-0.70716357 -0.06459115 0.70383636 -0.02644092 -0.08578986 -0.23286915 0.05186240 
-0.26887414 -0.09048441 -0.70136993 0.65401240 0.04145554 -0.08540059 0.05187242 

----------
iteration: 11702, probabilities: [0.000002 0.000045 0.999903 0.000039 0.000011], probability: 0.9999032020568848