0.38505191 -0.18890624 -0.94817383 0.12193775 -0.03699969 -0.03402939 0.14998838 
-0.22175271 0.62615058 0.32819152 -0.27550923 0.00033310 0.03897352 0.14890050 
0.43784718 -0.03041756 -0.72956872 0.26871960 0.05336735 0.04535932 0.14106859 

----------
0.38505191 -0.18890624 -0.94817383 0.12193775 -0.03699969 -0.03699969 -0.03699969 
-0.22175271 0.62615058 0.32819152 -0.27550923 0.00033310 0.00033310 0.00033310 
0.43784718 -0.03041756 -0.72956872 0.26871960 0.05336735 0.05336735 0.05336735 

----------
0.55782913 -0.50524682 -0.49535627 0.43408745 -0.03419480 0.02921605 0.05129495 
-0.33521400 0.59931449 0.37550515 -0.62265914 0.10161878 -0.05531332 0.05186440 
0.25485801 -0.54825305 -0.44673211 0.65969207 0.03141472 0.18562456 0.05187455 

----------
iteration: 12236, probabilities: [0.000006 0.000036 0.998934 0.000677 0.000347], probability: 0.9989336133003235