0.84267956 0.18664911 -0.98343414 0.13708502 0.00312904 -0.01179863 0.16762516 
-0.68100800 0.99998800 -0.47351371 -0.73772151 0.04779793 0.06321501 0.14814388 
0.06239939 0.36898906 -0.93249324 0.85573601 0.00351389 0.00880760 0.16525244 

----------
0.84267956 0.18664911 -0.98343414 0.13708502 0.00312904 0.00312904 0.00312904 
-0.68100800 0.99998800 -0.47351371 -0.73772151 0.04779793 0.04779793 0.04779793 
0.06239939 0.36898906 -0.93249324 0.85573601 0.00351389 0.00351389 0.00351389 

----------
0.45722747 0.66474248 -0.24046520 -0.53993031 0.11991418 -0.02079220 0.05225626 
-0.63591890 0.70463992 0.02664075 -0.31455161 -0.10091586 0.00417357 0.05226234 
-0.34782014 -0.00291042 -0.70718867 0.61568132 -0.01372834 -0.08148951 0.05187241 

----------
iteration: 12636, probabilities: [0.000004 0.000036 0.999481 0.000354 0.000124], probability: 0.9994810223579407