0.94670136 0.38729926 -0.43014567 0.56562886 0.05576657 -0.03268514 0.18659241 
0.05037464 0.66817587 0.32107284 0.11872644 0.00186778 -0.00532981 0.16755477 
0.52049206 0.33239267 0.32555774 0.35392148 -0.04172679 0.00401459 0.16309734 

----------
0.94670136 0.38729926 -0.43014567 0.56562886 0.05576657 0.05576657 0.05576657 
0.05037464 0.66817587 0.32107284 0.11872644 0.00186778 0.00186778 0.00186778 
0.52049206 0.33239267 0.32555774 0.35392148 -0.04172679 -0.04172679 -0.04172679 

----------
0.69562195 0.66705218 0.23399653 -0.12922155 0.19953655 0.01942415 0.05225625 
-0.00010170 0.94102427 0.33865256 -0.00134275 -0.01102439 0.06941127 0.05199363 
0.64238051 0.40925992 0.57628174 0.29634061 -0.02647191 -0.08296143 0.05225626 

----------
iteration: 12525, probabilities: [0.000005 0.000037 0.998961 0.000685 0.000312], probability: 0.9989606142044067