0.15070302 0.16925583 -0.95155325 0.61746045 -0.02184658 0.02545011 0.15182435 
-0.78764666 0.97720491 -0.53796082 -0.78371871 -0.00610571 0.04269977 0.16749911 
0.35310672 -0.00229384 -0.50209206 0.90612215 0.00544732 -0.03847646 0.17038351 

----------
0.15070302 0.16925583 -0.95155325 0.61746045 -0.02184658 -0.02184658 -0.02184658 
-0.78764666 0.97720491 -0.53796082 -0.78371871 -0.00610571 -0.00610571 -0.00610571 
0.35310672 -0.00229384 -0.50209206 0.90612215 0.00544732 0.00544732 0.00544732 

----------
-0.01851311 -0.33415673 -0.62329311 0.70690540 -0.14265988 -0.01232888 0.05187185 
-0.67565050 0.69038359 -0.15341721 -0.20881370 -0.00253959 -0.07035795 0.05187486 
0.00301749 -0.20341257 -0.67760192 0.70683857 -0.03929906 0.06127818 0.05202978 

----------
iteration: 13226, probabilities: [0.000016 0.000059 0.992339 0.005995 0.001592], probability: 0.9923386573791504