0.67267709 0.99981951 -0.45212436 0.39092505 -0.01347943 -0.01091466 0.15307364 
-0.58001544 0.69141769 0.61516895 0.10551710 -0.09999643 -0.00169034 0.11641321 
-0.06306525 0.09212509 -0.77158241 0.45781440 0.01662003 -0.05412106 0.15185199 

----------
0.67267709 0.99981951 -0.45212436 0.39092505 -0.01347943 -0.01347943 -0.01347943 
-0.58001544 0.69141769 0.61516895 0.10551710 -0.09999643 -0.09999643 -0.09999643 
-0.06306525 0.09212509 -0.77158241 0.45781440 0.01662003 0.01662003 0.01662003 

----------
0.67557336 0.68996018 0.15384395 -0.21021191 0.04320311 -0.03459020 0.05225625 
-0.89955912 -0.00364492 0.00421557 -0.43728049 -0.01335978 -0.21290928 0.05239372 
-0.30252389 -0.05389007 -0.70513395 0.63915254 0.03545313 0.10390327 0.05187244 

----------
iteration: 15456, probabilities: [0.000003 0.000034 0.999789 0.000130 0.000045], probability: 0.9997889399528503