0.27864623 -0.30254213 -0.39054095 0.42932859 0.03660360 0.00318275 0.18030909 
-0.71059217 0.49944522 -0.48210328 0.06684476 -0.02499008 0.02512364 0.17406458 
0.72999657 0.28780036 -0.99995279 0.70356799 -0.05883243 -0.01862841 0.15693899 

----------
0.27864623 -0.30254213 -0.39054095 0.42932859 0.03660360 0.03660360 0.03660360 
-0.71059217 0.49944522 -0.48210328 0.06684476 -0.02499008 -0.02499008 -0.02499008 
0.72999657 0.28780036 -0.99995279 0.70356799 -0.05883243 -0.05883243 -0.05883243 

----------
0.24668233 -0.54264069 -0.45343603 0.66266810 0.06886653 0.10056173 0.05187241 
-0.69699602 0.54680789 -0.44847775 0.11937009 -0.01683291 -0.01331991 0.05186572 
0.01482945 -0.36138708 -0.60796261 0.70697348 -0.18366743 -0.06206665 0.05185115 

----------
iteration: 16806, probabilities: [0.000002 0.000033 0.999911 0.000038 0.000016], probability: 0.9999110698699951