0.21482923 0.07849559 -0.59974992 -0.10758528 -0.01863850 -0.02945087 0.16919066 
-0.39994137 0.79078185 0.32609732 -0.23147533 -0.01026375 -0.05413984 0.14081500 
0.02353969 0.70842674 -0.62786097 0.64340750 -0.04232774 -0.02294101 0.15291193 

----------
0.21482923 0.07849559 -0.59974992 -0.10758528 -0.01863850 -0.01863850 -0.01863850 
-0.39994137 0.79078185 0.32609732 -0.23147533 -0.01026375 -0.01026375 -0.01026375 
0.02353969 0.70842674 -0.62786097 0.64340750 -0.04232774 -0.04232774 -0.04232774 

----------
-0.00073209 0.18435357 -0.98302834 -0.00049595 0.02346655 -0.04756369 0.05194123 
-0.61847893 0.70714812 -0.00862859 -0.34283345 -0.02565000 0.05673325 0.05187241 
-0.30615178 -0.04990999 -0.70548066 0.63748184 -0.17024204 -0.12749152 0.05187241 

----------
iteration: 16137, probabilities: [0.000004 0.000033 0.999688 0.000203 0.000071], probability: 0.9996883869171143