0.55829328 0.16443922 -0.21681784 0.28033409 -0.02818593 0.01016918 0.14668955 
-0.27626871 0.36878773 -0.49789701 -0.66034307 0.00023137 -0.02959800 0.18260144 
0.38788376 0.41733394 -0.71063647 0.39078050 -0.02232408 0.05187737 0.13618259 

----------
0.55829328 0.16443922 -0.21681784 0.28033409 -0.02818593 -0.02818593 -0.02818593 
-0.27626871 0.36878773 -0.49789701 -0.66034307 0.00023137 0.00023137 0.00023137 
0.38788376 0.41733394 -0.71063647 0.39078050 -0.02232408 -0.02232408 -0.02232408 

----------
0.96964710 -0.00002338 0.00009296 0.24495856 0.04223381 -0.02746390 0.05201145 
-0.21528778 0.14864969 -0.69109267 -0.67396748 0.06396116 0.08313547 0.05225642 
-0.01510865 -0.21326005 -0.67447660 0.70687631 -0.17145959 0.03227454 0.05212318 

----------
iteration: 17202, probabilities: [0.000002 0.000031 0.999914 0.000036 0.000017], probability: 0.9999140501022339