0.32848317 -0.52569490 -0.47251233 0.28256297 0.01458516 -0.00694851 0.13933903 
-0.86969430 0.81596398 0.22865833 0.39083460 -0.03300528 -0.00515524 0.16864786 
0.99793717 0.10530162 -0.31559326 0.55061510 0.05041604 -0.00103569 0.17832045 

----------
0.32848317 -0.52569490 -0.47251233 0.28256297 0.01458516 0.01458516 0.01458516 
-0.86969430 0.81596398 0.22865833 0.39083460 -0.03300528 -0.03300528 -0.03300528 
0.99793717 0.10530162 -0.31559326 0.55061510 0.05041604 0.05041604 0.05041604 

----------
0.39712936 -0.63489338 -0.31149778 0.58507495 0.00071967 0.08605524 0.05187186 
-0.69691847 0.66545844 -0.23922440 -0.12008841 0.02770613 -0.07321503 0.05185395 
0.86940841 0.00020632 -0.00006349 0.49429948 0.12231968 0.06843297 0.05202307 

----------
iteration: 17087, probabilities: [0.000008 0.000047 0.997953 0.001415 0.000578], probability: 0.9979525804519653