0.34022036 -0.11171974 -0.51063995 0.66366611 0.05255122 -0.02098953 0.17890241 
-0.53936942 0.80261008 0.12182247 0.27002595 -0.02529966 -0.00212101 0.17682486 
0.63462041 -0.12098736 -0.26751543 0.98837220 -0.05032783 0.04993556 0.14052870 

----------
0.34022036 -0.11171974 -0.51063995 0.66366611 0.05255122 0.05255122 0.05255122 
-0.53936942 0.80261008 0.12182247 0.27002595 -0.02529966 -0.02529966 -0.02529966 
0.63462041 -0.12098736 -0.26751543 0.98837220 -0.05032783 -0.05032783 -0.05032783 

----------
0.05762658 -0.39899000 -0.58387555 0.70478413 0.01541201 0.08551074 0.05186896 
-0.70742167 0.62973809 -0.31918750 -0.03669755 0.07551164 -0.10297173 0.05200318 
0.51710957 -0.00005768 0.00008753 0.85603133 -0.07928826 -0.01867448 0.05201176 

----------
iteration: 20234, probabilities: [0.000002 0.000036 0.999905 0.000042 0.000015], probability: 0.9999053478240967