0.57457910 0.18761251 -0.81479526 0.32261288 0.04397453 0.00650990 0.19160001 
-0.99914440 0.24928849 0.30012210 -0.05017177 0.00669736 -0.02723624 0.16802169 
0.73073798 0.50953021 -0.68363844 0.88996173 -0.02497984 0.01761217 0.16656247 

----------
0.57457910 0.18761251 -0.81479526 0.32261288 0.04397453 0.04397453 0.04397453 
-0.99914440 0.24928849 0.30012210 -0.05017177 0.00669736 0.00669736 0.00669736 
0.73073798 0.50953021 -0.68363844 0.88996173 -0.02497984 -0.02497984 -0.02497984 

----------
0.57620139 0.70351263 -0.06921951 -0.41059572 0.20641203 -0.06274475 0.05225626 
-0.98759407 0.00001502 -0.00009456 -0.15756942 0.00711507 0.05465429 0.05201145 
-0.15541903 -0.18987180 -0.68124928 0.68991705 -0.13436167 -0.07519737 0.05170478 

----------
iteration: 22587, probabilities: [0.000003 0.000031 0.999806 0.000115 0.000045], probability: 0.9998062252998352