0.61684827 0.35347420 -0.71350662 0.17121549 -0.03525140 -0.00613522 0.16196294 
-0.62217077 0.43647741 0.13513665 -0.39853440 0.01358265 -0.04519525 0.13070388 
0.14197717 -0.56851920 -0.87204208 0.49182694 0.00477963 -0.01047907 0.15435224 

----------
0.61684827 0.35347420 -0.71350662 0.17121549 -0.03525140 -0.03525140 -0.03525140 
-0.62217077 0.43647741 0.13513665 -0.39853440 0.01358265 0.01358265 0.01358265 
0.14197717 -0.56851920 -0.87204208 0.49182694 0.00477963 0.00477963 0.00477963 

----------
0.56677726 0.69794576 -0.11502481 -0.42270204 -0.03295925 -0.15865458 0.05221630 
-0.54809624 0.69749830 0.11652285 -0.44675480 0.07804618 0.12272972 0.05187240 
0.01034369 -0.35932036 -0.60910263 0.70705281 0.02813878 0.01670757 0.05187214 

----------
iteration: 22083, probabilities: [0.000002 0.000029 0.999818 0.000103 0.000048], probability: 0.9998181462287903