0.95697671 0.32315192 -0.99097469 -0.30021096 0.07267407 -0.01214125 0.16669424 
-0.92961625 0.20449151 -0.16479961 -0.75042865 -0.03269395 0.02310778 0.17555675 
0.35481451 -0.03943560 0.16153588 0.89124254 -0.08171606 0.04322108 0.16735908 

----------
0.95697671 0.32315192 -0.99097469 -0.30021096 0.07267407 0.07267407 0.07267407 
-0.92961625 0.20449151 -0.16479961 -0.75042865 -0.03269395 -0.03269395 -0.03269395 
0.35481451 -0.03943560 0.16153588 0.89124254 -0.08171606 -0.08171606 -0.08171606 

----------
0.42667494 0.61665313 -0.34600992 -0.56411927 0.10167938 0.00828623 0.05188441 
-0.76933197 0.00006122 -0.00007367 -0.63891566 -0.01516262 -0.05079316 0.05201145 
0.37338279 -0.00008864 0.00003601 0.92772473 -0.11979323 -0.12055599 0.05201145 

----------
iteration: 22782, probabilities: [0.000003 0.000034 0.999822 0.000108 0.000033], probability: 0.9998220801353455