0.56230375 0.24261242 -0.45877106 0.32652228 -0.00069384 0.00763062 0.13941411 
-0.47280850 0.57381224 -0.68699794 -0.11891870 -0.02510822 0.06517131 0.15287212 
0.74562024 0.44849375 -0.27341374 0.80252538 0.03989233 0.05075700 0.17355361 

----------
0.56230375 0.24261242 -0.45877106 0.32652228 -0.00069384 -0.00069384 -0.00069384 
-0.47280850 0.57381224 -0.68699794 -0.11891870 -0.02510822 -0.02510822 -0.02510822 
0.74562024 0.44849375 -0.27341374 0.80252538 0.03989233 0.03989233 0.03989233 

----------
-0.25180843 -0.07068870 -0.70365566 0.66083540 -0.11705447 0.03826055 0.05187357 
-0.67821669 0.46951586 -0.52160563 0.21853762 -0.09865997 -0.06714268 0.05265126 
0.97252544 -0.00025413 0.00000713 0.23408229 0.08385013 0.14527138 0.05202135 

----------
iteration: 23830, probabilities: [0.000003 0.000030 0.999891 0.000052 0.000025], probability: 0.9998905658721924