0.99499120 0.29452997 -0.48672321 0.44756081 0.01506433 0.04623334 0.14996049 
-0.33802987 0.20314277 -0.07507449 -0.76817497 -0.02644431 0.01749067 0.14955620 
0.40709666 0.39069366 -0.81704856 0.16351173 0.03056410 0.03580749 0.19079310 

----------
0.99499120 0.29452997 -0.48672321 0.44756081 0.01506433 0.01506433 0.01506433 
-0.33802987 0.20314277 -0.07507449 -0.76817497 -0.02644431 -0.02644431 -0.02644431 
0.40709666 0.39069366 -0.81704856 0.16351173 0.03056410 0.03056410 0.03056410 

----------
0.65258094 0.70144271 0.08768969 -0.27335844 0.17058220 -0.07692781 0.05225625 
-0.38328606 0.00008840 -0.00003675 -0.92367630 -0.03427129 -0.07696871 0.05201145 
0.16016563 -0.42158789 -0.56463869 0.69153262 -0.04819879 0.19888606 0.05233264 

----------
iteration: 24259, probabilities: [0.000003 0.000030 0.999757 0.000141 0.000068], probability: 0.9997569918632507