0.96665380 0.45729177 -0.76513200 0.05104154 -0.02523567 0.01702127 0.15463845 
-0.87731799 0.97713370 -0.31507876 -0.09427725 -0.03854607 0.03458634 0.17014385 
0.41032406 0.23972678 -0.65818698 0.06835583 0.01542201 0.04726513 0.16419008 

----------
0.96665380 0.45729177 -0.76513200 0.05104154 -0.02523567 -0.02523567 -0.02523567 
-0.87731799 0.97713370 -0.31507876 -0.09427725 -0.03854607 -0.03854607 -0.03854607 
0.41032406 0.23972678 -0.65818698 0.06835583 0.01542201 0.01542201 0.01542201 

----------
0.52217060 0.68990336 -0.15395442 -0.47736998 0.02838881 -0.08726303 0.05225625 
-0.69821174 0.66189434 -0.24891194 -0.11171254 -0.12282940 -0.11218985 0.05187241 
0.57917960 0.67657156 -0.20627183 -0.40574430 0.17496874 0.00968153 0.05165244 

----------
iteration: 24151, probabilities: [0.000003 0.000038 0.999619 0.000262 0.000076], probability: 0.9996194839477539