0.59355581 0.34866844 -0.83330968 0.69254244 -0.05499649 0.00214529 0.14896682 
-0.62004771 0.34784621 -0.02356284 -0.09276025 0.03929076 -0.04334123 0.12352251 
0.38441233 0.83484067 -0.20920766 0.59124336 -0.02991967 -0.03993756 0.16813336 

----------
0.59355581 0.34866844 -0.83330968 0.69254244 -0.05499649 -0.05499649 -0.05499649 
-0.62004771 0.34784621 -0.02356284 -0.09276025 0.03929076 0.03929076 0.03929076 
0.38441233 0.83484067 -0.20920766 0.59124336 -0.02991967 -0.02991967 -0.02991967 

----------
-0.05990117 -0.28123682 -0.64883416 0.70466495 -0.18531031 -0.01251084 0.05170338 
-0.67854978 0.68827104 -0.16245813 -0.19886956 0.05361814 0.10690336 0.05186076 
0.48312707 0.67455233 0.21222005 0.51636213 0.03787383 -0.03116929 0.05216611 

----------
iteration: 24300, probabilities: [0.000002 0.000029 0.999891 0.000053 0.000025], probability: 0.9998912811279297