0.68818317 -0.03365486 -0.72152014 0.61094279 -0.00818651 0.04501711 0.15668635 
-0.45942022 0.63896298 0.19842077 -0.34412689 0.00488114 0.00533405 0.18037488 
0.62017378 0.54845402 -0.91102145 0.44941133 0.00974313 -0.00594013 0.14577359 

----------
0.68818317 -0.03365486 -0.72152014 0.61094279 -0.00818651 -0.00818651 -0.00818651 
-0.45942022 0.63896298 0.19842077 -0.34412689 0.00488114 0.00488114 0.00488114 
0.62017378 0.54845402 -0.91102145 0.44941133 0.00974313 0.00974313 0.00974313 

----------
0.13774467 -0.46333825 -0.53429491 0.69361217 -0.13132427 0.06407914 0.05187241 
-0.52913068 0.69206790 0.14528468 -0.46904627 0.02802710 -0.07285671 0.05187241 
-0.02446285 -0.31359335 -0.63388527 0.70679361 -0.02053356 0.12460198 0.05169926 

----------
iteration: 26202, probabilities: [0.000007 0.000034 0.998553 0.000956 0.000449], probability: 0.9985533356666565