0.99007230 0.12017584 -0.78216309 0.45587550 -0.03594026 -0.01979659 0.17378391 
-0.91187913 0.44683017 0.34230789 -0.54787532 -0.02149324 -0.05944202 0.18240404 
0.55666327 0.02505162 -0.60409351 0.32874105 -0.03663488 -0.04691914 0.16453163 

----------
0.99007230 0.12017584 -0.78216309 0.45587550 -0.03594026 -0.03594026 -0.03594026 
-0.91187913 0.44683017 0.34230789 -0.54787532 -0.02149324 -0.02149324 -0.02149324 
0.55666327 0.02505162 -0.60409351 0.32874105 -0.03663488 -0.03663488 -0.03663488 

----------
0.41261239 -0.28846878 -0.64538084 0.57458217 -0.06609374 -0.06079936 0.05160825 
-0.49862222 0.68159948 0.18838516 -0.50144166 0.01326172 0.07904960 0.05188480 
0.17634597 -0.49253437 -0.50747993 0.68480448 -0.15868174 0.05263389 0.05187493 

----------
iteration: 26656, probabilities: [0.000004 0.000031 0.999844 0.000081 0.000040], probability: 0.9998443126678467