0.66579620 0.64911765 -0.60789224 0.56452195 -0.00358467 0.00244650 0.19266497 
-0.44433954 0.94667041 0.48423071 -0.02590101 -0.02183708 -0.00218755 0.12833445 
0.92347349 0.99990983 -0.23102985 0.36199948 -0.01564625 -0.00625005 0.15441795 

----------
0.66579620 0.64911765 -0.60789224 0.56452195 -0.00358467 -0.00358467 -0.00358467 
-0.44433954 0.94667041 0.48423071 -0.02590101 -0.02183708 -0.02183708 -0.02183708 
0.92347349 0.99990983 -0.23102985 0.36199948 -0.01564625 -0.01564625 -0.01564625 

----------
0.68221900 0.68437887 0.17700905 -0.18742750 0.17536235 -0.00317003 0.05226392 
-0.49788530 0.67637577 0.20641199 -0.50227157 0.00879414 -0.09255828 0.05170384 
0.70314428 0.64811335 0.28209151 -0.07803648 -0.00190129 0.06847839 0.05225623 

----------
iteration: 28662, probabilities: [0.000003 0.000034 0.999744 0.000154 0.000065], probability: 0.9997439980506897