0.99011748 0.10662369 -0.51715230 0.47299515 -0.03766368 0.03507870 0.15239750 
-0.44299861 0.55221947 0.08060134 -0.09019549 0.01487568 -0.01268926 0.13861856 
0.06662632 0.90412293 -0.98274401 0.75326472 0.00396245 -0.05734309 0.15888084 

----------
0.99011748 0.10662369 -0.51715230 0.47299515 -0.03766368 -0.03766368 -0.03766368 
-0.44299861 0.55221947 0.08060134 -0.09019549 0.01487568 0.01487568 0.01487568 
0.06662632 0.90412293 -0.98274401 0.75326472 0.00396245 0.00396245 0.00396245 

----------
0.85301470 -0.00003758 0.00010174 0.52216459 -0.06757594 0.01903476 0.05201117 
-0.66606783 0.69624120 -0.12381079 -0.23738646 0.05180417 0.07434602 0.05187239 
-0.06320011 0.18175401 -0.68330447 0.70450312 0.03820180 -0.04468147 0.05133216 

----------
iteration: 29954, probabilities: [0.000019 0.000079 0.978423 0.017394 0.004085], probability: 0.9784228205680847