0.49803738 0.15799535 -0.74829474 0.24007595 -0.00581611 -0.06784830 0.14021218 
-0.62566564 0.98263302 -0.64667693 0.28682668 -0.02389356 -0.01491512 0.15846295 
0.82718673 0.44426318 0.13494660 0.62646688 -0.01921016 0.01190099 0.16235801 

----------
0.49803738 0.15799535 -0.74829474 0.24007595 -0.00581611 -0.00581611 -0.00581611 
-0.62566564 0.98263302 -0.64667693 0.28682668 -0.02389356 -0.02389356 -0.02389356 
0.82718673 0.44426318 0.13494660 0.62646688 -0.01921016 -0.01921016 -0.01921016 

----------
0.17851018 -0.48016256 -0.51928687 0.68427853 -0.07679557 0.16673986 0.05171948 
-0.68609351 0.51119993 -0.48865248 0.17117327 -0.08580886 -0.11967688 0.05187240 
0.86102556 -0.00004860 0.00008247 0.50871714 0.01871490 -0.00780448 0.05201145 

----------
iteration: 29409, probabilities: [0.000003 0.000029 0.999833 0.000093 0.000043], probability: 0.9998327493667603