0.52186547 -0.30412393 -0.93142175 0.11375929 -0.00757809 -0.03528007 0.17623405 
-0.37161129 0.93436862 -0.44473585 0.12759309 0.00723582 -0.00927611 0.17721084 
0.87309803 0.84207946 0.17603101 0.70980358 -0.03744580 -0.01310440 0.15567191 

----------
0.52186547 -0.30412393 -0.93142175 0.11375929 -0.00757809 -0.00757809 -0.00757809 
-0.37161129 0.93436862 -0.44473585 0.12759309 0.00723582 0.00723582 0.00723582 
0.87309803 0.84207946 0.17603101 0.70980358 -0.03744580 -0.03744580 -0.03744580 

----------
0.52090674 -0.68791551 -0.16430109 0.47831348 0.04681023 0.15719679 0.05180111 
-0.50570027 0.63568536 -0.58332307 0.00249284 0.09212745 -0.05732932 0.07037252 
0.69183235 0.52597171 0.47220249 0.14787145 -0.03155407 -0.04616172 0.05225380 

----------
iteration: 31980, probabilities: [0.000001 0.000046 0.999910 0.000030 0.000013], probability: 0.9999096393585205