0.81940043 0.66689781 -0.93783301 0.50062058 -0.01040740 0.04737460 0.16848044 
-0.84955300 0.84817567 0.02088622 -0.05082387 0.07056232 0.01792357 0.18775663 
0.75488670 0.08279671 0.15091021 0.99045648 -0.02459578 0.00030697 0.15860172 

----------
0.81940043 0.66689781 -0.93783301 0.50062058 -0.01040740 -0.01040740 -0.01040740 
-0.84955300 0.84817567 0.02088622 -0.05082387 0.07056232 0.07056232 0.07056232 
0.75488670 0.08279671 0.15091021 0.99045648 -0.02459578 -0.02459578 -0.02459578 

----------
-0.03034629 -0.30718376 -0.63702463 0.70655440 -0.10745216 0.09293568 0.05170391 
-0.67501838 0.69071659 -0.15156347 -0.21054485 0.14828291 0.07594953 0.05187241 
0.60338825 -0.00007631 0.00005782 0.79751536 -0.09272720 -0.08421370 0.05201145 

----------
iteration: 32687, probabilities: [0.000003 0.000028 0.999853 0.000078 0.000038], probability: 0.9998534917831421