0.69787313 0.20014038 -0.58345499 0.28595651 -0.00196184 -0.00225546 0.16997364 
-0.71583162 0.73546245 0.25363061 -0.28033595 -0.03544871 -0.01280115 0.18172150 
0.37597241 0.31641008 -0.86449022 0.87616564 0.00628836 -0.04633693 0.15866898 

----------
0.69787313 0.20014038 -0.58345499 0.28595651 -0.00196184 -0.00196184 -0.00196184 
-0.71583162 0.73546245 0.25363061 -0.28033595 -0.03544871 -0.03544871 -0.03544871 
0.37597241 0.31641008 -0.86449022 0.87616564 0.00628836 0.00628836 0.00628836 

----------
0.65488806 0.23427278 -0.66697774 0.26722802 0.06910294 -0.04448831 0.05149746 
-0.57871662 0.70404794 0.06619833 -0.40628632 -0.07394274 -0.05244908 0.05187227 
-0.15840286 -0.20379358 -0.67720833 0.68916306 -0.08135986 0.07717153 0.05187129 

----------
iteration: 32137, probabilities: [0.000006 0.000037 0.999128 0.000603 0.000227], probability: 0.9991275668144226