-0.10454669 -0.07128421 -0.98086384 0.14377988 0.03374597 -0.00646127 0.11609995 
-0.95311629 -0.32741309 0.10483001 -0.13671883 0.09234667 -0.03254363 0.10339010 
0.52108166 -0.48556455 -0.50028712 -0.49454897 -0.07625586 -0.02906610 0.15532879 

----------
-0.10454669 -0.07128421 -0.98086384 0.14377988 0.03374597 0.03374597 0.03374597 
-0.95311629 -0.32741309 0.10483001 -0.13671883 0.09234667 0.09234667 0.09234667 
0.52108166 -0.48556455 -0.50028712 -0.49454897 -0.07625586 -0.07625586 -0.07625586 

----------
-0.00180467 -0.06846415 -0.99772070 0.00026841 0.02239745 0.00945187 0.05200389 
-0.99643452 0.00000804 -0.00009532 -0.08604800 0.13261108 0.15117683 0.05201145 
0.51673854 -0.49631102 -0.50310803 -0.48326809 -0.08335763 -0.08391586 0.05155505 

----------
iteration: 30, probabilities: [0.000016 0.000026 0.999888 0.000031 0.000038], probability: 0.9998879432678223