0.97145688 0.00800919 0.43079035 -0.73705517 -0.01456238 0.00415067 0.17519666 
0.79168265 0.17021785 0.33329567 0.05857414 0.06137074 -0.02819626 0.14160701 
0.54474180 0.92662643 -0.23894533 0.37410434 -0.01454695 -0.05218844 0.12485273 

----------
0.97145688 0.00800919 0.43079035 -0.73705517 -0.01456238 -0.01456238 -0.01456238 
0.79168265 0.17021785 0.33329567 0.05857414 0.06137074 0.06137074 0.06137074 
0.54474180 0.92662643 -0.23894533 0.37410434 -0.01454695 -0.01454695 -0.01454695 

----------
0.83505800 0.00005274 0.00007991 -0.55035748 -0.03359918 -0.05445621 0.05201145 
0.99849619 0.00000550 0.00009559 -0.05681685 0.04352117 0.09314489 0.05201145 
0.88752166 -0.00043488 0.00028027 0.46132085 -0.07880468 0.15963901 0.05203371 

----------
iteration: 501, probabilities: [0.000001 0.000036 0.999922 0.000026 0.000015], probability: 0.9999216794967651