0.90979976 0.57424660 0.36102735 0.80033736 -0.03874128 0.02960341 0.17099700 
0.10863141 0.39095189 0.86265645 -0.35387735 0.03222944 -0.05592703 0.15514092 
0.43814608 0.99135745 0.58980571 0.32168482 -0.02496932 0.02200076 0.14592623 

----------
0.90979976 0.57424660 0.36102735 0.80033736 -0.03874128 -0.03874128 -0.03874128 
0.10863141 0.39095189 0.86265645 -0.35387735 0.03222944 0.03222944 0.03222944 
0.43814608 0.99135745 0.58980571 0.32168482 -0.02496932 -0.02496932 -0.02496932 

----------
0.65710941 0.43903278 0.55397049 0.26213967 -0.03178248 -0.12429422 0.05225626 
-0.12231679 0.45152699 0.54419539 -0.69687598 0.06001548 0.17555012 0.05189599 
0.70074809 0.55883781 0.43282338 0.09728683 -0.01848558 0.03911522 0.05225628 

----------
iteration: 761, probabilities: [0.000002 0.000033 0.999905 0.000040 0.000020], probability: 0.9999053478240967