0.99004558 0.37272342 -0.54003820 0.42866334 0.02095523 -0.01942511 0.15373491 
0.99458052 -0.26869574 0.82304422 -0.30479703 -0.00654385 -0.04352451 0.15115745 
0.45137561 0.38584373 -0.48334203 -0.29588378 0.05095151 0.05655428 0.16627466 

----------
0.99004558 0.37272342 -0.54003820 0.42866334 0.02095523 0.02095523 0.02095523 
0.99458052 -0.26869574 0.82304422 -0.30479703 -0.00654385 -0.00654385 -0.00654385 
0.45137561 0.38584373 -0.48334203 -0.29588378 0.05095151 0.05095151 0.05095151 

----------
0.60651053 0.70689100 -0.01422667 -0.36452161 0.14849403 -0.10574538 0.05225648 
0.63004166 -0.39013911 0.58983268 -0.32122671 -0.05112040 0.03376228 0.05184820 
0.26270440 0.55435685 -0.43857163 -0.65690057 0.08995480 0.02830946 0.05225626 

----------
iteration: 370, probabilities: [0.000004 0.000039 0.999519 0.000325 0.000113], probability: 0.9995187520980835