0.91028434 0.56866034 -0.84311173 0.18867950 0.03447494 0.01207990 0.18381934 
0.56927698 -0.27735120 0.35832193 0.04805588 0.01344002 0.06657954 0.16755150 
0.98668321 0.84444416 0.48926332 0.42727455 0.04381050 -0.01712647 0.12365765 

----------
0.91028434 0.56866034 -0.84311173 0.18867950 0.03447494 0.03447494 0.03447494 
0.56927698 -0.27735120 0.35832193 0.04805588 0.01344002 0.01344002 0.01344002 
0.98668321 0.84444416 0.48926332 0.42727455 0.04381050 0.04381050 0.04381050 

----------
0.70802151 0.52550314 -0.46908698 0.05059958 0.05516606 0.09161037 0.05257606 
0.70481618 -0.58829955 0.39250495 -0.05767991 -0.06394557 0.03359155 0.05178935 
0.69303909 0.52995749 0.46768610 0.14196710 0.12108663 0.00379124 0.05225439 

----------
iteration: 2249, probabilities: [0.000004 0.000032 0.999558 0.000271 0.000136], probability: 0.9995577931404114