0.81622000 0.28719315 -0.39201986 -0.10153847 0.03013436 0.00643043 0.17052177 
0.63790146 -0.12797156 0.72307715 0.13754138 -0.00027007 -0.01039396 0.19121338 
0.05692038 0.99915222 0.68196467 -0.36713500 0.00191149 0.01487044 0.13253561 

----------
0.81622000 0.28719315 -0.39201986 -0.10153847 0.03013436 0.03013436 0.03013436 
0.63790146 -0.12797156 0.72307715 0.13754138 -0.00027007 -0.00027007 -0.00027007 
0.05692038 0.99915222 0.68196467 -0.36713500 0.00191149 0.00191149 0.00191149 

----------
0.52065349 0.68941788 -0.15615283 -0.47903611 0.15360801 -0.02001344 0.05225625 
0.98398916 -0.00001710 0.00009422 0.17910957 -0.25238569 -0.07017656 0.05201145 
0.00015754 0.87023507 0.49282210 -0.00124656 -0.01847135 -0.02619610 0.05199184 

----------
iteration: 2940, probabilities: [0.000002 0.000041 0.999909 0.000036 0.000012], probability: 0.9999089241027832