0.94328121 0.44836108 -0.81458609 0.61883995 -0.02484899 0.02972509 0.15411271 
0.99999594 0.58668459 0.84271395 0.17135126 0.00549308 -0.00473995 0.15388827 
0.27404867 0.67968826 0.88626659 0.31962552 -0.00081587 0.04661776 0.15347948 

----------
0.94328121 0.44836108 -0.81458609 0.61883995 -0.02484899 -0.02484899 -0.02484899 
0.99999594 0.58668459 0.84271395 0.17135126 0.00549308 0.00549308 0.00549308 
0.27404867 0.67968826 0.88626659 0.31962552 -0.00081587 -0.00081587 -0.00081587 

----------
0.59328393 0.31212324 -0.63477591 0.38429121 -0.04150730 -0.09164074 0.05154910 
0.68021812 0.49273525 0.50678802 0.19442634 0.06721745 -0.00482273 0.05225626 
0.59786961 0.32996025 0.62512323 0.37825959 -0.11848643 0.07389655 0.05225547 

----------
iteration: 2942, probabilities: [0.000003 0.000031 0.999832 0.000097 0.000038], probability: 0.9998321533203125