0.99951996 0.23045049 -0.45153303 0.24576148 -0.00047665 0.02409438 0.13947078 
-0.29300189 0.49790675 0.92964128 -0.29395826 0.03761576 -0.02764818 0.19540354 
0.94216183 0.92014933 0.57375865 -0.07791207 -0.02150157 -0.01495816 0.14688078 

----------
0.99951996 0.23045049 -0.45153303 0.24576148 -0.00047665 -0.00047665 -0.00047665 
-0.29300189 0.49790675 0.92964128 -0.29395826 0.03761576 0.03761576 0.03761576 
0.94216183 0.92014933 0.57375865 -0.07791207 -0.02150157 -0.02150157 -0.02150157 

----------
0.99859180 0.00013504 0.00010110 -0.05466043 -0.00253128 0.07250397 0.05200904 
0.04518945 0.29801013 0.64110490 -0.70595640 0.11251271 0.11982072 0.05175412 
0.70684737 0.62698916 0.32632669 -0.02911334 -0.03155602 -0.06497876 0.05225627 

----------
iteration: 3813, probabilities: [0.000004 0.000031 0.999366 0.000389 0.000209], probability: 0.9993664622306824