0.91207945 -0.03687033 0.20655088 -0.13838548 0.03070214 0.02163469 0.17080958 
0.45638724 0.06164343 0.98289443 0.16414176 0.05753488 -0.01719649 0.15375192 
0.99698735 0.96196914 0.22859211 0.75159228 -0.00087568 -0.04147180 0.13020153 

----------
0.91207945 -0.03687033 0.20655088 -0.13838548 0.03070214 0.03070214 0.03070214 
0.45638724 0.06164343 0.98289443 0.16414176 0.05753488 0.05753488 0.05753488 
0.99698735 0.96196914 0.22859211 0.75159228 -0.00087568 -0.00087568 -0.00087568 

----------
0.97575411 0.00002550 0.00009285 -0.21908312 0.06814956 -0.01427866 0.05201150 
0.54153960 0.40393945 0.72101949 0.15436322 0.06580630 0.09738111 0.07402048 
0.68236317 0.50603612 0.49357087 0.18659196 -0.03114047 0.03086454 0.05223260 

----------
iteration: 4497, probabilities: [0.000002 0.000170 0.999794 0.000026 0.000009], probability: 0.9997937083244324