0.99790676 -0.61574550 -0.79832602 -0.20526920 0.00278485 -0.04073874 0.14934043 
0.13840279 0.07093842 0.91324498 0.27458352 0.03285451 0.03689170 0.14299152 
0.85815890 0.63545571 -0.08559837 0.35896167 -0.00654181 0.05954302 0.15079381 

----------
0.99790676 -0.61574550 -0.79832602 -0.20526920 0.00278485 0.00278485 0.00278485 
0.13840279 0.07093842 0.91324498 0.27458352 0.03285451 0.03285451 0.03285451 
0.85815890 0.63545571 -0.08559837 0.35896167 -0.00654181 -0.00654181 -0.00654181 

----------
0.59926933 -0.70653916 -0.03024509 0.37539563 0.08466187 -0.00911167 0.05186224 
0.00105990 0.21289851 0.97718955 -0.00028521 0.12046525 0.11183669 0.05195272 
0.70009705 0.55599716 0.43646754 0.10186525 -0.02675673 0.05609579 0.05225625 

----------
iteration: 4512, probabilities: [0.000001 0.000043 0.999909 0.000031 0.000015], probability: 0.9999092817306519