0.75552570 0.41070178 -0.20568304 0.12141736 -0.02308992 -0.05306273 0.13630292 
-0.10378121 0.08576513 0.60367177 -0.13723694 0.05463999 -0.01865039 0.12561509 
0.71182707 0.99779314 0.05741269 -0.40622919 -0.00247076 0.09305736 0.16403054 

----------
0.75552570 0.41070178 -0.20568304 0.12141736 -0.02308992 -0.02308992 -0.02308992 
-0.10378121 0.08576513 0.60367177 -0.13723694 0.05463999 0.05463999 0.05463999 
0.71182707 0.99779314 0.05741269 -0.40622919 -0.00247076 -0.00247076 -0.00247076 

----------
0.65390395 0.70096564 0.09119596 -0.27010199 -0.01932226 -0.14949750 0.05225763 
0.00059703 0.03237875 0.99952102 -0.00007711 0.07187441 0.10614542 0.05195527 
0.57990943 0.70403782 -0.06269270 -0.40519201 0.00329232 0.02075821 0.05225626 

----------
iteration: 4419, probabilities: [0.000002 0.000037 0.999901 0.000044 0.000017], probability: 0.9999011754989624