0.99847650 0.34659343 -0.12463565 0.12448800 -0.06231837 -0.02651548 0.13980133 
0.55421883 0.54055648 0.75220645 0.16121418 -0.01236848 -0.01715550 0.14692668 
0.71607788 0.37589851 0.29491201 0.10514319 -0.01069919 0.02397278 0.15409062 

----------
0.99847650 0.34659343 -0.12463565 0.12448800 -0.06231837 -0.06231837 -0.06231837 
0.55421883 0.54055648 0.75220645 0.16121418 -0.01236848 -0.01236848 -0.01236848 
0.71607788 0.37589851 0.29491201 0.10514319 -0.01069919 -0.01069919 -0.01069919 

----------
0.99616238 0.02430574 -0.02086859 -0.08207970 -0.06269949 -0.11677970 0.05407682 
0.66327399 0.45236301 0.54312119 0.24607984 -0.01753914 0.09938243 0.05225625 
0.69286114 0.52935133 0.46837747 0.14285541 0.01517571 -0.04522701 0.05225148 

----------
iteration: 4465, probabilities: [0.000002 0.000032 0.999881 0.000063 0.000022], probability: 0.9998805522918701