0.98609235 0.25365049 -0.61821483 -0.02794402 -0.01804243 -0.01755997 0.13519840 
-0.06743087 0.78103558 0.94346024 -0.10215741 0.00467513 0.04246411 0.16227964 
0.98890097 0.52246214 0.25244632 0.22187594 0.01591938 0.01006439 0.16187345 

----------
0.98609235 0.25365049 -0.61821483 -0.02794402 -0.01804243 -0.01804243 -0.01804243 
-0.06743087 0.78103558 0.94346024 -0.10215741 0.00467513 0.00467513 0.00467513 
0.98890097 0.52246214 0.25244632 0.22187594 0.01591938 0.01591938 0.01591938 

----------
0.47515607 0.67226362 -0.21849212 -0.52423893 -0.00499230 -0.16147838 0.05224625 
0.00104911 0.63577928 0.77192068 -0.00113102 -0.06943829 0.04332727 0.05198542 
0.70169949 0.56326467 0.42702253 0.09004575 0.11605273 0.01429710 0.05225625 

----------
iteration: 5405, probabilities: [0.000003 0.000032 0.999696 0.000190 0.000079], probability: 0.9996961355209351