0.99836901 -0.14507074 0.05954331 0.16128467 0.01468308 -0.00636816 0.13893208 
0.89863450 0.85462506 0.95694050 -0.05663407 -0.02421493 -0.07749043 0.15687642 
0.99984636 0.36124768 0.24064914 -0.32120620 0.01700564 0.01653117 0.16064740 

----------
0.99836901 -0.14507074 0.05954331 0.16128467 0.01468308 0.01468308 0.01468308 
0.89863450 0.85462506 0.95694050 -0.05663407 -0.02421493 -0.02421493 -0.02421493 
0.99984636 0.36124768 0.24064914 -0.32120620 0.01700564 0.01700564 0.01700564 

----------
0.98443237 -0.00001646 0.00009420 0.17608256 -0.02936675 0.06752896 0.05201145 
0.69619259 0.54067214 0.45533020 0.12587463 -0.08006733 -0.07431247 0.05225627 
0.95820925 -0.00050029 0.00041304 -0.28637027 0.07075503 0.03023247 0.05204453 

----------
iteration: 6423, probabilities: [0.000002 0.000029 0.999844 0.000088 0.000036], probability: 0.9998440742492676