0.99958036 -0.38211108 -0.25828578 0.05282174 -0.01597008 0.02536170 0.15298441 
0.50158861 0.31994721 0.98786408 0.19743013 -0.02025045 0.03208762 0.18022934 
0.30555430 0.21546600 0.10934365 0.16142229 -0.00923371 -0.01869650 0.17893540 

----------
0.99958036 -0.38211108 -0.25828578 0.05282174 -0.01597008 -0.01597008 -0.01597008 
0.50158861 0.31994721 0.98786408 0.19743013 -0.02025045 -0.02025045 -0.02025045 
0.30555430 0.21546600 0.10934365 0.16142229 -0.00923371 -0.00923371 -0.00923371 

----------
0.93146068 -0.00089406 -0.00182056 0.36442986 0.12194865 -0.06222370 0.05215571 
0.54041685 0.24120721 0.66442520 0.45658278 -0.09765277 0.02598396 0.05225626 
0.69076048 0.52261589 0.47588864 0.15271633 -0.02901258 -0.08421076 0.05225624 

----------
iteration: 6353, probabilities: [0.000003 0.000034 0.999804 0.000121 0.000039], probability: 0.9998037219047546