0.89952755 0.32960270 0.05747750 -0.49860719 -0.01580456 -0.05297185 0.15016923 
0.18356587 0.16831830 0.69765031 0.09634043 0.02590542 -0.02072391 0.16629799 
0.74755784 0.98333981 0.17005360 -0.06941061 -0.01496209 -0.03456505 0.16986361 

----------
0.89952755 0.32960270 0.05747750 -0.49860719 -0.01580456 -0.01580456 -0.01580456 
0.18356587 0.16831830 0.69765031 0.09634043 0.02590542 0.02590542 0.02590542 
0.74755784 0.98333981 0.17005360 -0.06941061 -0.01496209 -0.01496209 -0.01496209 

----------
0.84802107 0.00005081 0.00008115 -0.53016315 0.04218807 -0.03795747 0.05201145 
0.00263421 0.04241962 0.99921799 0.00080487 0.09648635 0.07798345 0.05211045 
0.69023611 0.67524356 0.20891352 -0.15507625 -0.08043032 0.02916389 0.05225627 

----------
iteration: 6762, probabilities: [0.000003 0.000028 0.999804 0.000111 0.000054], probability: 0.9998040795326233