0.69408736 -0.50496167 -0.27888107 -0.18731502 -0.00790253 -0.00838695 0.18591441 
0.09956880 -0.17409023 0.90276382 -0.52518021 0.05558125 0.01193839 0.15857698 
0.68511530 0.99499299 -0.33071165 0.78245112 0.02608391 0.00400304 0.12161027 

----------
0.69408736 -0.50496167 -0.27888107 -0.18731502 -0.00790253 -0.00790253 -0.00790253 
0.09956880 -0.17409023 0.90276382 -0.52518021 0.05558125 0.05558125 0.05558125 
0.68511530 0.99499299 -0.33071165 0.78245112 0.02608391 0.02608391 0.02608391 

----------
0.65004094 -0.70428573 0.06417890 0.27840873 0.03931699 -0.03234709 0.05170214 
0.22747523 -0.47318892 0.52434028 -0.67050296 0.12992344 0.08156806 0.05204436 
0.69973765 0.54663982 0.44589503 0.11386355 0.03663674 0.15973868 0.05235839 

----------
iteration: 6010, probabilities: [0.000002 0.000043 0.999905 0.000031 0.000019], probability: 0.9999045133590698