0.99123032 -0.19098439 0.07502112 0.47886719 -0.02136972 -0.00294106 0.15740177 
0.58324816 0.57762449 0.71154678 0.05286071 0.02901073 0.05696359 0.18067234 
0.87330444 0.57488701 0.12912721 -0.20177728 -0.01269419 -0.03287476 0.15937471 

----------
0.99123032 -0.19098439 0.07502112 0.47886719 -0.02136972 -0.02136972 -0.02136972 
0.58324816 0.57762449 0.71154678 0.05286071 0.02901073 0.02901073 0.02901073 
0.87330444 0.57488701 0.12912721 -0.20177728 -0.01269419 -0.01269419 -0.01269419 

----------
0.90270537 -0.00006067 0.00008417 0.43035389 -0.08230306 -0.05467712 0.05201177 
0.67823844 0.48763954 0.51169282 0.20119649 0.00450432 0.08254092 0.05225708 
0.68383493 0.68266548 0.18330198 -0.18112818 0.04381369 -0.08279040 0.05226329 

----------
iteration: 6312, probabilities: [0.000002 0.000032 0.999873 0.000069 0.000024], probability: 0.9998726844787598