0.77547116 0.74304025 -0.11817157 0.55260251 0.00255782 0.02139615 0.14838834 
0.36514193 -0.02311535 0.75409543 -0.30489084 0.07448296 -0.00084465 0.16731555 
0.87938234 0.64624095 0.33073409 -0.29179498 0.02206606 0.02273166 0.14929836 

----------
0.77547116 0.74304025 -0.11817157 0.55260251 0.00255782 0.00255782 0.00255782 
0.36514193 -0.02311535 0.75409543 -0.30489084 0.07448296 0.07448296 0.07448296 
0.87938234 0.64624095 0.33073409 -0.29179498 0.02206606 0.02206606 0.02206606 

----------
0.68961636 0.66124474 -0.25107241 0.15563712 -0.03939923 -0.02003076 0.05213329 
0.41323705 -0.09169032 0.70121620 -0.57387500 0.06730073 0.16291909 0.05169784 
0.70342233 0.64701814 0.28456081 -0.07536217 0.07848388 -0.03367498 0.05225649 

----------
iteration: 6027, probabilities: [0.000002 0.000031 0.999861 0.000071 0.000036], probability: 0.9998605251312256