0.53192323 -0.45111732 0.38887302 0.31716915 0.01664200 0.02332477 0.13967323 
0.48195138 0.36676212 0.99011356 0.34690189 -0.05821252 -0.00179289 0.16172920 
0.45203897 0.44702714 0.42677611 -0.01894033 -0.08870785 0.01804685 0.14738576 

----------
0.53192323 -0.45111732 0.38887302 0.31716915 0.01664200 0.01664200 0.01664200 
0.48195138 0.36676212 0.99011356 0.34690189 -0.05821252 -0.05821252 -0.05821252 
0.45203897 0.44702714 0.42677611 -0.01894033 -0.08870785 -0.08870785 -0.08870785 

----------
0.66199788 -0.69867146 0.11020425 0.24854425 -0.02739648 0.04772061 0.05185204 
0.56957977 0.28486425 0.64689665 0.41961532 -0.03578161 -0.13277867 0.05225625 
0.69604365 0.54008763 0.45603532 0.12674815 -0.17212178 -0.03668653 0.05225700 

----------
iteration: 7803, probabilities: [0.000004 0.000033 0.999722 0.000177 0.000064], probability: 0.9997219443321228