0.96443036 0.27914487 -0.99373817 0.13083114 0.04048262 0.00400773 0.16778767 
0.73330936 0.48740452 0.34779860 0.04397415 -0.00756942 0.04390412 0.16991133 
0.50336953 0.64241133 0.97757774 0.02637996 0.01238712 -0.01769353 0.15887551 

----------
0.96443036 0.27914487 -0.99373817 0.13083114 0.04048262 0.04048262 0.04048262 
0.73330936 0.48740452 0.34779860 0.04397415 -0.00756942 -0.00756942 -0.00756942 
0.50336953 0.64241133 0.97757774 0.02637996 0.01238712 0.01238712 0.01238712 

----------
0.48084969 0.67480271 -0.21056532 -0.51899513 0.12100769 -0.00368377 0.05225652 
0.70309942 0.57038491 0.41742915 0.07818266 -0.07325722 0.00805119 0.05225553 
0.65880725 0.60626898 0.36350831 0.25812718 -0.00341144 -0.07984471 0.05157781 

----------
iteration: 8565, probabilities: [0.000002 0.000033 0.999873 0.000069 0.000023], probability: 0.9998725652694702