0.71581395 -0.13963969 -0.40199308 -0.34292334 0.00608462 -0.00814115 0.14953427 
0.36537949 -0.49343076 0.45116885 -0.14916455 0.04935742 0.03702472 0.17305861 
0.95949949 0.06251071 0.41666758 0.54721600 0.03670982 0.02704450 0.14927173 

----------
0.71581395 -0.13963969 -0.40199308 -0.34292334 0.00608462 0.00608462 0.00608462 
0.36537949 -0.49343076 0.45116885 -0.14916455 0.04935742 0.04935742 0.04935742 
0.95949949 0.06251071 0.41666758 0.54721600 0.03670982 0.03670982 0.03670982 

----------
0.19634875 0.50838997 -0.49130350 -0.67965718 -0.12513118 -0.10388748 0.05226664 
0.68244909 -0.50109814 0.49900434 -0.18516700 0.08320115 -0.00599539 0.05187252 
0.86725702 0.00017190 0.00017867 0.49805105 -0.02356554 0.08921127 0.05201722 

----------
iteration: 8079, probabilities: [0.000003 0.000030 0.999772 0.000137 0.000057], probability: 0.9997721314430237