0.99431553 -0.17254063 -0.49538576 0.24205980 -0.02347775 0.03473983 0.17285183 
0.81828247 0.70726983 0.99095186 -0.02419904 0.00810564 -0.02101735 0.17261315 
0.94432905 0.99324581 0.18906372 0.84866668 0.00106706 -0.04978795 0.18205942 

----------
0.99431553 -0.17254063 -0.49538576 0.24205980 -0.02347775 -0.02347775 -0.02347775 
0.81828247 0.70726983 0.99095186 -0.02419904 0.00810564 0.00810564 0.00810564 
0.94432905 0.99324581 0.18906372 0.84866668 0.00106706 0.00106706 0.00106706 

----------
0.49294054 -0.67926540 -0.19603618 0.50736786 -0.09734842 0.10017263 0.05189637 
0.67939937 0.49056405 0.50893017 0.19736856 -0.01035134 -0.09612387 0.05225619 
0.69254797 0.52822862 0.46969668 0.14454500 0.09761921 0.09477016 0.05225626 

----------
iteration: 9258, probabilities: [0.000004 0.000028 0.999622 0.000220 0.000127], probability: 0.9996217489242554