0.99963176 0.66659204 0.14567149 0.09720216 0.04686214 -0.01412774 0.15198176 
0.38780344 0.11583348 0.55298296 0.19438829 0.02290518 0.06255053 0.15208552 
0.95641244 -0.08081384 0.41687333 -0.16872378 -0.00114100 0.02068816 0.12323787 

----------
0.99963176 0.66659204 0.14567149 0.09720216 0.04686214 0.04686214 0.04686214 
0.38780344 0.11583348 0.55298296 0.19438829 0.02290518 0.02290518 0.02290518 
0.95641244 -0.08081384 0.41687333 -0.16872378 -0.00114100 -0.00114100 -0.00114100 

----------
0.70406142 0.64448196 0.29025936 -0.06913717 0.12378888 0.05296651 0.05225625 
0.96740039 -0.00247403 0.00197695 0.25409331 -0.16736254 0.03896333 0.05220782 
0.99920142 0.00000414 0.00009575 -0.04324618 -0.06256029 -0.04978663 0.05201145 

----------
iteration: 10274, probabilities: [0.000005 0.000032 0.999564 0.000280 0.000119], probability: 0.9995637536048889