0.67803814 0.06608487 0.00583808 0.21755230 -0.04665897 -0.03366252 0.15512309 
0.91418253 0.58395311 0.76920144 0.28447831 0.06591185 0.01910236 0.19490298 
0.87290548 0.23635951 0.22232312 0.32287302 0.09998447 -0.07870139 0.17179994 

----------
0.67803814 0.06608487 0.00583808 0.21755230 -0.04665897 -0.04665897 -0.04665897 
0.91418253 0.58395311 0.76920144 0.28447831 0.06591185 0.06591185 0.06591185 
0.87290548 0.23635951 0.22232312 0.32287302 0.09998447 0.09998447 0.09998447 

----------
0.97377036 -0.00002173 0.00009324 0.22762785 -0.06253856 -0.06303905 0.05201145 
0.66568127 0.45776145 0.53854606 0.23941847 0.05331097 0.04122792 0.05225628 
0.98094151 -0.00075721 0.00053272 0.19506273 0.07686723 0.17595852 0.05206894 

----------
iteration: 11729, probabilities: [0.000003 0.000028 0.999783 0.000116 0.000070], probability: 0.9997829794883728