0.26110448 0.07699791 -0.43381596 0.15117123 -0.00353916 -0.08162175 0.16398934 
0.83035867 0.34227117 0.97202082 -0.06078570 0.03122955 0.01651415 0.16304027 
0.12803409 0.63625678 0.01707430 -0.28137312 0.01765164 -0.01290091 0.16164180 

----------
0.26110448 0.07699791 -0.43381596 0.15117123 -0.00353916 -0.00353916 -0.00353916 
0.83035867 0.34227117 0.97202082 -0.06078570 0.03122955 0.03122955 0.03122955 
0.12803409 0.63625678 0.01707430 -0.28137312 0.01765164 0.01765164 0.01765164 

----------
0.54397376 -0.69645257 -0.12356117 0.45201326 -0.07650480 0.06960587 0.05186821 
0.67975500 0.49146719 0.50806937 0.19617016 0.03162165 0.01859127 0.05225624 
-0.00062850 0.93191004 0.36302981 -0.00035792 0.00372629 -0.10860567 0.05201514 

----------
iteration: 11021, probabilities: [0.000002 0.000030 0.999880 0.000063 0.000025], probability: 0.9998797178268433