0.94183915 0.08711417 0.06979350 0.22129106 -0.08915671 -0.04902470 0.15163383 
0.51386411 -0.33771538 0.73527188 -0.31983026 -0.05005566 0.05078765 0.15656374 
0.40143068 0.67701662 0.01413004 -0.14094928 0.03491416 0.02339941 0.16201278 

----------
0.94183915 0.08711417 0.06979350 0.22129106 -0.08915671 -0.08915671 -0.08915671 
0.51386411 -0.33771538 0.73527188 -0.31983026 -0.05005566 -0.05005566 -0.05005566 
0.40143068 0.67701662 0.01413004 -0.14094928 0.03491416 0.03491416 0.03491416 

----------
0.97287271 -0.00002341 0.00009363 0.23152582 -0.15686573 -0.06358388 0.05201145 
0.59091526 -0.31652033 0.63086293 -0.39089236 -0.01185754 -0.07931347 0.05202703 
0.64899705 0.70243494 0.07876665 -0.28159759 0.05611324 0.07481280 0.05225621 

----------
iteration: 11370, probabilities: [0.000011 0.000047 0.997337 0.002005 0.000600], probability: 0.9973369240760803