0.66034637 -0.02443174 -0.17911461 0.31461916 -0.02590354 0.06352997 0.17614861 
0.99753776 -0.20578465 0.55495678 -0.51955310 -0.03255016 -0.02856363 0.15354829 
0.65000391 0.65744407 0.18623987 0.21375779 -0.01218389 -0.01189041 0.16351165 

----------
0.66034637 -0.02443174 -0.17911461 0.31461916 -0.02590354 -0.02590354 -0.02590354 
0.99753776 -0.20578465 0.55495678 -0.51955310 -0.03255016 -0.03255016 -0.03255016 
0.65000391 0.65744407 0.18623987 0.21375779 -0.01218389 -0.01218389 -0.01218389 

----------
0.86800122 -0.00004434 0.00008429 0.49682487 -0.07396156 0.01639875 0.05201148 
0.59281587 -0.32345687 0.62869506 -0.38574856 0.02219428 -0.09550693 0.05189400 
0.70696818 0.59982160 0.37390425 0.02572232 0.07195166 0.04132285 0.05225626 

----------
iteration: 11490, probabilities: [0.000003 0.000031 0.999813 0.000111 0.000043], probability: 0.9998133778572083