0.94822289 0.61813285 -0.58373838 0.71986469 0.02025067 -0.00967913 0.16274565 
0.31273298 -0.12760540 0.91670296 0.20585551 0.06787923 0.06753213 0.14116928 
0.44982780 0.55740848 0.26817549 0.53004205 -0.00320552 0.02319239 0.14380441 

----------
0.94822289 0.61813285 -0.58373838 0.71986469 0.02025067 0.02025067 0.02025067 
0.31273298 -0.12760540 0.91670296 0.20585551 0.06787923 0.06787923 0.06787923 
0.44982780 0.55740848 0.26817549 0.53004205 -0.00320552 -0.00320552 -0.00320552 

----------
0.68004743 0.68639489 0.16903487 -0.19524916 0.11423130 -0.08353369 0.05225626 
0.07372877 0.05267466 0.99247191 -0.08427217 0.14669948 0.10299695 0.06179275 
0.64941169 0.42316171 0.56617497 0.28064071 -0.02099197 0.12018783 0.05225625 

----------
iteration: 11932, probabilities: [0.000002 0.000040 0.999900 0.000037 0.000022], probability: 0.9998995065689087