-0.20326468 0.05357588 -0.32525253 0.92945634 0.01922316 0.00192250 0.15790751 
-0.05197365 0.43698091 0.67001663 -0.05422447 0.05979637 -0.00643145 0.15933663 
0.98651771 0.37749869 0.38342601 -0.65205812 0.00392604 0.00855327 0.14743257 

----------
-0.20326468 0.05357588 -0.32525253 0.92945634 0.01922316 0.01922316 0.01922316 
-0.05197365 0.43698091 0.67001663 -0.05422447 0.05979637 0.05979637 0.05979637 
0.98651771 0.37749869 0.38342601 -0.65205812 0.00392604 0.00392604 0.00392604 

----------
-0.18687517 -0.00005426 0.00015654 0.98244760 0.06763467 0.00672879 0.05201506 
0.00037571 0.39736006 0.91770367 -0.00012099 0.04575325 0.10827925 0.05195933 
0.82443672 0.00005576 0.00007853 -0.56612095 -0.07526869 0.06415742 0.05201147 

----------
iteration: 12979, probabilities: [0.000002 0.000031 0.999899 0.000046 0.000023], probability: 0.9998986721038818