0.65057916 -0.10598391 -0.80719479 -0.34063391 0.06449058 0.02058544 0.14071482 
0.17982034 -0.06924134 0.98513476 -0.22583472 0.05176154 0.00486152 0.17458273 
0.80090296 0.40857416 -0.33294120 0.13901666 -0.00068229 -0.02269187 0.15582580 

----------
0.65057916 -0.10598391 -0.80719479 -0.34063391 0.06449058 0.06449058 0.06449058 
0.17982034 -0.06924134 0.98513476 -0.22583472 0.05176154 0.05176154 0.05176154 
0.80090296 0.40857416 -0.33294120 0.13901666 -0.00068229 -0.00068229 -0.00068229 

----------
0.65463766 -0.06216127 -0.70435388 -0.26743655 0.12691060 0.03355964 0.05195451 
0.00098080 -0.07613211 0.99714133 0.00002155 0.03278948 0.08196256 0.05195082 
0.62340266 0.70659666 0.02014588 -0.33455803 0.03754052 -0.08414249 0.05225626 

----------
iteration: 12245, probabilities: [0.000002 0.000037 0.999838 0.000088 0.000034], probability: 0.9998377561569214