0.91516640 -0.22996041 -0.16740683 0.52835275 -0.00839871 -0.06243116 0.16572033 
0.66332421 0.81015337 0.75394892 -0.08426424 -0.00295050 -0.02526208 0.15707392 
0.68709678 0.54043466 0.49392106 0.09842575 -0.05635524 0.01964822 0.13130128 

----------
0.91516640 -0.22996041 -0.16740683 0.52835275 -0.00839871 -0.00839871 -0.00839871 
0.66332421 0.81015337 0.75394892 -0.08426424 -0.00295050 -0.00295050 -0.00295050 
0.68709678 0.54043466 0.49392106 0.09842575 -0.05635524 -0.05635524 -0.05635524 

----------
0.84174009 -0.00118555 0.00010222 0.54010651 0.07938190 -0.08566217 0.05207770 
0.67791284 0.48679872 0.51250329 0.20234543 -0.04923289 0.06923361 0.05225627 
0.69719790 0.54451509 0.45065401 0.11990062 -0.10562011 -0.06211152 0.05225626 

----------
iteration: 12121, probabilities: [0.000004 0.000034 0.999537 0.000308 0.000117], probability: 0.9995365142822266