0.83210381 0.09024114 0.03118041 -0.19987761 -0.00629316 -0.03289834 0.16185081 
0.61745743 0.12030394 0.60915671 0.51737788 -0.01714554 0.01503360 0.15304236 
0.28558856 0.21044216 0.16757309 -0.21627425 0.01219130 0.05515458 0.15813351 

----------
0.83210381 0.09024114 0.03118041 -0.19987761 -0.00629316 -0.00629316 -0.00629316 
0.61745743 0.12030394 0.60915671 0.51737788 -0.01714554 -0.01714554 -0.01714554 
0.28558856 0.21044216 0.16757309 -0.21627425 0.01219130 0.01219130 0.01219130 

----------
0.95266515 0.00002918 0.00009118 -0.30411662 -0.07442959 0.06015045 0.05201145 
0.52150139 0.21414711 0.67360779 0.47803517 -0.00217813 -0.09098813 0.05225625 
0.69452023 -0.69370794 -0.14122436 0.13060823 0.01923205 0.14644388 0.05091321 

----------
iteration: 13775, probabilities: [0.000002 0.000027 0.999847 0.000081 0.000043], probability: 0.9998469352722168