0.63767400 0.30830832 -0.03631214 0.73003965 0.04836549 0.04956498 0.15431189 
0.50065351 0.35405882 0.56079449 0.65138820 0.04944154 0.00379711 0.15610533 
0.95534638 0.27835033 0.41107109 0.01720120 0.00597488 0.06287659 0.14328811 

----------
0.63767400 0.30830832 -0.03631214 0.73003965 0.04836549 0.04836549 0.04836549 
0.50065351 0.35405882 0.56079449 0.65138820 0.04944154 0.04944154 0.04944154 
0.95534638 0.27835033 0.41107109 0.01720120 0.00597488 0.00597488 0.00597488 

----------
0.67589873 -0.00007036 0.00006480 0.73713011 -0.02792567 0.12956128 0.05201145 
0.54065817 0.24158510 0.66425201 0.45624386 0.12626838 0.05714890 0.05225627 
0.99417047 0.00110392 0.00018510 0.10917092 -0.07853613 -0.00174497 0.05208279 

----------
iteration: 14215, probabilities: [0.000002 0.000030 0.999900 0.000044 0.000024], probability: 0.999900221824646