0.59554734 -0.15174609 -0.61539408 0.02920659 -0.04188665 -0.01472373 0.15062377 
0.28789858 0.32853222 0.92289545 -0.17401230 0.00523595 0.03108059 0.17595483 
0.73794889 0.53200247 0.98690683 0.15467855 0.03083689 -0.00364012 0.15147467 

----------
0.59554734 -0.15174609 -0.61539408 0.02920659 -0.04188665 -0.04188665 -0.04188665 
0.28789858 0.32853222 0.92289545 -0.17401230 0.00523595 0.00523595 0.00523595 
0.73794889 0.53200247 0.98690683 0.15467855 0.03083689 0.03083689 0.03083689 

----------
0.44040099 -0.65651887 -0.26213794 0.55366864 -0.05317566 0.12981460 0.05190199 
0.00086390 0.30717114 0.95172738 -0.00032438 0.04024193 -0.12057135 0.05194981 
0.67094653 0.46980308 0.52813472 0.22438176 0.03624834 0.01574357 0.05225626 

----------
iteration: 14358, probabilities: [0.000002 0.000031 0.999884 0.000058 0.000025], probability: 0.9998841285705566