0.99992707 0.41807635 -0.35049905 -0.07126137 -0.03318228 0.00140927 0.19102076 
0.39251996 0.08904281 0.81045138 -0.31996508 0.01039659 -0.07046849 0.17233796 
0.70283056 0.76296140 0.07113212 0.42124989 -0.00638146 0.04490151 0.16366426 

----------
0.99992707 0.41807635 -0.35049905 -0.07126137 -0.03318228 -0.03318228 -0.03318228 
0.39251996 0.08904281 0.81045138 -0.31996508 0.01039659 0.01039659 0.01039659 
0.70283056 0.76296140 0.07113212 0.42124989 -0.00638146 -0.00638146 -0.00638146 

----------
0.59221950 0.70570410 -0.04125243 -0.38697961 -0.04447364 -0.13785622 0.05225473 
0.35488991 -0.02330516 0.70684260 -0.61168755 -0.00639423 0.11914215 0.05170297 
0.70622566 0.59123390 0.38737675 0.04169579 0.10874146 -0.00377931 0.05225625 

----------
iteration: 14743, probabilities: [0.000002 0.000035 0.999898 0.000046 0.000019], probability: 0.9998984336853027