0.97304235 0.68132465 -0.25974768 0.47250470 -0.09898447 -0.06052383 0.13305119 
0.61804623 0.70947584 0.69612369 0.23802482 0.03354828 -0.05085105 0.15542271 
0.92103213 0.55332742 0.00450786 0.30399056 0.07297836 0.02143352 0.16520275 

----------
0.97304235 0.68132465 -0.25974768 0.47250470 -0.09898447 -0.09898447 -0.09898447 
0.61804623 0.70947584 0.69612369 0.23802482 0.03354828 0.03354828 0.03354828 
0.92103213 0.55332742 0.00450786 0.30399056 0.07297836 0.07297836 0.07297836 

----------
0.69619451 0.66662938 0.23122087 -0.13295689 -0.02715236 -0.11617223 0.05233181 
0.67391676 0.47693963 0.52166150 0.21520699 -0.01728057 0.02823028 0.05225626 
0.70545641 0.63785068 0.30461200 -0.05336787 0.16132037 0.08526963 0.05225591 

----------
iteration: 15008, probabilities: [0.000002 0.000032 0.999847 0.000084 0.000034], probability: 0.999847412109375