0.55418769 -0.04535422 -0.62195403 0.33064050 0.00098017 0.01567160 0.14895144 
0.30194866 0.63495080 0.56829992 -0.05063074 -0.03104241 -0.01831169 0.13466032 
0.35973218 0.91835643 0.48319139 0.46336807 -0.02180588 0.01817995 0.12749086 

----------
0.55418769 -0.04535422 -0.62195403 0.33064050 0.00098017 0.00098017 0.00098017 
0.30194866 0.63495080 0.56829992 -0.05063074 -0.03104241 -0.03104241 -0.03104241 
0.35973218 0.91835643 0.48319139 0.46336807 -0.02180588 -0.02180588 -0.02180588 

----------
0.21021729 -0.51716489 -0.48237692 0.67518424 0.07927216 0.10388433 0.05187241 
0.00062624 0.60952228 0.79290373 -0.00069162 -0.10342416 -0.11298715 0.05193617 
0.60562484 0.34287354 0.61817395 0.36578076 -0.04583317 0.06287858 0.05225626 

----------
iteration: 15733, probabilities: [0.000003 0.000028 0.999688 0.000185 0.000095], probability: 0.9996875524520874