0.86679461 -0.00630207 -0.02788853 0.10119402 -0.00410157 0.02620539 0.16392492 
0.31231693 0.28836280 0.62152821 -0.59374570 -0.03201086 0.06466001 0.14990263 
0.64378403 0.56149250 0.17934628 -0.24979767 0.02739589 0.00436795 0.14503741 

----------
0.86679461 -0.00630207 -0.02788853 0.10119402 -0.00410157 -0.00410157 -0.00410157 
0.31231693 0.28836280 0.62152821 -0.59374570 -0.03201086 -0.03201086 -0.03201086 
0.64378403 0.56149250 0.17934628 -0.24979767 0.02739589 0.02739589 0.02739589 

----------
0.99107840 -0.00001108 0.00009454 0.13335469 0.04393258 -0.05466653 0.05201146 
0.14769383 0.19768149 0.67892312 -0.69155564 -0.06407644 -0.03234869 0.05170233 
0.67798695 0.68795075 0.16218984 -0.20196696 0.02829607 0.07024689 0.05225631 

----------
iteration: 15535, probabilities: [0.000003 0.000032 0.999733 0.000169 0.000063], probability: 0.9997327923774719