0.36420360 -0.46608080 -0.21008089 0.39674923 0.01840695 0.06144985 0.15692837 
0.28048220 0.09095538 0.85353488 -0.07136318 0.03772867 -0.02267430 0.19705680 
0.34248196 0.92652771 0.95389164 0.31561064 -0.01380242 0.02591218 0.12180093 

----------
0.36420360 -0.46608080 -0.21008089 0.39674923 0.01840695 0.01840695 0.01840695 
0.28048220 0.09095538 0.85353488 -0.07136318 0.03772867 0.03772867 0.03772867 
0.34248196 0.92652771 0.95389164 0.31561064 -0.01380242 -0.01380242 -0.01380242 

----------
0.44157927 -0.65089940 -0.27638433 0.55225120 0.09407536 0.01300851 0.05169649 
0.38982626 -0.38770106 0.59192814 -0.58974007 0.05236913 0.15868140 0.05080703 
0.61545452 0.36072249 0.60820887 0.34861063 -0.10462695 0.00327332 0.05224668 

----------
iteration: 15067, probabilities: [0.000003 0.000028 0.999639 0.000205 0.000125], probability: 0.9996393918991089