0.87654961 0.65929197 -0.24671286 0.10552890 0.01257660 0.04326915 0.17436803 
0.31041758 0.42071898 0.99395176 0.17190736 0.04417951 0.00570306 0.15253841 
0.57489028 0.99201865 0.70091915 0.35490448 -0.00606526 -0.00542861 0.11983666 

----------
0.87654961 0.65929197 -0.24671286 0.10552890 0.01257660 0.01257660 0.01257660 
0.31041758 0.42071898 0.99395176 0.17190736 0.04417951 0.04417951 0.04417951 
0.57489028 0.99201865 0.70091915 0.35490448 -0.00606526 -0.00606526 -0.00606526 

----------
0.65926048 0.69894325 0.10545105 -0.25669531 0.10638439 -0.06776743 0.05225624 
-0.00768830 0.33253778 0.94317794 0.00024825 0.10266258 0.09883208 0.05242519 
0.67010011 0.46784008 0.52985588 0.22685380 -0.09095179 0.04127340 0.05225625 

----------
iteration: 16108, probabilities: [0.000001 0.000050 0.999910 0.000027 0.000011], probability: 0.9999102354049683