0.78384382 0.05711484 -0.66422381 -0.13043456 -0.00008342 -0.02985187 0.15635430 
0.24129545 0.89920724 0.79470361 0.35307268 -0.02659867 -0.00716729 0.13135832 
0.85557241 0.46175062 -0.37383758 -0.36408845 0.02546419 0.06540978 0.13329137 

----------
0.78384382 0.05711484 -0.66422381 -0.13043456 -0.00008342 -0.00008342 -0.00008342 
0.24129545 0.89920724 0.79470361 0.35307268 -0.02659867 -0.02659867 -0.02659867 
0.85557241 0.46175062 -0.37383758 -0.36408845 0.02546419 0.02546419 0.02546419 

----------
0.10615618 0.43988363 -0.55332285 -0.69947836 0.00133554 -0.13458757 0.05225660 
0.00073070 0.72447636 0.68934907 -0.00094739 -0.04564282 -0.03161963 0.05196270 
0.51026051 0.68588372 -0.17086155 -0.49004101 0.03832835 0.03307812 0.05225604 

----------
iteration: 17940, probabilities: [0.000003 0.000035 0.999791 0.000131 0.000041], probability: 0.9997912049293518