0.95464304 0.52704329 -0.47137165 0.66271640 0.05077355 -0.01776889 0.19134413 
0.40705346 -0.25601948 0.80055119 -0.34520523 -0.02403723 -0.01128128 0.14660642 
0.21731294 0.37830153 0.52016634 0.32511458 0.03898889 0.03891894 0.14729216 

----------
0.95464304 0.52704329 -0.47137165 0.66271640 0.05077355 0.05077355 0.05077355 
0.40705346 -0.25601948 0.80055119 -0.34520523 -0.02403723 -0.02403723 -0.02403723 
0.21731294 0.37830153 0.52016634 0.32511458 0.03898889 0.03898889 0.03898889 

----------
0.68038532 0.68639658 0.16731135 -0.19555722 0.20677206 0.00746982 0.05228411 
0.57847342 -0.30102174 0.63991107 -0.40667607 -0.04502496 -0.04277915 0.05187234 
0.51319596 0.20250939 0.67721292 0.48696335 -0.06223284 0.11121300 0.05225626 

----------
iteration: 17413, probabilities: [0.000003 0.000029 0.999665 0.000198 0.000104], probability: 0.9996649026870728