0.86701440 0.35079682 -0.53242622 -0.22116504 0.03686908 0.03176522 0.17185651 
0.31867507 -0.10657619 0.66535306 0.01652272 -0.07397687 0.02050598 0.16715378 
-0.11957253 0.57542694 0.24423323 0.78664882 -0.02841646 -0.02647801 0.13709557 

----------
0.86701440 0.35079682 -0.53242622 -0.22116504 0.03686908 0.03686908 0.03686908 
0.31867507 -0.10657619 0.66535306 0.01652272 -0.07397687 -0.07397687 -0.07397687 
-0.11957253 0.57542694 0.24423323 0.78664882 -0.02841646 -0.02841646 -0.02841646 

----------
0.49839659 0.68162469 -0.18709032 -0.50207433 0.10026486 0.00508930 0.05226214 
0.00090893 -0.15274533 0.98831666 0.00009898 -0.07503244 -0.10797364 0.05194982 
-0.67306524 0.47707329 -0.52206053 0.21701740 0.04590392 -0.11544858 0.05187685 

----------
iteration: 18248, probabilities: [0.000003 0.000040 0.999726 0.000181 0.000050], probability: 0.9997261166572571