-0.43324781 0.67166525 -0.17374779 0.56725399 -0.08983129 0.07451911 0.10459216 
-0.30274249 -0.60145338 0.25632647 -0.68554397 -0.01969207 -0.02581004 0.10193598 
0.76786824 0.18234448 -0.59977469 0.10878457 -0.03283583 0.02308223 0.13742061 

----------
-0.43324781 0.67166525 -0.17374779 0.56725399 -0.08983129 -0.08983129 -0.08983129 
-0.30274249 -0.60145338 0.25632647 -0.68554397 -0.01969207 -0.01969207 -0.01969207 
0.76786824 0.18234448 -0.59977469 0.10878457 -0.03283583 -0.03283583 -0.03283583 

----------
-0.66927557 0.46829331 -0.52992981 0.22828161 -0.09095018 -0.16010201 0.05187241 
0.40849557 -0.08794504 0.70173223 -0.57726322 -0.12608562 -0.04119245 0.05171152 
0.48880229 0.67797103 -0.20013869 -0.51151538 0.05972964 -0.17002509 0.05225626 

----------
iteration: 253, probabilities: [0.000004 0.000051 0.999737 0.000162 0.000045], probability: 0.9997372031211853