-0.99999991 -0.99997002 -1.00000000 -1.00000000 -0.10000000 0.10000000 0.10000000 
0.31934568 -1.00000000 -1.00000000 -1.00000000 -0.09999432 0.10000000 0.20000000 
-1.00000000 -0.56542366 0.99999912 -1.00000000 -0.10000000 0.10000000 0.10000000 

----------
-0.99999991 -0.99997002 -1.00000000 -1.00000000 -0.10000000 -0.10000000 -0.10000000 
0.31934568 -1.00000000 -1.00000000 -1.00000000 -0.09999432 -0.09999432 -0.09999432 
-1.00000000 -0.56542366 0.99999912 -1.00000000 -0.10000000 -0.10000000 -0.10000000 

----------
-0.61238652 -0.35488799 -0.61126397 -0.35416847 -0.18000733 -0.05257814 0.05224929 
-0.12612013 -0.20190146 -0.63923286 -0.73137320 -0.12765807 -0.17381455 0.05427788 
-0.36000460 -0.22383345 0.65780702 -0.62260341 -0.07005840 -0.04580868 0.05294101 

----------
iteration: 277, probabilities: [0.000017 0.000074 0.998616 0.001046 0.000247], probability: 0.9986155033111572