-0.43463470 0.66939704 -0.17878646 0.56684272 -0.08981483 0.07487511 0.10450004 
-0.30730890 -0.60690133 0.25754256 -0.68330204 -0.01980858 -0.02535655 0.10193825 
0.76765120 0.18349415 -0.59552324 0.11368913 -0.03296707 0.02300616 0.13735839 

----------
-0.43463470 0.66939704 -0.17878646 0.56684272 -0.08981483 -0.08981483 -0.08981483 
-0.30730890 -0.60690133 0.25754256 -0.68330204 -0.01980858 -0.01980858 -0.01980858 
0.76765120 0.18349415 -0.59552324 0.11368913 -0.03296707 -0.03296707 -0.03296707 

----------
-0.66946214 0.46878326 -0.52950638 0.22770490 -0.09079382 -0.16597376 0.05187156 
-0.27481478 -0.62614976 0.32873453 -0.65143644 0.02143680 -0.08172213 0.05138432 
0.70541929 0.44677415 -0.54518370 -0.07496180 -0.04431861 0.00721788 0.05253042 

----------
iteration: 82, probabilities: [0.000003 0.000039 0.999848 0.000086 0.000023], probability: 0.9998483657836914