-0.73822018 0.55704075 -0.12159754 -0.36048663 0.08821025 -0.02149506 0.16763946 
-0.50478926 0.63707469 0.23849392 0.53145489 -0.02315821 0.00208980 0.15277281 

----------
-0.73831458 0.55695151 -0.12174307 -0.36038213 0.09532342 -0.02498730 0.16844166 
-0.50504541 0.63692452 0.23902880 0.53115149 -0.03027137 0.00558205 0.15197061 

----------
-0.70445447 0.58104025 -0.40312730 0.06215848 0.10673948 -0.01309302 0.05188241 
-0.60022815 0.67157897 0.22285361 0.37299501 -0.01117399 0.00723886 0.05218573 
