-0.05784586 -0.54164727 -0.66967576 0.50478358 -0.09686686 -0.09484930 0.15951503 
0.74356879 0.34350290 -0.57286013 -0.03069979 0.08020984 0.02513768 0.15405327 

----------
-0.05784586 -0.54164727 -0.66967576 0.50478358 -0.09686686 -0.09484930 0.15951503 
0.74356879 0.34350290 -0.57286013 -0.03069979 0.08020984 0.02513768 0.15405327 

----------
0.08997126 -0.41099914 -0.57560519 0.70158806 -0.05572020 -0.09111710 0.05170099 
0.50044542 0.68238620 -0.18446169 -0.50010649 0.11461264 -0.04770083 0.05225624 
