0.83304103 -0.03563816 0.67572723 0.05367049 0.04002517 0.04589533 0.17039531 
-0.08156470 0.72910607 -0.52416376 0.09055577 -0.00903939 -0.01078584 0.16602487 
0.95517981 0.33751571 0.80242294 -0.20294624 -0.01498043 -0.00122711 0.14504059 

----------
0.83304103 -0.03563816 0.67572723 0.05367049 0.04002517 0.04002517 0.04002517 
-0.08156470 0.72910607 -0.52416376 0.09055577 -0.00903939 -0.00903939 -0.00903939 
0.95517981 0.33751571 0.80242294 -0.20294624 -0.01498043 -0.01498043 -0.01498043 

----------
0.68454100 -0.68721161 0.16725587 0.17766940 -0.03169785 0.14337435 0.05170483 
-0.00080218 0.69258996 -0.72137819 -0.00068084 -0.05503008 0.00315933 0.05195182 
0.70456273 0.57837036 0.40644902 0.06466037 0.00242858 -0.12105904 0.05225628 

----------
iteration: 3124, probabilities: [0.000016 0.000023 0.999895 0.000031 0.000035], probability: 0.9998952150344849