0.36085480 0.99098006 0.44100437 0.66428789 0.03061171 0.01879997 0.14788339 
-0.74396577 0.88289240 -0.75739588 0.85416282 0.02894623 0.07629810 0.17424835 
0.83906899 -0.07010727 0.22545333 0.28041214 -0.05277892 -0.04624064 0.13829833 

----------
0.36085480 0.99098006 0.44100437 0.66428789 0.03061171 0.03061171 0.03061171 
-0.74396577 0.88289240 -0.75739588 0.85416282 0.02894623 0.02894623 0.02894623 
0.83906899 -0.07010727 0.22545333 0.28041214 -0.05277892 -0.05277892 -0.05277892 

----------
0.60437213 0.34074833 0.61917535 0.36810483 -0.05293075 0.13229143 0.05226074 
-0.60939031 0.35165242 -0.61353239 0.35867523 0.09525975 -0.01501212 0.05187283 
0.94821057 -0.00003041 0.00009080 0.31779446 -0.08412892 -0.09256931 0.05201145 

----------
iteration: 3667, probabilities: [0.000014 0.000022 0.999883 0.000036 0.000046], probability: 0.9998825788497925