0.93132537 0.62925917 0.76797426 0.10968391 0.02391604 -0.00323961 0.14282265 
-0.84630440 0.13080753 -0.13814729 0.05957354 0.03660585 0.01965010 0.15698343 
0.94628911 0.44090588 0.15413562 -0.38615178 0.07693031 -0.05556273 0.14017223 

----------
0.93132537 0.62925917 0.76797426 0.10968391 0.02391604 0.02391604 0.02391604 
-0.84630440 0.13080753 -0.13814729 0.05957354 0.03660585 0.03660585 0.03660585 
0.94628911 0.44090588 0.15413562 -0.38615178 0.07693031 0.07693031 0.07693031 

----------
0.68729914 0.51213155 0.48720689 0.16776505 -0.04398532 0.03262391 0.05225626 
-0.99677912 -0.00000781 -0.00009542 0.08076976 0.05265295 -0.03943717 0.05201145 
0.92388372 -0.00270513 -0.00265767 -0.38286763 0.10220823 0.17461037 0.05229569 

----------
iteration: 5442, probabilities: [0.000018 0.000030 0.999687 0.000146 0.000120], probability: 0.9996871948242188