0.97507836 0.76199505 0.68914324 0.10760240 -0.01819378 -0.04744827 0.14596204 
-0.25345065 0.66044350 -0.40531300 0.21712682 -0.01287491 0.00439873 0.17065926 
0.18795346 0.29486969 0.32630869 -0.08786455 -0.04402471 0.07917279 0.17102812 

----------
0.97507836 0.76199505 0.68914324 0.10760240 -0.01819378 -0.01819378 -0.01819378 
-0.25345065 0.66044350 -0.40531300 0.21712682 -0.01287491 -0.01287491 -0.01287491 
0.18795346 0.29486969 0.32630869 -0.08786455 -0.04402471 -0.04402471 -0.04402471 

----------
0.67559369 0.56973354 0.41882749 0.20884945 -0.00409833 -0.11750522 0.05157253 
-0.62032421 0.69940627 -0.09936668 0.34106130 -0.02350750 0.02578030 0.05213269 
0.13559376 0.67292069 0.72666792 -0.02908112 -0.09798930 -0.05045234 0.06381197 

----------
iteration: 5443, probabilities: [0.000021 0.000020 0.999883 0.000039 0.000037], probability: 0.9998828172683716