0.70494974 0.89232760 -0.13091140 -0.30753218 -0.00327307 0.02440228 0.15217366 
-0.51008907 0.43749987 -0.40665383 0.77647267 -0.04111108 0.01590108 0.16637724 
0.99530792 0.46802793 0.55942953 -0.23991210 -0.01855477 0.06945211 0.16206075 

----------
0.70494974 0.89232760 -0.13091140 -0.30753218 -0.00327307 -0.00327307 -0.00327307 
-0.51008907 0.43749987 -0.40665383 0.77647267 -0.04111108 -0.04111108 -0.04111108 
0.99530792 0.46802793 0.55942953 -0.23991210 -0.01855477 -0.01855477 -0.01855477 

----------
0.60764429 0.70671653 -0.01169224 -0.36225515 0.08015195 -0.01002070 0.05225626 
-0.58065645 0.30448419 -0.63828008 0.40357056 -0.04404167 -0.14141071 0.05187161 
0.70277246 0.65169344 0.27120141 -0.09022617 -0.09823981 0.00163893 0.05231522 

----------
iteration: 6847, probabilities: [0.000019 0.000021 0.999893 0.000034 0.000034], probability: 0.9998927116394043