0.61229860 0.95172718 0.92336881 0.98540945 -0.03879100 0.01445275 0.15724804 
-0.43454093 0.22304256 -0.81471057 0.14261534 -0.01462653 0.00350261 0.12608454 
0.83126821 0.37217772 0.34069399 0.08659547 -0.05746016 0.02117037 0.15472893 

----------
0.61229860 0.95172718 0.92336881 0.98540945 -0.03879100 -0.03879100 -0.03879100 
-0.43454093 0.22304256 -0.81471057 0.14261534 -0.01462653 -0.01462653 -0.01462653 
0.83126821 0.37217772 0.34069399 0.08659547 -0.05746016 -0.05746016 -0.05746016 

----------
0.56539932 0.27844740 0.64968474 0.42523312 0.04250369 -0.01040971 0.05225626 
-0.52769815 0.24186060 -0.66452084 0.47079953 -0.09846570 0.08434828 0.05170504 
0.69869131 0.55026318 0.44363581 0.11094463 -0.08051809 -0.12474517 0.05225626 

----------
iteration: 7367, probabilities: [0.000010 0.000014 0.999566 0.000209 0.000202], probability: 0.9995662569999695