0.99480040 0.11884818 0.91407750 0.63960483 -0.02939028 0.03003996 0.16563837 
-0.22574787 0.81873986 -0.43806007 0.32808843 -0.02531927 -0.03183910 0.16796416 
0.84504978 0.23799018 0.76261785 -0.05786971 0.01311663 0.01518960 0.13655117 

----------
0.99480040 0.11884818 0.91407750 0.63960483 -0.02939028 -0.02939028 -0.02939028 
-0.22574787 0.81873986 -0.43806007 0.32808843 -0.02531927 -0.02531927 -0.02531927 
0.84504978 0.23799018 0.76261785 -0.05786971 0.01311663 0.01311663 0.01311663 

----------
0.57416128 0.29196832 0.64370103 0.41329381 -0.06847908 -0.01480238 0.05225637 
-0.35510071 -0.18786106 -0.30815063 0.86261586 -0.06198554 -0.13589129 0.07260548 
0.59297872 0.32192065 0.62929753 0.38587597 0.05584586 -0.02861234 0.05225625 

----------
iteration: 7541, probabilities: [0.000022 0.000021 0.999892 0.000034 0.000030], probability: 0.9998918771743774