0.40655161 0.72714796 0.05633161 0.35299120 0.00373371 -0.03254719 0.15150788 
-0.67062682 0.36441327 -0.58160830 -0.07063796 -0.02173593 0.06079788 0.12762228 
0.58701416 0.37160475 0.41673033 0.46437737 0.00948871 -0.02299252 0.15337807 

----------
0.40655161 0.72714796 0.05633161 0.35299120 0.00373371 0.00373371 0.00373371 
-0.67062682 0.36441327 -0.58160830 -0.07063796 -0.02173593 -0.02173593 -0.02173593 
0.58701416 0.37160475 0.41673033 0.46437737 0.00948871 0.00948871 0.00948871 

----------
0.69569162 0.53883452 0.45752605 0.12869632 -0.01533472 0.13934280 0.05225627 
-0.69588963 0.55362331 -0.44010037 0.12605939 -0.07155877 -0.04907058 0.05170639 
0.62030514 0.36834876 0.60325440 0.34013712 0.09512789 0.01286850 0.05225625 

----------
iteration: 7702, probabilities: [0.000014 0.000023 0.999803 0.000077 0.000084], probability: 0.9998032450675964