0.24337931 0.41728975 0.19138733 0.38795269 0.00388092 -0.02669029 0.16699149 
-0.40614830 0.35904734 -0.09863633 0.36436937 0.08998613 0.04639921 0.14105736 
0.99029043 0.70549608 0.87792763 0.17209684 -0.00995451 0.00809601 0.17858202 

----------
0.24337931 0.41728975 0.19138733 0.38795269 0.00388092 0.00388092 0.00388092 
-0.40614830 0.35904734 -0.09863633 0.36436937 0.08998613 0.08998613 0.08998613 
0.99029043 0.70549608 0.87792763 0.17209684 -0.00995451 -0.00995451 -0.00995451 

----------
0.63866628 0.40207273 0.58134995 0.30432003 0.05027587 0.00622355 0.05225626 
-0.67852680 0.48946357 -0.50998930 0.20022445 0.15412580 0.07862487 0.05190420 
0.68228636 0.49817512 0.50145940 0.18708049 -0.07586969 0.01529367 0.05225692 

----------
iteration: 7741, probabilities: [0.000017 0.000028 0.999889 0.000030 0.000037], probability: 0.9998886585235596