0.55115414 0.99905399 -0.12889134 0.92004393 0.04795128 -0.01706247 0.18563352 
-0.25366477 0.45235708 -0.45813526 0.40247841 -0.02910941 0.01656562 0.15179994 
0.99288025 0.38076492 0.23520190 -0.46464723 -0.01847343 -0.04708200 0.14132310 

----------
0.55115414 0.99905399 -0.12889134 0.92004393 0.04795128 0.04795128 0.04795128 
-0.25366477 0.45235708 -0.45813526 0.40247841 -0.02910941 -0.02910941 -0.02910941 
0.99288025 0.38076492 0.23520190 -0.46464723 -0.01847343 -0.01847343 -0.01847343 

----------
0.69390106 0.53273743 0.46461242 0.13799928 0.12421338 0.14422333 0.05225415 
-0.55697767 0.26802986 -0.65444032 0.43566783 -0.11839206 -0.05043590 0.05187138 
0.96323385 -0.00875111 -0.00009984 -0.26915062 0.01446020 -0.01426851 0.05268622 

----------
iteration: 7884, probabilities: [0.000015 0.000022 0.999851 0.000052 0.000060], probability: 0.999850869178772