-0.20600369 0.99857510 0.73669928 0.21174259 -0.00035909 -0.00390849 0.16676754 
-0.48151802 0.89898407 -0.38390025 0.86616290 0.04351658 -0.02651546 0.14861610 
0.81918583 0.47924400 0.13010700 0.10383596 -0.00545073 -0.02122515 0.14843770 

----------
-0.20600369 0.99857510 0.73669928 0.21174259 -0.00035909 -0.00035909 -0.00035909 
-0.48151802 0.89898407 -0.38390025 0.86616290 0.04351658 0.04351658 0.04351658 
0.81918583 0.47924400 0.13010700 0.10383596 -0.00545073 -0.00545073 -0.00545073 

----------
-0.00569931 0.80066791 0.59911513 -0.01363660 -0.05465625 0.06374051 0.05335171 
-0.42738065 0.61946965 -0.33906285 0.56449995 0.06956492 0.06008055 0.05199061 
0.70722072 0.62172397 0.33625316 -0.01787069 0.06183200 -0.09145425 0.05225583 

----------
iteration: 7926, probabilities: [0.000028 0.000037 0.997851 0.001518 0.000565], probability: 0.9978513717651367