0.19941777 0.92290374 0.79106431 0.40527037 0.01355346 0.00224204 0.16043413 
-0.78055034 0.56773846 -0.76053006 0.80462244 -0.08672193 -0.08914863 0.16062143 
0.96243789 0.25205219 0.28570739 -0.24888277 -0.02846891 0.02589438 0.15962152 

----------
0.19941777 0.92290374 0.79106431 0.40527037 0.01355346 0.01355346 0.01355346 
-0.78055034 0.56773846 -0.76053006 0.80462244 -0.08672193 -0.08672193 -0.08672193 
0.96243789 0.25205219 0.28570739 -0.24888277 -0.02846891 -0.02846891 -0.02846891 

----------
0.01448715 0.74149388 0.67088012 -0.01325940 0.10652860 0.04985849 0.05350723 
-0.58162416 0.30601718 -0.63750947 0.40211470 -0.08740515 -0.15302754 0.05187241 
0.99537559 0.00000943 0.00009528 -0.09779644 -0.10283101 0.03243942 0.05201145 

----------
iteration: 9710, probabilities: [0.000013 0.000017 0.999886 0.000040 0.000044], probability: 0.9998859167098999