0.34501843 0.76519139 0.85629415 0.12362023 0.04176738 0.02313741 0.15015324 
-0.88973053 0.37335456 -0.11637896 0.19002479 -0.09523859 0.01161124 0.14299827 
0.81671424 -0.25011546 0.99756159 0.33351938 0.00472864 -0.03566079 0.16189718 

----------
0.34501843 0.76519139 0.85629415 0.12362023 0.04176738 0.04176738 0.04176738 
-0.88973053 0.37335456 -0.11637896 0.19002479 -0.09523859 -0.09523859 -0.09523859 
0.81671424 -0.25011546 0.99756159 0.33351938 0.00472864 0.00472864 0.00472864 

----------
0.03707630 0.31702968 0.63225605 -0.70623407 0.19945384 0.13925718 0.05186370 
-0.99690862 -0.00000774 -0.00009543 0.08014556 -0.13586068 -0.17072352 0.05201145 
0.42018657 0.08068626 0.70231146 0.56942672 0.02616099 -0.05744050 0.05226562 

----------
iteration: 9809, probabilities: [0.000015 0.000018 0.999882 0.000042 0.000043], probability: 0.9998822212219238