0.55853242 0.30536802 0.76329953 0.11029842 0.01251228 -0.04138733 0.10483253 
-0.14904898 -0.70766487 -0.60201860 0.33847961 0.07067000 -0.02444104 0.14799435 
0.67061755 0.24063153 0.64951748 -0.26551011 -0.02025905 0.04896700 0.12494333 
0.43639218 0.43171283 0.78434641 -0.08936782 -0.00917162 -0.06952520 0.15042730 

----------
-0.61973993 0.38202262 -0.59754786 0.34465629 0.03259707 -0.30208255 0.05169398 
0.56325161 0.70414623 -0.09633098 -0.43439179 0.31330186 -0.17406945 0.05225509 
-0.69722672 -0.53535141 -0.46667829 -0.13841673 0.14863949 0.30802328 0.05225470 
-0.34831126 0.01155526 -0.71266962 0.62174516 -0.30185945 -0.31631802 0.05169386 
