0.69324010 0.20942191 -0.37860662 -0.77593363 -0.02093078 0.00137930 0.15383729 
-0.99429986 -0.46104955 0.59940141 -0.98753437 -0.03353538 0.00328803 0.14812340 
0.60450519 -0.66654530 0.24090435 0.30315001 -0.07840940 0.02762039 0.14506781 

----------
0.69324010 0.20942191 -0.37860662 -0.77593363 -0.02093078 -0.02093078 -0.02093078 
-0.99429986 -0.46104955 0.59940141 -0.98753437 -0.03353538 -0.03353538 -0.03353538 
0.60450519 -0.66654530 0.24090435 0.30315001 -0.07840940 -0.07840940 -0.07840940 

----------
0.64954797 0.00007284 0.00006214 -0.76041118 -0.02875875 0.02762081 0.05201145 
-0.67232447 -0.69157161 -0.13982336 0.22468044 0.14298076 -0.10909510 0.05234709 
0.67141061 -0.69325369 0.13983299 0.22199033 -0.10442468 -0.12338099 0.05187240 

----------
iteration: 68, probabilities: [0.000021 0.000020 0.999862 0.000052 0.000045], probability: 0.9998624324798584