0.23526220 -0.98422484 -0.37790772 0.19257221 0.03193565 -0.03855183 0.18339941 
0.97129436 -0.36382478 0.90538792 -0.58508942 -0.01019688 0.08258826 0.15834750 
0.43464768 0.29411667 -0.84318498 0.08055853 0.03362596 -0.02386602 0.16874441 

----------
0.23526220 -0.98422484 -0.37790772 0.19257221 0.03193565 0.03193565 0.03193565 
0.97129436 -0.36382478 0.90538792 -0.58508942 -0.01019688 -0.01019688 -0.01019688 
0.43464768 0.29411667 -0.84318498 0.08055853 0.03362596 0.03362596 0.03362596 

----------
-0.00019267 -0.97013851 -0.24317449 0.00103767 -0.02866135 0.11424504 0.05195184 
0.58757830 -0.31551586 0.63287475 -0.39338341 -0.03959593 -0.02313822 0.05187241 
0.66249243 0.15182246 -0.69054157 0.24773731 0.12401820 0.03057330 0.05167993 

----------
iteration: 903, probabilities: [0.000069 0.000025 0.999124 0.000743 0.000039], probability: 0.9991243481636047