-0.16675832 -0.72397664 0.02206850 0.49711434 -0.05243610 -0.02565312 0.16026761 
0.11665995 -0.50474551 0.86879427 -0.28015188 -0.01353728 -0.03244198 0.16161654 
0.96752694 0.05003849 -0.77356331 0.50705224 -0.03673152 0.00459882 0.14792520 

----------
-0.16675832 -0.72397664 0.02206850 0.49711434 -0.05243610 -0.05243610 -0.05243610 
0.11665995 -0.50474551 0.86879427 -0.28015188 -0.01353728 -0.01353728 -0.01353728 
0.96752694 0.05003849 -0.77356331 0.50705224 -0.03673152 -0.03673152 -0.03673152 

----------
-0.54860284 -0.69756864 0.11425838 0.44673117 -0.07975620 -0.06710524 0.05225627 
-0.00012626 -0.40971764 0.91236000 0.00089999 0.09130993 -0.02636936 0.05200761 
0.10776252 -0.43992376 -0.55376394 0.69892252 -0.17098518 0.07347471 0.05187241 

----------
iteration: 1147, probabilities: [0.000019 0.000057 0.999732 0.000181 0.000011], probability: 0.9997319579124451