0.58682573 -0.70734771 -0.12693487 0.99965667 0.01409333 -0.03841047 0.15602947 
0.52555823 -0.24244825 -0.53545394 -0.91972398 0.03008632 0.02841963 0.16904774 
-0.53995575 -0.18114023 0.46828703 -0.75823627 -0.00662621 0.02332558 0.17855110 

----------
0.58682573 -0.70734771 -0.12693487 0.99965667 0.01409333 0.01409333 0.01409333 
0.52555823 -0.24244825 -0.53545394 -0.91972398 0.03008632 0.03008632 0.03008632 
-0.53995575 -0.18114023 0.46828703 -0.75823627 -0.00662621 -0.00662621 -0.00662621 

----------
0.38095777 -0.62145029 -0.33754850 0.59567425 -0.08724529 0.03832209 0.05176909 
-0.17044744 0.19493606 -0.67801339 -0.68809991 -0.07571903 -0.07400659 0.05234027 
-0.44198508 0.23235493 0.66718938 -0.55286949 0.03720048 0.04219691 0.05214098 

----------
iteration: 1872, probabilities: [0.000094 0.000013 0.996931 0.002852 0.000111], probability: 0.9969305396080017