-0.28701432 -0.30645902 -0.18733301 0.80460128 -0.04393512 -0.03196882 0.15504258 
0.56945354 0.33339258 -0.69408020 0.21211695 0.01644027 0.02427211 0.16573392 
-0.46435369 0.43281425 0.78446715 0.01065190 0.04683281 -0.02502056 0.15702301 

----------
-0.28701432 -0.30645902 -0.18733301 0.80460128 -0.04393512 -0.04393512 -0.04393512 
0.56945354 0.33339258 -0.69408020 0.21211695 0.01644027 0.01644027 0.01644027 
-0.46435369 0.43281425 0.78446715 0.01065190 0.04683281 0.04683281 0.04683281 

----------
-0.14358019 -0.00009489 -0.00001421 0.98972706 -0.00674981 -0.03843073 0.05201145 
0.67046360 0.39036327 -0.58969024 0.22457166 -0.01198519 0.08532077 0.05171199 
-0.62312354 0.70703107 -0.01785641 -0.33447066 0.20866175 0.03935168 0.05186863 

----------
iteration: 1530, probabilities: [0.000072 0.000026 0.998910 0.000944 0.000048], probability: 0.9989100694656372