-0.14652342 -0.57874454 0.12552639 0.66313954 -0.02985329 0.02346041 0.17078350 
0.15954126 -0.41648468 0.70502426 0.35599300 -0.03742109 -0.01326510 0.14859074 
0.28936930 0.39068749 -0.69668894 0.99997594 0.01562171 -0.03874388 0.16033935 

----------
-0.14652342 -0.57874454 0.12552639 0.66313954 -0.02985329 -0.02985329 -0.02985329 
0.15954126 -0.41648468 0.70502426 0.35599300 -0.03742109 -0.03742109 -0.03742109 
0.28936930 0.39068749 -0.69668894 0.99997594 0.01562171 0.01562171 0.01562171 

----------
-0.36688136 -0.52240371 0.13853265 0.75719324 0.03909832 -0.05001728 0.07832419 
0.13573758 -0.40150730 0.55167037 0.71845196 -0.07890084 -0.07778046 0.07409159 
0.21496846 0.32381946 -0.58742955 0.70984923 0.02112673 0.04887556 0.05462981 

----------
iteration: 1026, probabilities: [0.000025 0.000035 0.999481 0.000435 0.000024], probability: 0.9994807839393616