0.21815220 -0.66041556 0.94844480 -0.64370199 -0.07518808 0.01634437 0.17408605 
0.21129498 -0.65573592 -0.41028393 0.34029277 -0.05957298 0.00453086 0.16676881 
0.03070830 -0.41570438 -0.56388252 0.27298472 0.00898347 -0.01420530 0.14211008 

----------
0.21815220 -0.66041556 0.94844480 -0.64370199 -0.07518808 -0.07518808 -0.07518808 
0.21129498 -0.65573592 -0.41028393 0.34029277 -0.05957298 -0.05957298 -0.05957298 
0.03070830 -0.41570438 -0.56388252 0.27298472 0.00898347 0.00898347 0.00898347 

----------
0.46040123 -0.13474441 0.69426148 -0.53673938 -0.17743849 -0.06339603 0.05186484 
0.29145211 -0.57235444 -0.41487722 0.64467651 0.03554408 -0.12583851 0.05190167 
0.05667060 -0.39847562 -0.58423126 0.70484794 0.04074813 0.08384932 0.05187189 

----------
iteration: 1712, probabilities: [0.000038 0.000024 0.998949 0.000946 0.000043], probability: 0.9989487528800964