-0.15601049 0.43309834 0.34871493 0.36032251 -0.03542237 0.04442877 0.17878625 
-0.14924508 0.90771909 -0.55717297 0.83099341 -0.01922035 0.00470468 0.13438263 
-0.19614098 -0.69519863 -0.94431431 0.29924050 -0.03096567 0.00156847 0.14546435 

----------
-0.15601049 0.43309834 0.34871493 0.36032251 -0.03542237 -0.03542237 -0.03542237 
-0.14924508 0.90771909 -0.55717297 0.83099341 -0.01922035 -0.01922035 -0.01922035 
-0.19614098 -0.69519863 -0.94431431 0.29924050 -0.03096567 -0.03096567 -0.03096567 

----------
-0.09158634 0.39655973 0.58338635 0.70297257 -0.05526897 -0.11037282 0.05232141 
-0.48648803 0.16867049 -0.68682531 0.51323486 -0.15338058 -0.05994119 0.05186623 
-0.00094708 -0.65843194 -0.75276061 0.00152837 0.02807587 -0.01932699 0.05202272 

----------
iteration: 3351, probabilities: [0.000017 0.000053 0.999496 0.000413 0.000020], probability: 0.9994962215423584