-0.19932515 0.32034683 -0.63919819 0.11859486 0.00502430 -0.00832458 0.13676318 
-0.15636500 -0.06728496 -0.38462445 -0.94784270 -0.05765243 -0.00455828 0.16999829 
0.60487175 -0.45239322 0.52585500 -0.16940602 0.04990508 0.01406642 0.17990888 

----------
-0.19932515 0.32034683 -0.63919819 0.11859486 0.00502430 0.00502430 0.00502430 
-0.15636500 -0.06728496 -0.38462445 -0.94784270 -0.05765243 -0.05765243 -0.05765243 
0.60487175 -0.45239322 0.52585500 -0.16940602 0.04990508 0.04990508 0.04990508 

----------
-0.00043541 0.31666790 -0.94860796 -0.00062133 -0.00549665 0.02451105 0.05197221 
-0.28692484 0.00009192 -0.00002730 -0.95810777 -0.06889962 -0.15468594 0.05201145 
0.66768311 -0.46469199 0.53306468 -0.23280087 0.09046964 0.06746527 0.05187151 

----------
iteration: 3632, probabilities: [0.000036 0.000028 0.999224 0.000677 0.000034], probability: 0.9992239475250244