-0.41350788 0.88282993 0.01356751 0.50727070 -0.03487449 0.02470512 0.18193584 
-0.00167288 0.18729238 0.52593228 0.54912796 0.00677137 0.05872330 0.14550950 
-0.26220434 -0.47076752 -0.94615392 0.01391500 -0.04851095 -0.00811848 0.16343879 

----------
-0.41350788 0.88282993 0.01356751 0.50727070 -0.03487449 -0.03487449 -0.03487449 
-0.00167288 0.18729238 0.52593228 0.54912796 0.00677137 0.00677137 0.00677137 
-0.26220434 -0.47076752 -0.94615392 0.01391500 -0.04851095 -0.04851095 -0.04851095 

----------
-0.68125206 0.50975815 -0.49020941 0.18985645 0.03457669 -0.17879760 0.05169742 
0.25606041 -0.10611072 0.69881849 0.65948071 -0.01349656 0.05642665 0.05225625 
-0.00100344 -0.24331045 -0.96999037 0.00031865 -0.08659412 -0.03370123 0.05195182 

----------
iteration: 3034, probabilities: [0.000017 0.000052 0.999650 0.000266 0.000016], probability: 0.9996495246887207