-0.95418765 -0.15859589 0.17228170 0.20233583 -0.03916488 -0.00011362 0.15886267 
-0.33003705 0.10238548 -0.04068779 -0.04428100 0.00488211 0.01717132 0.15908622 
0.47752757 0.98975771 -0.02681327 -0.89112274 0.00034829 -0.03597117 0.14054325 

----------
-0.95418765 -0.15859589 0.17228170 0.20233583 -0.03916488 -0.03916488 -0.03916488 
-0.33003705 0.10238548 -0.04068779 -0.04428100 0.00488211 0.00488211 0.00488211 
0.47752757 0.98975771 -0.02681327 -0.89112274 0.00034829 0.00034829 0.00034829 

----------
-0.87494088 -0.00004615 -0.00008413 0.48443261 -0.04673051 -0.05017361 0.05201145 
-0.98007532 0.00001907 -0.00009386 -0.19891730 0.06195089 -0.05900501 0.05201145 
0.48995958 0.67736355 -0.19852782 -0.51186755 -0.05918316 0.09469375 0.05231538 

----------
iteration: 5705, probabilities: [0.000013 0.000031 0.999798 0.000018 0.000141], probability: 0.9997981190681458