-0.33321137 0.04300429 0.70438956 0.53305868 -0.02177567 -0.01782260 0.13922833 
-0.27438371 0.81004196 0.28323080 -0.02987514 0.06814907 0.02659710 0.18209489 
0.36599592 0.83483144 0.72963701 -0.25044762 0.02470008 -0.05499779 0.15945280 

----------
-0.33321137 0.04300429 0.70438956 0.53305868 -0.02177567 -0.02177567 -0.02177567 
-0.27438371 0.81004196 0.28323080 -0.02987514 0.06814907 0.06814907 0.06814907 
0.36599592 0.83483144 0.72963701 -0.25044762 0.02470008 0.02470008 0.02470008 

----------
-0.00529061 -0.35644344 0.61040853 0.70745968 -0.10643481 -0.05423629 0.05225626 
0.65211703 0.70162887 0.08643263 -0.27454270 0.04377840 0.26689549 0.05225626 
-0.00001665 0.86950745 0.49430298 -0.00003912 0.07277027 -0.07683457 0.05197437 

----------
iteration: 5442, probabilities: [0.000015 0.000045 0.999869 0.000007 0.000063], probability: 0.9998691082000732