0.28478644 -0.32047087 0.23709530 -0.04493130 0.04909875 0.02837781 0.16351771 
0.96354222 -0.31742986 0.47298109 -0.08834131 -0.05768917 0.00056906 0.13113879 
0.08902889 -0.84902655 -0.40465919 -0.91944670 -0.02887842 -0.00403316 0.16078080 

----------
0.28478644 -0.32047087 0.23709530 -0.04493130 0.04909875 0.04909875 0.04909875 
0.96354222 -0.31742986 0.47298109 -0.08834131 -0.05768917 -0.05768917 -0.05768917 
0.08902889 -0.84902655 -0.40465919 -0.91944670 -0.02887842 -0.02887842 -0.02887842 

----------
0.70321497 -0.57571620 0.41077381 -0.07365296 0.07445199 0.07419611 0.05185071 
0.69708207 -0.54673818 0.44852252 -0.11870825 -0.11527119 -0.05488302 0.05187259 
0.10646517 -0.65994129 -0.25467039 -0.69880396 0.00315330 -0.02957963 0.05173168 

----------
iteration: 5189, probabilities: [0.000024 0.000045 0.999638 0.000024 0.000269], probability: 0.9996379613876343