0.15445323 0.50175314 0.02710408 0.50075060 -0.02192641 0.04608982 0.12999552 
0.15369554 -0.49333453 -0.23767565 -0.70731510 0.01864427 0.00491203 0.14334602 
0.11225445 -0.53533544 0.55685071 0.03601080 0.03871677 -0.03693319 0.15368986 

----------
0.15445323 0.50175314 0.02710408 0.50075060 -0.02192641 -0.02192641 -0.02192641 
0.15369554 -0.49333453 -0.23767565 -0.70731510 0.01864427 0.01864427 0.01864427 
0.11225445 -0.53533544 0.55685071 0.03601080 0.03871677 0.03871677 0.03871677 

----------
0.65243966 0.42927832 0.56159041 0.27361043 -0.06604472 0.10682020 0.05225563 
-0.14560764 -0.46102464 -0.53616014 -0.69200291 0.01408985 -0.01393875 0.05214777 
0.00487138 -0.69418940 0.71984319 0.00463184 0.10101344 0.09270197 0.05236255 

----------
iteration: 5868, probabilities: [0.000025 0.000029 0.999519 0.000033 0.000394], probability: 0.9995194673538208