0.84997802 -0.68660201 0.39073190 -0.26017282 -0.01175059 0.07995951 0.14896071 
0.50264076 0.34686123 0.97746714 -0.71643022 -0.01909569 0.00397171 0.17507766 
0.27347095 -0.97957766 0.44715950 -0.99021973 -0.04666638 -0.03881638 0.13881358 

----------
0.84997802 -0.68660201 0.39073190 -0.26017282 -0.01175059 -0.01175059 -0.01175059 
0.50264076 0.34686123 0.97746714 -0.71643022 -0.01909569 -0.01909569 -0.01909569 
0.27347095 -0.97957766 0.44715950 -0.99021973 -0.04666638 -0.04666638 -0.04666638 

----------
0.70365338 -0.57676599 0.40914675 -0.06963615 0.05261517 0.03519803 0.05187236 
0.24727236 0.11112773 0.69845886 -0.66243386 0.02443233 -0.09868604 0.05184895 
0.57240172 -0.29222519 0.64401037 -0.41525056 -0.13026064 -0.07579470 0.05186410 

----------
iteration: 5137, probabilities: [0.000015 0.000054 0.999769 0.000018 0.000144], probability: 0.9997689127922058