0.92623041 -0.33206436 0.31216990 0.01589166 -0.00155928 -0.00323626 0.14322841 
0.55700173 -0.79361423 0.69222126 0.13595816 -0.03535655 0.00450284 0.14307702 
-0.63008331 -0.33462124 0.15526158 -0.99919615 -0.03553031 -0.03329210 0.16167369 

----------
0.92623041 -0.33206436 0.31216990 0.01589166 -0.00155928 -0.00155928 -0.00155928 
0.55700173 -0.79361423 0.69222126 0.13595816 -0.03535655 -0.03535655 -0.03535655 
-0.63008331 -0.33462124 0.15526158 -0.99919615 -0.03553031 -0.03553031 -0.03553031 

----------
0.70537307 -0.58847405 0.39217757 -0.04992856 0.04209588 0.09038029 0.05186417 
0.70121695 -0.56528905 0.42489820 -0.09157550 -0.04529126 -0.11431467 0.05184653 
-0.46903638 0.66970745 0.22738358 -0.52927747 -0.22350787 0.04952349 0.05187243 

----------
iteration: 5187, probabilities: [0.000020 0.000040 0.999764 0.000019 0.000157], probability: 0.9997640252113342