0.88086384 -0.32318180 0.88616453 -0.53265463 -0.07399774 -0.01242195 0.17922210 
0.69739430 0.00198499 0.96429320 0.60300548 0.00738043 0.02924677 0.15504095 
-0.18502330 -0.99938706 0.01874594 -0.59369567 0.00922805 0.00600133 0.14179613 

----------
0.88086384 -0.32318180 0.88616453 -0.53265463 -0.07399774 -0.07399774 -0.07399774 
0.69739430 0.00198499 0.96429320 0.60300548 0.00738043 0.00738043 0.00738043 
-0.18502330 -0.99938706 0.01874594 -0.59369567 0.00922805 0.00922805 0.00922805 

----------
0.57797312 -0.30023283 0.64028102 -0.40738760 -0.10893054 -0.05865223 0.05187241 
0.45645993 0.12669708 0.69542491 0.54054385 0.03986198 -0.08650856 0.05225626 
-0.66307843 -0.44836943 -0.54518667 -0.24985914 0.03389263 0.17481596 0.05231543 

----------
iteration: 5250, probabilities: [0.000036 0.000043 0.999307 0.000040 0.000574], probability: 0.9993067979812622