0.78150632 -0.32066649 0.74858112 -0.27745200 -0.01626335 0.03042163 0.14296399 
0.62166646 -0.37098238 0.82978124 0.21884729 -0.02532753 -0.05386836 0.11278959 
0.10321552 0.10585455 -0.37777699 -0.80392104 0.01762305 -0.01981095 0.13631724 

----------
0.78150632 -0.32066649 0.74858112 -0.27745200 -0.01626335 -0.01626335 -0.01626335 
0.62166646 -0.37098238 0.82978124 0.21884729 -0.02532753 -0.02532753 -0.02532753 
0.10321552 0.10585455 -0.37777699 -0.80392104 0.01762305 0.01762305 0.01762305 

----------
0.61686801 -0.36461069 0.60592264 -0.34565171 0.02771379 -0.06420161 0.05187241 
0.70720853 -0.62172600 0.33720210 -0.00322190 -0.18445599 0.03143723 0.05170809 
0.02449351 0.37287946 -0.60050238 -0.70704848 0.00274745 0.09401099 0.05225626 

----------
iteration: 5259, probabilities: [0.000064 0.000045 0.997709 0.000131 0.002051], probability: 0.9977092742919922