-0.34798573 -0.98015281 0.68950975 0.65301973 -0.03733197 0.01446249 0.16954585 
0.36803705 0.46179885 0.34624906 -0.42859831 -0.03006621 0.00578497 0.16032826 
0.53142573 -0.33592943 0.31784270 -0.06371561 0.02601874 0.04982752 0.16738597 

----------
-0.34798573 -0.98015281 0.68950975 0.65301973 -0.03733197 -0.03733197 -0.03733197 
0.36803705 0.46179885 0.34624906 -0.42859831 -0.03006621 -0.03006621 -0.03006621 
0.53142573 -0.33592943 0.31784270 -0.06371561 0.02601874 0.02601874 0.02601874 

----------
-0.27598866 -0.56312206 0.42718078 0.65138037 -0.06794913 -0.03728118 0.05225627 
-0.39260794 -0.32669035 0.62679897 -0.58874308 0.20056004 -0.10526438 0.05219911 
0.69776838 -0.54929015 0.44539028 -0.11464790 0.03220564 0.07429277 0.05187525 

----------
iteration: 6416, probabilities: [0.000022 0.000039 0.999537 0.000041 0.000361], probability: 0.9995368719100952