-0.85172841 -0.68270084 0.50080319 0.81190781 0.04528326 -0.07081225 0.16473769 
-0.17549750 0.73587296 -0.09624623 -0.64207919 -0.02580907 0.02784017 0.17603569 
0.65379105 -0.69276156 0.42340823 -0.30216732 -0.01042377 0.04174273 0.14798663 

----------
-0.85172841 -0.68270084 0.50080319 0.81190781 0.04528326 0.04528326 0.04528326 
-0.17549750 0.73587296 -0.09624623 -0.64207919 -0.02580907 -0.02580907 -0.02580907 
0.65379105 -0.69276156 0.42340823 -0.30216732 -0.01042377 -0.01042377 -0.01042377 

----------
-0.00544912 -0.35662820 0.61041234 0.70755473 0.00559991 0.08797795 0.05225626 
-0.36798963 0.61010308 0.35783486 -0.60400122 -0.10324119 -0.15268491 0.05170731 
0.68945341 -0.52115840 0.47797494 -0.15696555 0.03584420 -0.03913890 0.05187241 

----------
iteration: 6244, probabilities: [0.000005 0.000073 0.999900 0.000004 0.000017], probability: 0.9999004602432251