-0.43303555 -0.82305487 0.60474886 0.49428255 -0.02054583 -0.01966729 0.15928227 
0.71307442 0.78796623 0.19520714 -0.89407483 0.02814351 -0.02050063 0.19587826 
0.07435326 -0.84912097 0.17153590 -0.12192917 0.02727461 0.00007557 0.13245601 

----------
-0.43303555 -0.82305487 0.60474886 0.49428255 -0.02054583 -0.02054583 -0.02054583 
0.71307442 0.78796623 0.19520714 -0.89407483 0.02814351 0.02814351 0.02814351 
0.07435326 -0.84912097 0.17153590 -0.12192917 0.02727461 0.02727461 0.02727461 

----------
-0.37642445 -0.62409783 0.33183119 0.59899071 -0.01713821 -0.07032313 0.05225625 
0.49941873 0.68202431 -0.18589315 -0.50116940 -0.05812176 0.11451063 0.05225626 
-0.00024524 -0.98148784 0.19212018 0.00029996 0.10188694 0.00576012 0.05197204 

----------
iteration: 6089, probabilities: [0.000044 0.000032 0.998195 0.000115 0.001614], probability: 0.9981949925422668