-0.40707921 -0.51189415 0.29296703 0.35889542 -0.00597898 0.00824321 0.15663558 
0.09086816 0.20961756 -0.06799843 -0.91489793 -0.02320145 0.00711325 0.15879710 
0.84349796 -0.69515269 0.54016875 -0.29656174 0.03853622 -0.04431403 0.12758442 

----------
-0.40707921 -0.51189415 0.29296703 0.35889542 -0.00597898 -0.00597898 -0.00597898 
0.09086816 0.20961756 -0.06799843 -0.91489793 -0.02320145 -0.02320145 -0.02320145 
0.84349796 -0.69515269 0.54016875 -0.29656174 0.03853622 0.03853622 0.03853622 

----------
-0.42401726 -0.64906873 0.27980913 0.56627363 0.04703962 -0.05354011 0.05225634 
0.02733350 0.00011072 -0.00013669 -0.99966825 -0.05967975 -0.06485406 0.05201318 
0.68796659 -0.51521839 0.48387513 -0.16474231 0.07064862 0.10228018 0.05190492 

----------
iteration: 6407, probabilities: [0.000010 0.000038 0.999863 0.000012 0.000077], probability: 0.9998629093170166