0.03602565 -0.88116959 0.17866360 0.55765014 -0.07059346 0.03018688 0.15517998 
0.08780591 -0.25493618 -0.56523973 0.24662263 0.05643484 0.00543752 0.17463020 
-0.77797729 -0.19333302 -0.31867246 -0.99531768 0.03638009 0.07056311 0.14502567 

----------
0.03602565 -0.88116959 0.17866360 0.55765014 -0.07059346 -0.07059346 -0.07059346 
0.08780591 -0.25493618 -0.56523973 0.24662263 0.05643484 0.05643484 0.05643484 
-0.77797729 -0.19333302 -0.31867246 -0.99531768 0.03638009 0.03638009 0.03638009 

----------
0.00027214 -0.95879268 0.28467058 0.00072046 -0.14863133 -0.05417627 0.05194809 
0.01177269 -0.36052988 -0.60843374 0.70705194 0.12666537 0.10798536 0.05187122 
-0.61188020 0.00007569 -0.00005863 -0.79106713 -0.05439281 0.03901299 0.05201145 

----------
iteration: 7577, probabilities: [0.000014 0.000029 0.999834 0.000013 0.000110], probability: 0.999834418296814