0.73553856 -0.63869400 0.52436779 0.83378414 -0.01944187 0.00219501 0.15649549 
0.39573829 -0.65590243 -0.56212935 0.82547595 -0.01882552 0.04299060 0.12614987 
-0.76064951 0.34984243 -0.41256856 -0.68164548 -0.01983438 0.01060269 0.16550628 

----------
0.73553856 -0.63869400 0.52436779 0.83378414 -0.01944187 -0.01944187 -0.01944187 
0.39573829 -0.65590243 -0.56212935 0.82547595 -0.01882552 -0.01882552 -0.01882552 
-0.76064951 0.34984243 -0.41256856 -0.68164548 -0.01983438 -0.01983438 -0.01983438 

----------
0.32204198 -0.57821982 -0.40491696 0.63119144 -0.07779627 0.00626835 0.05187537 
0.26791542 -0.55697034 -0.43569933 0.65436172 0.04945925 -0.03635114 0.05187241 
-0.78756317 0.00005898 -0.00007543 -0.61640387 -0.08195807 -0.15499318 0.05201145 

----------
iteration: 7541, probabilities: [0.000011 0.000034 0.999767 0.000029 0.000158], probability: 0.9997673630714417