0.46424929 0.53871799 -0.45891620 0.42479771 -0.02363693 -0.00830870 0.17287424 
0.15845373 -0.07439453 -0.30877358 0.73531327 -0.02014810 0.00069715 0.15822199 
-0.16138127 -0.16966576 0.85337545 -0.25032893 0.05411178 -0.00370252 0.13311572 

----------
0.46424929 0.53871799 -0.45891620 0.42479771 -0.02363693 -0.02363693 -0.02363693 
0.15845373 -0.07439453 -0.30877358 0.73531327 -0.02014810 -0.02014810 -0.02014810 
-0.16138127 -0.16966576 0.85337545 -0.25032893 0.05411178 0.05411178 0.05411178 

----------
0.69137210 0.67385163 0.21361976 -0.15029747 0.12845487 -0.06073115 0.05225624 
-0.00881969 -0.00009574 -0.00000077 1.00011330 -0.07266004 0.06104908 0.05201145 
-0.00011952 -0.52358589 0.85212330 0.00033896 0.04891269 0.05191699 0.05197410 

----------
iteration: 9676, probabilities: [0.000018 0.000034 0.999743 0.000020 0.000185], probability: 0.9997425675392151