0.54680248 0.86495984 -0.46226357 -0.00321519 0.03520618 0.01679831 0.15726737 
0.67586909 -0.10512722 -0.72528359 0.67191023 -0.07637398 -0.06766009 0.13355206 
-0.51183546 0.21966335 0.00864363 -0.16929266 0.06393049 -0.00869292 0.13848790 

----------
0.54680248 0.86495984 -0.46226357 -0.00321519 0.03520618 0.03520618 0.03520618 
0.67586909 -0.10512722 -0.72528359 0.67191023 -0.07637398 -0.07637398 -0.07637398 
-0.51183546 0.21966335 0.00864363 -0.16929266 0.06393049 0.06393049 0.06393049 

----------
0.60035570 0.70662910 -0.02603861 -0.37399325 0.14434107 0.09434448 0.05224086 
0.15248438 -0.47460310 -0.52429271 0.69050508 -0.13058704 -0.03871793 0.05187239 
-0.95486330 -0.00002855 -0.00009593 0.29827498 0.08654863 -0.01105121 0.05201158 

----------
iteration: 9573, probabilities: [0.000009 0.000051 0.999888 0.000008 0.000043], probability: 0.9998880624771118