0.46722943 0.78892256 0.38955518 -0.17974936 0.04572102 -0.01297143 0.16842029 
0.10849700 -0.89339682 -0.94697481 -0.52173225 0.01486773 -0.09817632 0.19006000 
0.98357540 -0.11668403 0.96073294 0.55713828 0.01396298 -0.06507579 0.14800434 

----------
0.46722943 0.78892256 0.38955518 -0.17974936 0.04572102 0.04572102 0.04572102 
0.10849700 -0.89339682 -0.94697481 -0.52173225 0.01486773 0.01486773 0.01486773 
0.98357540 -0.11668403 0.96073294 0.55713828 0.01396298 0.01396298 0.01396298 

----------
0.70472359 0.64163681 0.29654568 -0.06226276 0.03994682 0.13608324 0.05225625 
-0.63978904 -0.55564122 -0.43722602 -0.30170273 -0.10610539 0.09776235 0.05174416 
0.49336080 0.17527367 0.68484990 0.50715980 0.09906560 -0.08383698 0.05225642 

----------
iteration: 10127, probabilities: [0.000023 0.000026 0.999633 0.000025 0.000293], probability: 0.9996330738067627