-0.04758378 -0.11490592 0.39684382 -0.20661277 -0.00833138 0.02656611 0.16662044 
0.95744390 -0.30792061 -0.58307687 -0.19748857 0.05512739 -0.00092743 0.12162916 
0.75405766 0.10592931 0.68568803 0.08022520 -0.00722132 -0.00056793 0.14801375 

----------
-0.04758378 -0.11490592 0.39684382 -0.20661277 -0.00833138 -0.00833138 -0.00833138 
0.95744390 -0.30792061 -0.58307687 -0.19748857 0.05512739 0.05512739 0.05512739 
0.75405766 0.10592931 0.68568803 0.08022520 -0.00722132 -0.00722132 -0.00722132 

----------
0.16233267 0.20002399 0.67836109 -0.68829462 -0.11190742 0.09901461 0.05187241 
0.54247707 -0.69604953 -0.12532526 0.45368266 0.13619868 0.14585251 0.05187241 
0.62140073 0.39427317 0.58736766 0.33748998 0.00701743 -0.14359868 0.05222730 

----------
iteration: 10086, probabilities: [0.000018 0.000030 0.999764 0.000017 0.000172], probability: 0.9997642636299133