0.60186465 0.27710676 0.28103992 -0.08677011 0.05928213 0.04253367 0.15744596 
0.31264163 0.84757732 0.15288301 0.39772177 -0.09685483 0.04926154 0.14130737 
0.91633517 -0.59808064 -0.27153544 0.48077436 0.01563749 0.02284369 0.14879642 

----------
0.60186465 0.27710676 0.28103992 -0.08677011 0.05928213 0.05928213 0.05928213 
0.31264163 0.84757732 0.15288301 0.39772177 -0.09685483 -0.09685483 -0.09685483 
0.91633517 -0.59808064 -0.27153544 0.48077436 0.01563749 0.01563749 0.01563749 

----------
0.70217515 0.65133741 0.27452704 -0.08620937 0.08499208 0.05830742 0.05225627 
0.39796993 0.53893197 0.43972009 0.59834667 -0.11810616 -0.06440537 0.05220805 
0.54856988 -0.69766574 -0.11574412 0.44614680 -0.03490167 0.02851328 0.05187404 

----------
iteration: 12672, probabilities: [0.000074 0.000052 0.992587 0.000380 0.006908], probability: 0.9925866723060608