0.67505834 0.42117173 0.60403137 0.20671075 0.00600135 0.03509795 0.14107754 
-0.38244738 0.47171543 0.07643602 0.81905157 -0.02782651 -0.06618577 0.18695741 
0.94328680 -0.48718222 -0.20912457 0.43190219 -0.02748440 -0.02460095 0.14631866 

----------
0.67505834 0.42117173 0.60403137 0.20671075 0.00600135 0.00600135 0.00600135 
-0.38244738 0.47171543 0.07643602 0.81905157 -0.02782651 -0.02782651 -0.02782651 
0.94328680 -0.48718222 -0.20912457 0.43190219 -0.02748440 -0.02748440 -0.02748440 

----------
0.65306892 0.43062979 0.56050229 0.27199568 -0.04981095 0.05930951 0.05225627 
-0.65111445 0.44210635 -0.55204119 0.27598713 -0.00541436 -0.16299156 0.05169582 
0.60726840 -0.70704554 -0.01382019 0.36228207 0.06388953 0.01564800 0.05187246 

----------
iteration: 12645, probabilities: [0.000022 0.000030 0.999788 0.000010 0.000151], probability: 0.9997877478599548