0.60970114 0.65501437 -0.14681428 -0.22085618 -0.03483661 -0.00407672 0.15596778 
-0.36954720 0.98839533 -0.71971823 0.99657299 -0.02895605 0.05481373 0.16108636 
0.54728918 -0.95736264 -0.42862858 0.93438485 -0.01643347 -0.01085104 0.16010092 

----------
0.60970114 0.65501437 -0.14681428 -0.22085618 -0.03483661 -0.03483661 -0.03483661 
-0.36954720 0.98839533 -0.71971823 0.99657299 -0.02895605 -0.02895605 -0.02895605 
0.54728918 -0.95736264 -0.42862858 0.93438485 -0.01643347 -0.01643347 -0.01643347 

----------
0.61198373 0.70680361 -0.00313397 -0.35486942 0.04261619 -0.09692911 0.05225625 
-0.54136844 0.24490535 -0.66343652 0.45493766 -0.12999512 -0.10577666 0.05187159 
0.38218701 -0.62586139 -0.32934262 0.59485744 -0.00289212 0.05129079 0.05185040 

----------
iteration: 12941, probabilities: [0.000040 0.000050 0.997810 0.000144 0.001956], probability: 0.9978101849555969