-0.05372107 -0.66481099 0.30817541 0.58782058 -0.02678604 -0.02390839 0.16086232 
-0.01836656 -0.36628342 0.59506451 0.48466559 -0.03248062 0.03506999 0.14376505 
-0.10107304 0.22284124 -0.56560827 0.07731362 -0.00423169 0.01153656 0.14998823 

----------
-0.05372107 -0.66481099 0.30817541 0.58782058 -0.02678604 -0.02678604 -0.02678604 
-0.01836656 -0.36628342 0.59506451 0.48466559 -0.03248062 -0.03248062 -0.03248062 
-0.10107304 0.22284124 -0.56560827 0.07731362 -0.00423169 -0.00423169 -0.00423169 

----------
-0.32007964 -0.59118923 0.38758577 0.63099307 0.08901710 0.00567980 0.05225626 
0.00342133 -0.34888948 0.61473329 0.70744951 -0.05497855 -0.10778082 0.05225627 
-0.00068059 0.45918725 -0.88850814 0.00186570 -0.03271120 0.04731498 0.05207806 

----------
iteration: 13981, probabilities: [0.000032 0.000033 0.999183 0.000042 0.000710], probability: 0.9991832375526428