-0.24995115 -0.87873544 0.72603172 0.53545915 -0.06668330 -0.02401877 0.14901384 
0.73567902 -0.74113411 0.12647197 0.80780256 0.06410722 0.01245712 0.15502539 
-0.59133059 0.29867713 -0.63691868 -0.36459540 -0.01104166 0.02541328 0.16149156 

----------
-0.24995115 -0.87873544 0.72603172 0.53545915 -0.06668330 -0.06668330 -0.06668330 
0.73567902 -0.74113411 0.12647197 0.80780256 0.06410722 0.06410722 0.06410722 
-0.59133059 0.29867713 -0.63691868 -0.36459540 -0.01104166 -0.01104166 -0.01104166 

----------
-0.18533644 -0.50017662 0.49946049 0.68276185 -0.04981477 -0.11717772 0.05225627 
0.48392142 -0.67587335 -0.20800283 0.51562347 0.05933165 0.06785545 0.05188464 
-0.32739220 0.02820914 -0.70629515 -0.62717446 0.03040109 -0.03711255 0.05225539 

----------
iteration: 13672, probabilities: [0.000020 0.000037 0.999812 0.000010 0.000121], probability: 0.9998124241828918