0.38465720 -0.69350349 -0.18836290 0.99582288 0.02421197 0.01643632 0.18402341 
-0.16785680 -0.21743014 0.46557042 0.59118606 0.00004620 -0.05684809 0.15957369 
0.01782454 0.85158151 -0.87680174 -0.41031561 0.01610156 -0.00634055 0.13600628 

----------
0.38465720 -0.69350349 -0.18836290 0.99582288 0.02421197 0.02421197 0.02421197 
-0.16785680 -0.21743014 0.46557042 0.59118606 0.00004620 0.00004620 0.00004620 
0.01782454 0.85158151 -0.87680174 -0.41031561 0.01610156 0.01610156 0.01610156 

----------
0.37126925 -0.62071097 -0.33882820 0.60180047 0.03092454 0.06021534 0.05187241 
-0.08230982 -0.42075896 0.56793935 0.70262966 -0.09469333 0.00858289 0.05225503 
0.00343783 0.94077864 -0.33922266 -0.00024982 -0.00122158 -0.04709068 0.05221204 

----------
iteration: 13677, probabilities: [0.000025 0.000026 0.999672 0.000015 0.000262], probability: 0.9996721744537354