0.79603006 0.09121958 -0.09881025 0.76379853 -0.05445862 0.09730512 0.11760770 
0.70963289 -0.38620075 -0.98002275 -0.36887200 0.05663200 -0.01307853 0.16008704 
-0.37654211 0.12326812 -0.12273107 -0.91290400 0.01013677 -0.05140621 0.16185998 

----------
0.79603006 0.09121958 -0.09881025 0.76379853 -0.05445862 -0.05445862 -0.05445862 
0.70963289 -0.38620075 -0.98002275 -0.36887200 0.05663200 0.05663200 0.05663200 
-0.37654211 0.12326812 -0.12273107 -0.91290400 0.01013677 0.01013677 0.01013677 

----------
0.73005058 -0.00006538 0.00006993 0.68345088 -0.09723078 -0.05337862 0.05201145 
0.51937069 -0.08791064 -0.69707446 -0.48656034 0.08235074 0.05975953 0.05225590 
-0.39793412 0.00008781 -0.00003815 -0.91748659 0.02565975 -0.03332884 0.05201145 

----------
iteration: 14358, probabilities: [0.000026 0.000030 0.999617 0.000019 0.000309], probability: 0.9996170997619629