0.68234163 -0.24093323 -0.14885054 0.63426774 0.03754089 0.04695626 0.15703442 
0.64331727 -0.20788205 -0.67752515 -0.36891454 -0.05174589 0.02526938 0.15560241 
-0.59120099 -0.33899202 0.53910460 -0.72349547 -0.01804889 0.01123971 0.17120266 

----------
0.68234163 -0.24093323 -0.14885054 0.63426774 0.03754089 0.03754089 0.03754089 
0.64331727 -0.20788205 -0.67752515 -0.36891454 -0.05174589 -0.05174589 -0.05174589 
-0.59120099 -0.33899202 0.53910460 -0.72349547 -0.01804889 -0.01804889 -0.01804889 

----------
0.72664576 -0.00006567 0.00006963 0.68714560 0.13550919 0.02218726 0.05201145 
0.14200340 0.46776411 -0.52997287 -0.69311300 -0.16097305 -0.17280963 0.05225677 
0.03618437 0.31643297 0.63244649 -0.70629640 -0.11990445 0.04454103 0.05184944 

----------
iteration: 15401, probabilities: [0.000016 0.000026 0.999872 0.000006 0.000080], probability: 0.9998717308044434