-0.28768880 -0.36961482 -0.09810235 -0.11227525 -0.02803780 -0.04990141 0.15637012 
0.93195748 0.42061703 0.99811944 0.08795269 -0.01063979 -0.00146297 0.19030715 
0.00109767 0.98462530 0.04692689 -0.04360432 -0.01604326 0.05256576 0.15818324 

----------
-0.28768880 -0.36961482 -0.09810235 -0.11227525 -0.02803780 -0.02803780 -0.02803780 
0.93195748 0.42061703 0.99811944 0.08795269 -0.01063979 -0.01063979 -0.01063979 
0.00109767 0.98462530 0.04692689 -0.04360432 -0.01604326 -0.01604326 -0.01604326 

----------
-0.70524675 -0.58332350 -0.39919373 -0.05589475 -0.01915264 0.08101816 0.05225625 
0.66001452 0.44263674 0.55010381 0.25723260 0.05800570 -0.06897873 0.05230129 
-0.00000893 0.99903199 0.04427109 -0.00097140 -0.09910474 -0.07346732 0.05195062 

----------
iteration: 16480, probabilities: [0.000032 0.000032 0.999161 0.000042 0.000734], probability: 0.9991610050201416