-0.30279782 0.14828760 -0.21974353 0.97039183 0.03218673 -0.00290298 0.15473483 
-0.72051223 0.46690988 0.30922611 -0.21701614 -0.00258089 -0.02221182 0.13355161 
-0.58529810 -0.28547175 -0.22563346 0.99531990 -0.00875089 -0.00572267 0.17285583 

----------
-0.30279782 0.14828760 -0.21974353 0.97039183 0.03218673 0.03218673 0.03218673 
-0.72051223 0.46690988 0.30922611 -0.21701614 -0.00258089 -0.00258089 -0.00258089 
-0.58529810 -0.28547175 -0.22563346 0.99531990 -0.00875089 -0.00875089 -0.00875089 

----------
0.52109141 -0.13054041 -0.69188974 0.48301233 0.09869356 -0.00587678 0.05247942 
-0.55829124 0.70001817 0.10036160 -0.43396685 -0.04944905 -0.01668057 0.05187243 
-0.58725534 -0.00006916 -0.00008467 0.80948310 0.07003736 0.12405091 0.05201078 

----------
iteration: 18156, probabilities: [0.000088 0.000053 0.999462 0.000071 0.000326], probability: 0.9994619488716125