0.85287772 0.20534483 0.45832159 0.82797526 -0.02570688 -0.01857912 0.17384901 
-0.30467698 0.31839382 0.58888615 -0.87539158 0.03468683 0.00704298 0.14903030 
-0.68038399 0.09613514 -0.59147414 0.66920826 -0.02671096 -0.01278245 0.17553419 

----------
0.85287772 0.20534483 0.45832159 0.82797526 -0.02570688 -0.02570688 -0.02570688 
-0.30467698 0.31839382 0.58888615 -0.87539158 0.03468683 0.03468683 0.03468683 
-0.68038399 0.09613514 -0.59147414 0.66920826 -0.02671096 -0.02671096 -0.02671096 

----------
0.77573670 -0.00026475 -0.00000034 0.63112848 -0.04244620 -0.10947507 0.05202207 
-0.10766573 0.43980560 0.55375854 -0.69885661 0.03947578 0.06488137 0.05187224 
-0.43603916 0.10299376 -0.69960491 0.55664418 -0.07300875 0.00698259 0.05187136 

----------
iteration: 18922, probabilities: [0.000061 0.000041 0.999721 0.000028 0.000148], probability: 0.9997214674949646