0.52595828 0.14664498 0.35926719 0.95816177 0.00122431 -0.03502515 0.13824014 
-0.87906260 0.51496492 -0.27444000 -0.80466035 -0.03762554 -0.00853887 0.14847811 
-0.12426881 0.12359808 -0.74805698 0.55068747 -0.00486726 -0.03134250 0.13796476 

----------
0.52595828 0.14664498 0.35926719 0.95816177 0.00122431 0.00122431 0.00122431 
-0.87906260 0.51496492 -0.27444000 -0.80466035 -0.03762554 -0.03762554 -0.03762554 
-0.12426881 0.12359808 -0.74805698 0.55068747 -0.00486726 -0.00486726 -0.00486726 

----------
0.41752999 -0.00008741 0.00003964 0.90879695 0.03003801 -0.01635272 0.05201144 
-0.78353614 -0.00021047 -0.00043211 -0.62161425 -0.03074482 -0.16726818 0.05203187 
-0.30452543 -0.05166763 -0.70527892 0.63817740 -0.10249517 0.05736143 0.05187242 

----------
iteration: 18363, probabilities: [0.000053 0.000041 0.999694 0.000036 0.000177], probability: 0.9996938705444336