0.40817201 -0.67000743 0.52056473 0.99065613 0.02550656 0.02071637 0.15088234 
-0.22349340 0.28968131 -0.73661952 -0.66908242 0.03651852 0.05483889 0.15444627 
0.04945330 0.19440956 -0.38466840 0.65599348 -0.00515379 -0.06753894 0.16434234 

----------
0.40817201 -0.67000743 0.52056473 0.99065613 0.02550656 0.02550656 0.02550656 
-0.22349340 0.28968131 -0.73661952 -0.66908242 0.03651852 0.03651852 0.03651852 
0.04945330 0.19440956 -0.38466840 0.65599348 -0.00515379 -0.00515379 -0.00515379 

----------
0.10272671 -0.23329105 0.66780027 0.69966139 0.07943843 0.13941682 0.05219066 
-0.16402028 0.20014571 -0.67791924 -0.68819008 0.09863532 -0.02757430 0.05225626 
-0.29367347 -0.06361838 -0.70433054 0.64327399 -0.09823596 -0.06105030 0.05187234 

----------
iteration: 18977, probabilities: [0.000074 0.000049 0.999684 0.000036 0.000157], probability: 0.9996839761734009