-0.02787472 -0.61666435 -0.49755047 -0.12918783 0.02332350 0.03146935 0.17359103 
-0.11618266 0.12130411 -0.62505637 0.95012137 0.06163223 0.00212925 0.17046952 
0.99870556 0.17360273 -0.38492276 0.12248845 -0.03783896 0.04238251 0.16412911 

----------
-0.02787472 -0.61666435 -0.49755047 -0.12918783 0.02332350 0.02332350 0.02332350 
-0.11618266 0.12130411 -0.62505637 0.95012137 0.06163223 0.06163223 0.06163223 
0.99870556 0.17360273 -0.38492276 0.12248845 -0.03783896 -0.03783896 -0.03783896 

----------
-0.00123286 -0.64787011 -0.76186211 -0.00141359 0.12740537 -0.00191324 0.05207865 
-0.14103677 0.09203512 -0.70162904 0.69238718 0.01849738 0.08122325 0.05113907 
0.99941155 0.00003465 0.00008989 -0.03585526 -0.01295896 -0.03511702 0.05201107 

----------
iteration: 19793, probabilities: [0.000055 0.000058 0.999816 0.000015 0.000056], probability: 0.9998155236244202