-0.54061895 0.79840944 0.00829907 0.70919583 -0.01177030 -0.05322388 0.19856238 
0.67830016 0.84839127 -0.99948720 0.31604932 -0.03263478 -0.03561766 0.19422326 
-0.02248640 0.36555940 0.19332419 0.89040648 0.03261790 -0.00583386 0.14043676 

----------
-0.54061895 0.79840944 0.00829907 0.70919583 -0.01177030 -0.01177030 -0.01177030 
0.67830016 0.84839127 -0.99948720 0.31604932 -0.03263478 -0.03263478 -0.03263478 
-0.02248640 0.36555940 0.19332419 0.89040648 0.03261790 0.03261790 0.03261790 

----------
-0.70000557 0.65783733 -0.25953611 -0.10017981 -0.03214800 -0.00276898 0.05186822 
0.67109036 0.69303357 0.13949771 -0.22420654 0.11466576 -0.08017738 0.05225685 
0.06922239 -0.29038580 0.64454312 0.70410290 -0.02029309 0.12282574 0.05226878 

----------
iteration: 21183, probabilities: [0.000078 0.000050 0.999626 0.000045 0.000201], probability: 0.9996263980865479