0.05563453 0.34460968 0.45531284 0.89438697 0.01385574 -0.02355756 0.17603110 
0.43588560 0.31458222 -0.39364232 -0.06252068 0.04971950 0.01115153 0.16803332 
-0.04239559 0.85519660 0.03329777 0.81117054 -0.00395745 0.02524561 0.14015922 

----------
0.05563453 0.34460968 0.45531284 0.89438697 0.01385574 0.01385574 0.01385574 
0.43588560 0.31458222 -0.39364232 -0.06252068 0.04971950 0.04971950 0.04971950 
-0.04239559 0.85519660 0.03329777 0.81117054 -0.00395745 -0.00395745 -0.00395745 

----------
0.40081066 0.05735985 0.70453549 0.58299891 -0.08699165 0.09424872 0.05225627 
0.53270459 0.69316723 -0.13849876 -0.46557992 0.12195948 0.02810215 0.05225627 
-0.03114009 0.70550156 0.03384891 0.70722955 0.03845711 -0.05970617 0.05163999 

----------
iteration: 21699, probabilities: [0.000080 0.000051 0.999562 0.000052 0.000256], probability: 0.9995618462562561