0.86079091 0.29212276 0.06278723 0.50312441 0.07160608 0.02792027 0.16030109 
0.92463243 0.46622241 -0.17257261 -0.91338188 0.06692907 -0.00928969 0.15323827 
-0.08916424 0.74574569 0.66572206 0.91272279 0.06191331 -0.00174150 0.15577270 

----------
0.86079091 0.29212276 0.06278723 0.50312441 0.07160608 0.07160608 0.07160608 
0.92463243 0.46622241 -0.17257261 -0.91338188 0.06692907 0.06692907 0.06692907 
-0.08916424 0.74574569 0.66572206 0.91272279 0.06191331 0.06191331 0.06191331 

----------
0.84256710 -0.00004838 0.00008460 0.53866193 0.12630171 0.06103307 0.05201152 
0.54666688 0.00008017 0.00005250 -0.83741588 0.09901267 0.16774673 0.05201145 
0.39168935 0.04471411 0.70433672 0.59052945 -0.05903231 0.05100716 0.05232055 

----------
iteration: 21771, probabilities: [0.000066 0.000066 0.999752 0.000028 0.000088], probability: 0.9997517466545105