0.01118882 0.88176322 0.30846074 0.80872972 -0.00152190 -0.03956576 0.16478901 
0.52726977 0.19571726 -0.37141862 0.62178590 0.03949601 -0.00839474 0.16691082 
0.28888999 0.42956486 -0.07859277 0.44964024 -0.02458512 0.00710898 0.16466307 

----------
0.01118882 0.88176322 0.30846074 0.80872972 -0.00152190 -0.00152190 -0.00152190 
0.52726977 0.19571726 -0.37141862 0.62178590 0.03949601 0.03949601 0.03949601 
0.28888999 0.42956486 -0.07859277 0.44964024 -0.02458512 -0.02458512 -0.02458512 

----------
0.40494221 0.56436184 0.39848360 0.59905011 -0.06521121 0.08119799 0.05272139 
0.29370822 -0.00009333 0.00007811 0.95600771 0.04449394 0.11162480 0.05201103 
0.70123024 0.56093355 0.43014809 0.09381396 0.06011054 -0.01607937 0.05225651 

----------
iteration: 22388, probabilities: [0.000093 0.000050 0.999517 0.000063 0.000276], probability: 0.9995173215866089