0.24981423 0.46481933 0.41740161 0.98814485 -0.00306183 0.00801710 0.19996835 
0.69030622 0.50845716 -0.04477114 -0.00308458 0.02400944 -0.06752348 0.14485513 
0.02971528 0.63776242 0.52193443 0.89718496 -0.00176406 -0.03796418 0.16838998 

----------
0.24981423 0.46481933 0.41740161 0.98814485 -0.00306183 -0.00306183 -0.00306183 
0.69030622 0.50845716 -0.04477114 -0.00308458 0.02400944 0.02400944 0.02400944 
0.02971528 0.63776242 0.52193443 0.89718496 -0.00176406 -0.00176406 -0.00176406 

----------
0.50156522 0.18656462 0.68181946 0.49893452 -0.01914722 0.15562771 0.05225669 
0.67339652 0.69137994 0.14700586 -0.21685636 0.11753398 -0.03209627 0.05225644 
0.45921159 0.13028254 0.69473526 0.53822744 -0.09542170 0.00029139 0.05225247 

----------
iteration: 22537, probabilities: [0.000143 0.000057 0.997056 0.000367 0.002377], probability: 0.9970558881759644