-0.31195952 -0.46754565 0.26425581 0.81642925 -0.02786008 0.02217683 0.16685859 
0.48808256 0.70780288 -0.63610895 0.50716021 0.02557791 0.02010820 0.16498984 
0.33651436 0.42705970 0.68443048 0.72302681 -0.00378256 0.01813082 0.16811289 

----------
-0.31195952 -0.46754565 0.26425581 0.81642925 -0.02786008 -0.02786008 -0.02786008 
0.48808256 0.70780288 -0.63610895 0.50716021 0.02557791 0.02557791 0.02557791 
0.33651436 0.42705970 0.68443048 0.72302681 -0.00378256 -0.00378256 -0.00378256 

----------
-0.29467754 -0.57522717 0.41076051 0.64315767 -0.11440161 -0.02292274 0.05225626 
0.69547406 0.66777094 0.23250153 -0.12929681 0.13222354 0.11982820 0.05225088 
0.48182720 0.15989278 0.68850325 0.51799661 0.04180953 -0.02932914 0.05225626 

----------
iteration: 23019, probabilities: [0.000060 0.000048 0.999796 0.000019 0.000076], probability: 0.9997963309288025