0.54799338 0.54604532 0.35496956 -0.53109106 -0.01267491 0.01408329 0.16150816 
0.30775644 0.04838822 0.68100579 -0.16899120 -0.02452371 0.01202792 0.13775421 
-0.67147331 -0.99977477 -0.33995469 0.99444932 -0.01075484 -0.02854089 0.16340300 

----------
0.54799338 0.54604532 0.35496956 -0.53109106 -0.01267491 -0.01267491 -0.01267491 
0.30775644 0.04838822 0.68100579 -0.16899120 -0.02452371 -0.02452371 -0.02452371 
-0.67147331 -0.99977477 -0.33995469 0.99444932 -0.01075484 -0.01075484 -0.01075484 

----------
0.61815139 0.70682358 0.00922223 -0.34413355 -0.02293428 -0.06032431 0.05225476 
0.45488211 0.03853633 0.73677196 -0.49892796 -0.10721597 0.01993390 0.07222110 
-0.67341194 -0.63462791 0.14566097 0.35040972 -0.05741170 0.10925703 0.05837560 

----------
iteration: 23422, probabilities: [0.000040 0.000071 0.999276 0.000027 0.000586], probability: 0.9992761015892029