0.85228675 0.08403147 0.68303348 0.14229101 0.01758561 0.00363564 0.15533695 
0.29342408 -0.45623328 0.88321649 0.16381874 0.03891545 0.02999348 0.13484976 
-0.24275685 -0.97848221 -0.14952737 0.96152819 0.03686011 -0.03989542 0.17598772 

----------
0.85228675 0.08403147 0.68303348 0.14229101 0.01758561 0.01758561 0.01758561 
0.29342408 -0.45623328 0.88321649 0.16381874 0.03891545 0.03891545 0.03891545 
-0.24275685 -0.97848221 -0.14952737 0.96152819 0.03686011 0.03686011 0.03686011 

----------
0.65473696 0.43391600 0.55812359 0.26829278 -0.00180981 -0.10163039 0.05225632 
-0.00343755 -0.58686278 0.80984773 0.00206814 0.00034169 0.15325355 0.05221239 
-0.76246558 -0.00006250 -0.00007157 0.64737893 0.11376950 0.13195239 0.05201145 

----------
iteration: 23433, probabilities: [0.000064 0.000109 0.998375 0.000097 0.001354], probability: 0.9983750581741333