0.47474747 -0.95898505 0.01243100 -0.75703048 0.00481396 -0.03613356 0.16136085 
-0.14174984 0.26401626 -0.98254109 0.21112649 0.01945696 0.01619308 0.15966740 
0.05563293 -0.22387534 -0.25936153 -0.68796726 -0.02137557 -0.05267088 0.13655323 

----------
0.47474747 -0.95898505 0.01243100 -0.75703048 0.00481396 0.00481396 0.00481396 
-0.14174984 0.26401626 -0.98254109 0.21112649 0.01945696 0.01945696 0.01945696 
0.05563293 -0.22387534 -0.25936153 -0.68796726 -0.02137557 -0.02137557 -0.02137557 

----------
0.68092530 -0.49695392 0.50318538 -0.19084768 0.11221036 -0.09618206 0.05187275 
-0.00122756 -0.19172104 -0.98154255 0.00036284 0.01880928 0.04913990 0.05196760 
-0.55177125 0.00008830 -0.00005478 -0.83422389 -0.13478235 -0.10043451 0.05201173 

----------
iteration: 23876, probabilities: [0.000042 0.000090 0.998381 0.000133 0.001354], probability: 0.9983805418014526