0.02280334 -0.69995838 -0.59049340 0.12807156 0.06109062 0.00841938 0.15459588 
0.58053713 0.39169547 -0.98461121 0.05312928 0.02941458 0.05853781 0.17950428 
-0.08904218 -0.59490825 0.00978164 -0.99876572 0.00450621 0.02263167 0.15093347 

----------
0.02280334 -0.69995838 -0.59049340 0.12807156 0.06109062 0.06109062 0.06109062 
0.58053713 0.39169547 -0.98461121 0.05312928 0.02941458 0.02941458 0.02941458 
-0.08904218 -0.59490825 0.00978164 -0.99876572 0.00450621 0.00450621 0.00450621 

----------
-0.00061653 -0.77295713 -0.63448005 0.00085313 0.10153864 0.04714955 0.05195181 
0.51434322 -0.68695630 -0.16867253 0.48548985 0.03685171 0.21501249 0.05185400 
0.64896922 -0.43797911 0.55523459 -0.28120794 0.05243158 -0.14869050 0.05170331 

----------
iteration: 24190, probabilities: [0.000050 0.000105 0.999172 0.000043 0.000630], probability: 0.9991722106933594