0.33963168 -0.94758302 -0.81020201 -0.14608180 0.03132131 -0.01028708 0.15496796 
0.07989351 0.14950098 0.13049443 -0.07632267 0.03869802 0.02388004 0.13411040 
0.27803338 -0.94105875 -0.61887297 -0.94688414 0.00591596 -0.00926644 0.16012413 

----------
0.33963168 -0.94758302 -0.81020201 -0.14608180 0.03132131 0.03132131 0.03132131 
0.07989351 0.14950098 0.13049443 -0.07632267 0.03869802 0.03869802 0.03869802 
0.27803338 -0.94105875 -0.61887297 -0.94688414 0.00591596 0.00591596 0.00591596 

----------
0.00103999 -0.70287921 -0.71155985 0.00006762 0.01601860 0.14313959 0.05202318 
0.70403805 0.64533686 0.28872236 -0.07089734 0.04470084 0.02084031 0.05225626 
-0.40903333 -0.06732034 -0.70368568 -0.57729776 -0.11571760 0.03984057 0.05225625 

----------
iteration: 24614, probabilities: [0.000026 0.000101 0.999732 0.000004 0.000136], probability: 0.9997318387031555