-0.02897421 -0.95163629 0.17630854 0.50029676 0.00997548 0.00143334 0.15155966 
0.28470227 0.44598217 -0.33875587 0.37127829 0.00286029 -0.04147593 0.14073435 
0.29218754 0.03640114 -0.14982310 -0.99914721 -0.03675689 0.03152626 0.15198776 

----------
-0.02897421 -0.95163629 0.17630854 0.50029676 0.00997548 0.00997548 0.00997548 
0.28470227 0.44598217 -0.33875587 0.37127829 0.00286029 0.00286029 0.00286029 
0.29218754 0.03640114 -0.14982310 -0.99914721 -0.03675689 -0.03675689 -0.03675689 

----------
-0.56334450 -0.70105523 0.09074359 0.42805569 0.06114207 0.07254828 0.05225627 
-0.14609897 -0.21944037 -0.66877753 0.69537135 -0.17885558 0.07367137 0.05235393 
0.28048201 0.00009191 0.00002679 -0.95989979 -0.02761509 -0.10120547 0.05201145 

----------
iteration: 25462, probabilities: [0.000041 0.000067 0.998844 0.000063 0.000984], probability: 0.998843789100647