-0.03686713 0.95148057 -0.24744968 -0.44504046 0.04847445 -0.03637901 0.14660821 
-0.10923893 -0.62490923 0.84295585 -0.01452770 0.07176519 -0.02212706 0.17788666 
0.92508949 -0.32426028 -0.15981797 -0.61560951 0.02945680 0.01369252 0.15703365 

----------
-0.03686713 0.95148057 -0.24744968 -0.44504046 0.04847445 0.04847445 0.04847445 
-0.10923893 -0.62490923 0.84295585 -0.01452770 0.07176519 0.07176519 0.07176519 
0.92508949 -0.32426028 -0.15981797 -0.61560951 0.02945680 0.02945680 0.02945680 

----------
-0.02895788 0.32599691 -0.62730578 -0.70721088 0.02513459 0.17139875 0.05225774 
0.00088670 -0.58975313 0.80765159 0.00056729 0.12717876 0.05927633 0.05195181 
0.61359063 0.70691160 -0.00009758 -0.35228762 -0.03128372 -0.16333983 0.05225627 

----------
iteration: 25550, probabilities: [0.000048 0.000096 0.999151 0.000040 0.000664], probability: 0.9991507530212402