-0.42705292 0.75315568 0.79106334 -0.22260768 0.01805175 0.03665349 0.13733679 
0.55793499 -0.21427124 -0.06880590 -0.02679632 0.06329813 -0.03324263 0.14208729 
-0.27585216 -0.35354865 0.85953897 -0.58554386 -0.00308828 -0.00272108 0.14373205 

----------
-0.42705292 0.75315568 0.79106334 -0.22260768 0.01805175 0.01805175 0.01805175 
0.55793499 -0.21427124 -0.06880590 -0.02679632 0.06329813 0.06329813 0.06329813 
-0.27585216 -0.35354865 0.85953897 -0.58554386 -0.00308828 -0.00308828 -0.00308828 

----------
-0.30485576 0.00001215 0.00024908 -0.95267949 0.12939253 0.11644300 0.05202259 
0.99036490 0.00001310 0.00009498 -0.13907821 0.12336149 0.00854091 0.05201145 
-0.02490759 0.37181918 0.60160643 -0.70673720 -0.07767188 0.00271557 0.05187241 

----------
iteration: 25656, probabilities: [0.000060 0.000107 0.998537 0.000092 0.001205], probability: 0.9985368251800537