0.46781111 0.24175337 0.61736959 0.22859725 0.07308550 0.05124653 0.13609594 
-0.90279451 -0.79767039 -0.55107105 -0.39871491 0.05903208 -0.01756848 0.18933868 
0.90916014 -0.16163943 0.68931708 -0.31002515 -0.02391160 0.04678257 0.15596426 

----------
0.46781111 0.24175337 0.61736959 0.22859725 0.07308550 0.07308550 0.07308550 
-0.90279451 -0.79767039 -0.55107105 -0.39871491 0.05903208 0.05903208 0.05903208 
0.90916014 -0.16163943 0.68931708 -0.31002515 -0.02391160 -0.02391160 -0.02391160 

----------
0.65629807 0.08448027 0.51437641 0.54562552 0.05629739 0.12255996 0.06927083 
-0.66948561 -0.54909292 -0.44521103 -0.22824181 0.09572243 0.00560227 0.05165121 
0.62904553 -0.40085878 0.58253217 -0.32312382 -0.03980674 0.01444567 0.05170393 

----------
iteration: 26651, probabilities: [0.000015 0.000018 0.998594 0.000269 0.001104], probability: 0.9985936284065247