0.14047376 0.38120995 0.52234048 -0.77441890 0.01215085 -0.06989322 0.17086017 
-0.95429395 -0.22724242 0.78417037 -0.98972778 0.03103722 0.03852075 0.14245875 
0.80096578 -0.24920325 0.73652333 -0.03667328 -0.04515978 0.03434529 0.13885704 

----------
0.14047376 0.38120995 0.52234048 -0.77441890 0.01215085 0.01215085 0.01215085 
-0.95429395 -0.22724242 0.78417037 -0.98972778 0.03103722 0.03103722 0.03103722 
0.80096578 -0.24920325 0.73652333 -0.03667328 -0.04515978 -0.04515978 -0.04515978 

----------
0.04964113 0.30638884 0.63737127 -0.70538646 0.08878268 -0.03227177 0.05187241 
0.32882634 0.02459071 0.70685959 -0.62613612 -0.06140702 0.09092210 0.05187241 
0.80579112 0.00185418 0.00204430 -0.59268862 -0.16699081 -0.01393902 0.05219009 

----------
iteration: 27502, probabilities: [0.000020 0.000013 0.995439 0.001051 0.003478], probability: 0.9954385161399841