0.37992334 0.34313109 0.25968277 -0.87422668 0.01431931 -0.05690803 0.16471176 
-0.71693229 0.02768319 -0.11085860 -0.89904148 0.00417912 0.01285413 0.13532605 
0.99993467 -0.22887523 0.41851979 0.29720704 -0.05261612 0.03443828 0.14430511 

----------
0.37992334 0.34313109 0.25968277 -0.87422668 0.01431931 0.01431931 0.01431931 
-0.71693229 0.02768319 -0.11085860 -0.89904148 0.00417912 0.00417912 0.00417912 
0.99993467 -0.22887523 0.41851979 0.29720704 -0.05261612 -0.05261612 -0.05261612 

----------
0.25391267 0.00009643 -0.00004693 -0.96737210 -0.00964035 0.10698557 0.05201258 
-0.70677530 0.00006771 -0.00006770 -0.70748675 0.06311261 -0.00961007 0.05201145 
0.98622697 0.00029245 0.00002533 0.16642676 -0.10551748 -0.13429861 0.05201931 

----------
iteration: 27820, probabilities: [0.000012 0.000015 0.999621 0.000078 0.000274], probability: 0.9996209144592285