0.63794687 0.13890163 0.34086509 -0.79323969 0.05215780 -0.00302539 0.15760551 
-0.99985529 0.16198865 0.50830472 -0.27605076 -0.01823572 -0.00407170 0.15670693 
0.77292527 0.47102117 0.19124319 0.28672241 -0.00520735 0.02973792 0.16123547 

----------
0.63794687 0.13890163 0.34086509 -0.79323969 0.05215780 0.05215780 0.05215780 
-0.99985529 0.16198865 0.50830472 -0.27605076 -0.01823572 -0.01823572 -0.01823572 
0.77292527 0.47102117 0.19124319 0.28672241 -0.00520735 -0.00520735 -0.00520735 

----------
0.39167721 0.00011519 -0.00003465 -0.92024987 0.04839101 0.12992259 0.05201205 
-0.48606986 0.67611642 0.20749183 -0.51357089 -0.08126067 0.10274574 0.05184973 
0.70301654 0.56984487 0.41820018 0.07910890 0.08397400 -0.07845878 0.05225626 

----------
iteration: 27837, probabilities: [0.000008 0.000037 0.999864 0.000020 0.000071], probability: 0.9998644590377808