0.05188474 0.77590868 0.06657438 -0.69028217 0.05440147 0.02899577 0.15881268 
-0.80483646 -0.42687784 0.01133408 -0.26463578 0.02778129 -0.01316281 0.17863693 
0.14144280 0.19439457 0.39033215 0.19806995 -0.03574472 -0.03993046 0.16009311 

----------
0.05188474 0.77590868 0.06657438 -0.69028217 0.05440147 0.05440147 0.05440147 
-0.80483646 -0.42687784 0.01133408 -0.26463578 0.02778129 0.02778129 0.02778129 
0.14144280 0.19439457 0.39033215 0.19806995 -0.03574472 -0.03574472 -0.03574472 

----------
-0.42177849 0.64044441 0.30030532 -0.56787122 0.16558641 0.02693489 0.05170569 
-0.70691479 -0.62632701 -0.32761708 0.02766327 0.03296556 0.06613449 0.05225626 
0.51564066 0.20591957 0.67617852 0.48436631 -0.07663316 -0.06784130 0.05225626 

----------
iteration: 27729, probabilities: [0.000011 0.000016 0.999623 0.000076 0.000273], probability: 0.9996229410171509