0.57287252 0.06650473 0.02772677 -0.73255013 -0.03178092 -0.00910494 0.16849445 
-0.28653262 -0.35079574 0.70925677 -0.15834554 -0.01859465 0.04978272 0.13736586 
0.42414521 0.11464515 0.01214680 0.33954970 0.02323095 -0.03198736 0.15262743 

----------
0.57287252 0.06650473 0.02772677 -0.73255013 -0.03178092 -0.03178092 -0.03178092 
-0.28653262 -0.35079574 0.70925677 -0.15834554 -0.01859465 -0.01859465 -0.01859465 
0.42414521 0.11464515 0.01214680 0.33954970 0.02323095 0.02323095 0.02323095 

----------
0.61250533 0.00007572 0.00005859 -0.79049777 -0.07736807 -0.00209807 0.05201145 
0.14403674 -0.19704069 0.67887281 0.69278358 0.01941297 -0.22132007 0.05221000 
0.77852579 -0.00006004 0.00007457 0.62772272 0.02022935 0.07997986 0.05201145 

----------
iteration: 27705, probabilities: [0.000011 0.000014 0.999590 0.000105 0.000280], probability: 0.9995899796485901