0.40432443 -0.02443979 0.77917480 -0.67727165 -0.00054543 -0.01128169 0.16669563 
-0.03718978 -0.81973081 0.22405045 -0.46361807 0.01830695 -0.02277182 0.18893598 
0.25748267 -0.03139702 0.17344536 0.25102675 -0.00223985 0.02308781 0.12263787 

----------
0.40432443 -0.02443979 0.77917480 -0.67727165 -0.00054543 -0.00054543 -0.00054543 
-0.03718978 -0.81973081 0.22405045 -0.46361807 0.01830695 0.01830695 0.01830695 
0.25748267 -0.03139702 0.17344536 0.25102675 -0.00223985 -0.00223985 -0.00223985 

----------
0.36808851 -0.02062552 0.70683719 -0.60371611 0.03590913 -0.06590422 0.05187241 
-0.67259328 -0.46053012 -0.52955569 -0.23551660 0.06718930 0.20055703 0.05275074 
0.59583251 -0.00007668 0.00005717 0.80325377 -0.10627054 -0.05200462 0.05201145 

----------
iteration: 28229, probabilities: [0.000016 0.000014 0.998722 0.000233 0.001014], probability: 0.9987220168113708