-0.32689903 0.68198461 0.46932053 -0.75095701 0.02938598 0.04453553 0.13163627 
-0.88829896 -0.71137712 0.41625814 -0.80792571 0.01126888 -0.04565546 0.16113765 
0.67210268 -0.14664245 0.37643697 0.59684398 0.04349903 -0.03909204 0.15807771 

----------
-0.32689903 0.68198461 0.46932053 -0.75095701 0.02938598 0.02938598 0.02938598 
-0.88829896 -0.71137712 0.41625814 -0.80792571 0.01126888 0.01126888 0.01126888 
0.67210268 -0.14664245 0.37643697 0.59684398 0.04349903 0.04349903 0.04349903 

----------
-0.30601401 0.58168728 0.40212071 -0.63744807 0.06177730 -0.08300453 0.05187276 
-0.43159054 -0.48052175 0.51810076 -0.56078442 -0.02130387 0.12726601 0.05179312 
0.57020141 -0.66985061 -0.22761152 0.41803938 -0.04012871 -0.00626394 0.05208603 

----------
iteration: 28676, probabilities: [0.000011 0.000017 0.999727 0.000053 0.000192], probability: 0.9997273087501526