0.79983569 -0.99512179 -0.44123767 -0.41454035 0.01623682 0.02852607 0.15540643 
-0.66328026 0.37560675 -0.03198719 -0.39292862 0.04595197 0.01055347 0.14009437 
0.97635930 0.35473359 0.99510927 -0.65724525 0.02831827 0.00001482 0.14902745 

----------
0.79983569 -0.99512179 -0.44123767 -0.41454035 0.01623682 0.01623682 0.01623682 
-0.66328026 0.37560675 -0.03198719 -0.39292862 0.04595197 0.04595197 0.04595197 
0.97635930 0.35473359 0.99510927 -0.65724525 0.02831827 0.02831827 0.02831827 

----------
0.68082586 -0.69148753 -0.14690974 -0.19193065 0.00572444 -0.04904202 0.05178298 
-0.64860620 0.64873788 -0.01737746 -0.39772397 0.09250335 0.04795804 0.05914444 
0.26610274 -0.03343025 0.70653856 -0.65510598 0.05303222 0.14984413 0.05212637 

----------
iteration: 29864, probabilities: [0.000014 0.000017 0.999114 0.000173 0.000682], probability: 0.9991137385368347