0.65756875 -0.03753285 0.11840563 -0.85101408 -0.00513495 -0.09329018 0.16795818 
-0.99997914 0.43716613 -0.07537298 -0.72646380 0.03655293 0.00899330 0.15166902 
0.71142574 0.49642254 0.45562664 -0.27570236 0.02088545 0.00210991 0.12814402 

----------
0.65756875 -0.03753285 0.11840563 -0.85101408 -0.00513495 -0.00513495 -0.00513495 
-0.99997914 0.43716613 -0.07537298 -0.72646380 0.03655293 0.03655293 0.03655293 
0.71142574 0.49642254 0.45562664 -0.27570236 0.02088545 0.02088545 0.02088545 

----------
0.58925052 0.00025211 0.00023072 -0.80798078 -0.04564178 -0.02894219 0.05202122 
-0.82413024 -0.00013699 -0.00051338 -0.56652986 0.11028446 -0.05254878 0.05204299 
0.69349042 0.69275142 0.12273907 -0.15573304 -0.05917240 0.07490514 0.05212170 

----------
iteration: 30981, probabilities: [0.000012 0.000014 0.999364 0.000130 0.000479], probability: 0.99936443567276