0.99313173 -0.25740846 -0.74251841 0.25984245 -0.01070803 0.02282323 0.14777942 
-0.59340720 0.11390765 0.49276491 -0.40761942 -0.06010087 0.02765344 0.13886188 
0.73365591 0.20739810 0.45001708 -0.03900852 0.01112269 -0.03965565 0.16266252 

----------
0.99313173 -0.25740846 -0.74251841 0.25984245 -0.01070803 -0.01070803 -0.01070803 
-0.59340720 0.11390765 0.49276491 -0.40761942 -0.06010087 -0.06010087 -0.06010087 
0.73365591 0.20739810 0.45001708 -0.03900852 0.01112269 0.01112269 0.01112269 

----------
0.31383354 -0.58570925 -0.39649083 0.63363358 0.02458112 0.01238561 0.05185342 
-0.27520115 0.56008623 0.43174708 -0.65141019 -0.14592024 -0.01503629 0.05184446 
0.99980551 -0.00000250 0.00009520 0.02668772 -0.07930618 0.09197373 0.05201144 

----------
iteration: 30435, probabilities: [0.000012 0.000013 0.999773 0.000045 0.000157], probability: 0.9997732043266296