0.88569536 -0.33388535 -0.06985349 -0.26163075 -0.00356561 -0.01998590 0.18005481 
-0.88517334 0.15584738 -0.33726370 -0.23087648 0.03600185 0.05680133 0.13575772 
0.32198769 0.15174610 0.94586019 -0.16117544 -0.02300419 -0.00647884 0.19186897 

----------
0.88569536 -0.33388535 -0.06985349 -0.26163075 -0.00356561 -0.00356561 -0.00356561 
-0.88517334 0.15584738 -0.33726370 -0.23087648 0.03600185 0.03600185 0.03600185 
0.32198769 0.15174610 0.94586019 -0.16117544 -0.02300419 -0.02300419 -0.02300419 

----------
0.98881863 0.00001439 0.00009466 -0.14966413 -0.06546561 -0.00802388 0.05201145 
-0.96555336 0.00002488 -0.00009245 -0.26049664 0.03870610 0.03222361 0.05201145 
0.00434364 -0.01254917 1.00007677 0.00167908 0.02868428 -0.11346448 0.05229663 

----------
iteration: 31202, probabilities: [0.000013 0.000013 0.999205 0.000181 0.000587], probability: 0.9992052912712097