0.88128650 -0.93265749 -0.47069084 -0.03869979 -0.01069815 -0.02129925 0.14232833 
-0.99710208 0.93712759 -0.27018517 -0.45943473 0.02351284 0.01669674 0.15718261 
0.94855115 0.00822070 0.92325698 0.02872083 0.01935435 -0.02804339 0.12967954 

----------
0.88128650 -0.93265749 -0.47069084 -0.03869979 -0.01069815 -0.01069815 -0.01069815 
-0.99710208 0.93712759 -0.27018517 -0.45943473 0.02351284 0.02351284 0.02351284 
0.94855115 0.00822070 0.92325698 0.02872083 0.01935435 0.01935435 0.01935435 

----------
0.64367476 -0.70556137 0.04808806 0.29273999 0.01471845 -0.06449770 0.05168877 
-0.66505189 0.69679262 -0.12079324 -0.24028058 -0.04357358 0.07602354 0.05187239 
0.70217983 0.06448406 0.70694624 0.05500396 0.10378577 0.02027230 0.09581714 

----------
iteration: 31337, probabilities: [0.000015 0.000015 0.998638 0.000274 0.001059], probability: 0.9986380934715271