0.35341661 0.63229596 -0.56871106 0.85396618 0.02829315 -0.00972978 0.15230597 
-0.47899681 -0.53885569 -0.90264139 -0.73246796 -0.02197808 0.00722320 0.17162195 
0.28757019 0.46761500 0.79188599 -0.99847450 -0.00041836 0.00501845 0.14218204 

----------
0.35341661 0.63229596 -0.56871106 0.85396618 0.02829315 0.02829315 0.02829315 
-0.47899681 -0.53885569 -0.90264139 -0.73246796 -0.02197808 -0.02197808 -0.02197808 
0.28757019 0.46761500 0.79188599 -0.99847450 -0.00041836 -0.00041836 -0.00041836 

----------
-0.32574114 -0.02849062 -0.70642007 0.62793532 -0.03075981 -0.11268536 0.05189518 
-0.51549026 -0.20572586 -0.67621471 -0.48449400 -0.10339743 0.01772587 0.05225626 
0.10803957 0.25228928 0.66067218 -0.69883326 0.05678188 0.06457328 0.05187054 

----------
iteration: 32930, probabilities: [0.000017 0.000014 0.997449 0.000548 0.001972], probability: 0.9974489808082581