0.96619599 0.24857046 -0.39875426 0.38836124 -0.00916627 0.01399767 0.15627088 
-0.48206520 -0.26062136 -0.69723466 -0.54887557 0.03290256 -0.03800075 0.17735696 
0.00954852 0.09751091 -0.47558397 -0.90392639 -0.03221465 0.00710163 0.18107614 

----------
0.96619599 0.24857046 -0.39875426 0.38836124 -0.00916627 -0.00916627 -0.00916627 
-0.48206520 -0.26062136 -0.69723466 -0.54887557 0.03290256 0.03290256 0.03290256 
0.00954852 0.09751091 -0.47558397 -0.90392639 -0.03221465 -0.03221465 -0.03221465 

----------
0.98753242 -0.00297292 0.00021629 0.15826022 -0.03743911 0.09391872 0.05221836 
-0.51626285 -0.20680997 -0.67587539 -0.48365855 0.07872372 0.03191653 0.05225629 
-0.12177576 0.24108128 -0.66445125 -0.69689401 -0.04455589 -0.05797083 0.05225625 

----------
iteration: 32346, probabilities: [0.000012 0.000014 0.999496 0.000097 0.000381], probability: 0.9994957447052002