0.22004748 0.74978173 -0.49886329 -0.32126110 -0.02478738 0.04028000 0.16723230 
-0.58382084 -0.52975804 0.06271734 -0.60292059 -0.05306310 0.02017089 0.15924847 
0.55154485 -0.15866926 0.45606102 -0.66148545 0.00349057 -0.02993765 0.13137511 

----------
0.22004748 0.74978173 -0.49886329 -0.32126110 -0.02478738 -0.02478738 -0.02478738 
-0.58382084 -0.52975804 0.06271734 -0.60292059 -0.05306310 -0.05306310 -0.05306310 
0.55154485 -0.15866926 0.45606102 -0.66148545 0.00349057 0.00349057 0.00349057 

----------
0.31247085 0.58465798 -0.39697584 -0.63493400 -0.02588351 0.05383153 0.05228454 
-0.61250719 -0.69980662 -0.10415544 -0.35266557 -0.02379838 -0.11645333 0.05177993 
0.41185238 -0.24090927 0.66522895 -0.57438343 0.09383212 -0.03376336 0.05198043 

----------
iteration: 33726, probabilities: [0.000012 0.000013 0.999110 0.000218 0.000648], probability: 0.9991100430488586