0.55277073 0.10866090 -0.12035541 0.33605811 0.00105102 0.01870608 0.17395175 
-0.28190493 -0.66967161 -0.02876804 0.07125753 0.07793851 0.05246639 0.14828972 
0.84759249 0.35345091 0.54963701 -0.61731448 0.02392613 -0.01363906 0.15351801 

----------
0.55277073 0.10866090 -0.12035541 0.33605811 0.00105102 0.00105102 0.00105102 
-0.28190493 -0.66967161 -0.02876804 0.07125753 0.07793851 0.07793851 0.07793851 
0.84759249 0.35345091 0.54963701 -0.61731448 0.02392613 0.02392613 0.02392613 

----------
0.88812959 -0.00004395 0.00008505 0.45970683 0.03377041 -0.03153018 0.05201145 
-0.60559923 -0.70669926 0.01576638 0.36578306 0.13138261 0.13870213 0.05225625 
0.75617912 -0.00041733 0.00155446 -0.65471440 -0.04628921 0.15204890 0.05210688 

----------
iteration: 33633, probabilities: [0.000016 0.000019 0.998562 0.000269 0.001134], probability: 0.998561680316925