0.99335191 0.24272086 -0.83991745 0.39047275 -0.01341268 -0.03376043 0.11863907 
0.09333868 -0.75090474 0.08327862 -0.52798003 -0.01375563 0.00774230 0.16328360 
0.59379003 -0.22616549 0.39530802 -0.98722415 -0.03989920 0.00044122 0.14756658 

----------
0.99335191 0.24272086 -0.83991745 0.39047275 -0.01341268 -0.01341268 -0.01341268 
0.09333868 -0.75090474 0.08327862 -0.52798003 -0.01375563 -0.01375563 -0.01375563 
0.59379003 -0.22616549 0.39530802 -0.98722415 -0.03989920 -0.03989920 -0.03989920 

----------
0.65861578 0.19887596 -0.67869343 0.25707144 -0.03460548 0.04813902 0.05139646 
0.61229183 -0.35578844 0.61099224 -0.35435522 0.03445868 -0.15363878 0.05189580 
0.76252187 0.00006441 0.00007457 -0.64727408 -0.15347990 -0.03980330 0.05201149 

----------
iteration: 34848, probabilities: [0.000010 0.000011 0.999486 0.000144 0.000348], probability: 0.9994864463806152