0.56525375 0.12047955 -0.78173390 0.65882366 0.08202508 -0.03412094 0.13961941 
-0.34504219 -0.67590702 -0.06015673 0.31089384 -0.01675688 0.02695538 0.18617543 
0.57198459 0.24772928 0.12848005 -0.70784389 0.00841359 0.03398399 0.16751900 

----------
0.56525375 0.12047955 -0.78173390 0.65882366 0.08202508 0.08202508 0.08202508 
-0.34504219 -0.67590702 -0.06015673 0.31089384 -0.01675688 -0.01675688 -0.01675688 
0.57198459 0.24772928 0.12848005 -0.70784389 0.00841359 0.00841359 0.00841359 

----------
0.46233060 0.02240689 -0.70090082 0.54269558 0.08529180 0.08413218 0.05242284 
-0.60766968 -0.70673145 0.01166796 0.36224192 0.02479665 -0.02203203 0.05225629 
0.63636632 0.00012597 -0.00001698 -0.77145445 -0.03831047 0.07769465 0.05201158 

----------
iteration: 34361, probabilities: [0.000012 0.000016 0.999581 0.000077 0.000314], probability: 0.9995813965797424