0.49319661 0.82530912 -0.40071074 0.48174086 0.00940704 0.00461007 0.15291929 
-0.50864676 -0.81327345 -0.12745295 -0.01771071 0.00587386 -0.01511786 0.17270703 
0.26799830 0.51337703 0.37655439 -0.88042097 -0.05858125 -0.01039258 0.13522428 

----------
0.49319661 0.82530912 -0.40071074 0.48174086 0.00940704 0.00940704 0.00940704 
-0.50864676 -0.81327345 -0.12745295 -0.01771071 0.00587386 0.00587386 0.00587386 
0.26799830 0.51337703 0.37655439 -0.88042097 -0.05858125 -0.05858125 -0.05858125 

----------
0.26054861 0.64407154 0.29051853 0.65808675 0.07192979 0.01087200 0.05248264 
-0.69967851 -0.65833719 -0.25731801 0.10462859 -0.00023860 0.10463807 0.05225556 
0.08571012 0.27334064 0.65222157 -0.70191601 -0.04014297 -0.11140383 0.05187274 

----------
iteration: 34444, probabilities: [0.000013 0.000015 0.999222 0.000155 0.000596], probability: 0.9992215633392334