0.87820167 -0.01139853 -0.64644939 -0.41366470 0.05654348 -0.00746483 0.17190329 
-0.35183316 -0.54294794 -0.34587009 0.01457638 0.02068360 0.00979969 0.17065352 
0.35820176 0.41686039 -0.16542739 -0.21364678 -0.05047584 -0.05116475 0.16053459 

----------
0.87820167 -0.01139853 -0.64644939 -0.41366470 0.05654348 0.05654348 0.05654348 
-0.35183316 -0.54294794 -0.34587009 0.01457638 0.02068360 0.02068360 0.02068360 
0.35820176 0.41686039 -0.16542739 -0.21364678 -0.05047584 -0.05047584 -0.05047584 

----------
0.50109482 0.32930405 -0.61922900 -0.50709393 0.06830779 0.01036055 0.05190518 
-0.70723134 -0.62191112 -0.33593218 0.01816863 -0.06571776 0.09581636 0.05225219 
0.53287464 0.69314174 -0.13845398 -0.46526270 -0.02591451 -0.09966573 0.05225384 

----------
iteration: 35535, probabilities: [0.000013 0.000013 0.999139 0.000181 0.000653], probability: 0.9991393089294434