0.59339329 0.99047374 -0.97101380 0.83016614 -0.01636748 -0.00960436 0.13683731 
-0.50462587 -0.58945060 -0.65540974 -0.23333377 0.01969398 -0.04270360 0.13922341 
-0.03739840 -0.29822158 -0.26908908 -0.99700823 0.01779759 0.00947321 0.16159577 

----------
0.59339329 0.99047374 -0.97101380 0.83016614 -0.01636748 -0.01636748 -0.01636748 
-0.50462587 -0.58945060 -0.65540974 -0.23333377 0.01969398 0.01969398 0.01969398 
-0.03739840 -0.29822158 -0.26908908 -0.99700823 0.01779759 0.01779759 0.01779759 

----------
-0.25191188 -0.09136231 -0.70128031 0.66083153 -0.16370432 -0.05281469 0.05170001 
-0.64175645 -0.40803932 -0.57715731 -0.29770839 -0.03321971 0.10177820 0.05225624 
-0.29806550 0.00009054 -0.00003178 -0.95468636 0.05684034 -0.03521630 0.05201147 

----------
iteration: 37768, probabilities: [0.000017 0.000013 0.997937 0.000476 0.001558], probability: 0.9979370832443237