0.65508729 0.59683774 -0.62235447 0.12577276 0.06368679 0.00373875 0.15412438 
-0.63831252 -0.98480637 -0.44832005 -0.94676146 0.00927426 -0.04793043 0.13229858 
-0.21835374 -0.16859276 0.32516962 -0.99998634 -0.01631977 -0.01674089 0.15713206 

----------
0.65508729 0.59683774 -0.62235447 0.12577276 0.06368679 0.06368679 0.06368679 
-0.63831252 -0.98480637 -0.44832005 -0.94676146 0.00927426 0.00927426 0.00927426 
-0.21835374 -0.16859276 0.32516962 -0.99998634 -0.01631977 -0.01631977 -0.01631977 

----------
0.78010709 0.48521758 -0.37387349 0.12756606 0.09813425 0.13210861 0.06046069 
-0.58377782 -0.54262314 -0.45276483 -0.39977949 0.06304743 -0.02278829 0.05112856 
-0.16138534 -0.00034820 -0.00036507 -0.98702389 -0.08166614 0.03597210 0.05203105 

----------
iteration: 37588, probabilities: [0.000014 0.000017 0.999194 0.000151 0.000624], probability: 0.9991940855979919