0.48430685 0.29106591 -0.96052076 0.82588386 0.04316025 -0.00755483 0.18417686 
-0.12762156 -0.95858839 -0.30721405 -0.19851332 -0.01479316 0.00535752 0.19321710 
0.12903028 0.30037752 0.46995961 -0.91205483 0.00955335 0.00884377 0.13313825 

----------
0.48430685 0.29106591 -0.96052076 0.82588386 0.04316025 0.04316025 0.04316025 
-0.12762156 -0.95858839 -0.30721405 -0.19851332 -0.01479316 -0.01479316 -0.01479316 
0.12903028 0.30037752 0.46995961 -0.91205483 0.00955335 0.00955335 0.00955335 

----------
0.26653257 0.11778589 -0.69581774 0.65649330 0.08003102 0.05660731 0.05214850 
-0.00021206 -0.95182262 -0.30701476 -0.00016339 0.01264987 -0.08489515 0.05198002 
0.06924501 0.28803990 0.64583648 -0.70370798 -0.04142390 0.03239855 0.05186455 

----------
iteration: 37371, probabilities: [0.000018 0.000016 0.997269 0.000533 0.002164], probability: 0.9972690939903259