0.56575981 0.43262099 -0.59664935 0.49820860 0.04258235 -0.06767458 0.16467356 
-0.12934610 -0.71288142 -0.08979330 -0.62226870 0.03138596 0.07799710 0.16164767 
0.11973132 0.31105182 0.23106943 -0.93422196 -0.06226775 -0.00888107 0.16800235 

----------
0.56575981 0.43262099 -0.59664935 0.49820860 0.04258235 0.04258235 0.04258235 
-0.12934610 -0.71288142 -0.08979330 -0.62226870 0.03138596 0.03138596 0.03138596 
0.11973132 0.31105182 0.23106943 -0.93422196 -0.06226775 -0.06226775 -0.06226775 

----------
0.53079799 0.41867906 -0.56999897 0.46697609 0.09923864 0.02967961 0.05140111 
0.14328577 -0.63737047 -0.30646182 -0.69240162 -0.03168359 0.07167533 0.05161481 
-0.01724198 0.00011961 -0.00003921 -0.99992133 -0.02221844 -0.04696039 0.05201199 

----------
iteration: 37198, probabilities: [0.000011 0.000017 0.999718 0.000057 0.000197], probability: 0.9997182488441467