0.76265752 0.59039658 -0.98463948 0.55311720 -0.01809499 -0.00614825 0.14679771 
-0.13165070 -0.73198136 -0.43180359 0.17565708 -0.01512645 0.00620096 0.15058410 
0.29052552 -0.57319795 0.37222913 -0.95470976 0.04175667 0.01443337 0.13937996 

----------
0.76265752 0.59039658 -0.98463948 0.55311720 -0.01809499 -0.01809499 -0.01809499 
-0.13165070 -0.73198136 -0.43180359 0.17565708 -0.01512645 -0.01512645 -0.01512645 
0.29052552 -0.57319795 0.37222913 -0.95470976 0.04175667 0.04175667 0.04175667 

----------
0.66519132 0.43366652 -0.55844731 0.24008393 0.03976749 -0.06581753 0.05202293 
-0.00578516 -0.83457281 -0.55101388 0.00229409 -0.08943156 -0.01812598 0.05248473 
0.10155116 -0.50204277 0.49271366 -0.70353334 0.08560964 0.05730354 0.05250536 

----------
iteration: 38359, probabilities: [0.000021 0.000016 0.991766 0.001763 0.006435], probability: 0.991765558719635