0.70364110 -0.78072767 0.01211474 0.26621760 0.00338515 -0.07433707 0.15052050 
-0.31272273 0.03802166 -0.43928482 -0.33160784 0.01974971 -0.04278706 0.15169024 
-0.28241888 -0.21686562 0.06414294 -0.77862745 0.01393947 -0.07890615 0.14636113 

----------
0.70364110 -0.78072767 0.01211474 0.26621760 0.00338515 0.00338515 0.00338515 
-0.31272273 0.03802166 -0.43928482 -0.33160784 0.01974971 0.01974971 0.01974971 
-0.28241888 -0.21686562 0.06414294 -0.77862745 0.01393947 0.01393947 0.01393947 

----------
0.75856873 0.00009893 0.00003553 -0.65258183 0.02452308 -0.12199421 0.05201167 
-0.38934444 -0.04358697 -0.70551851 -0.59071308 0.07695707 0.07252912 0.05225624 
-0.31661520 0.00102216 0.00042192 -0.94873610 -0.07626998 0.02647764 0.05207545 

----------
iteration: 39237, probabilities: [0.000013 0.000014 0.999277 0.000151 0.000544], probability: 0.9992774128913879