0.39339766 -0.95612930 -0.01082144 -0.41348669 0.00549505 -0.02468577 0.16041365 
0.05519362 -0.89776994 0.43225271 -0.22733886 0.03834878 0.03151602 0.15276965 
0.15160803 -0.74291109 0.47977287 -0.67111502 0.01113643 -0.01930037 0.17618573 

----------
0.39339766 -0.95612930 -0.01082144 -0.41348669 0.00549505 0.00549505 0.00549505 
0.05519362 -0.89776994 0.43225271 -0.22733886 0.03834878 0.03834878 0.03834878 
0.15160803 -0.74291109 0.47977287 -0.67111502 0.01113643 0.01113643 0.01113643 

----------
0.66606582 -0.61983924 0.34221629 -0.23553450 0.07508812 0.01224832 0.05123994 
0.00073307 -0.75702482 0.65351494 0.00075342 0.14148704 0.09376005 0.05195121 
0.37896891 -0.03288090 0.70622902 -0.59731558 -0.11979974 -0.07784154 0.05189534 

----------
iteration: 39029, probabilities: [0.000011 0.000017 0.999677 0.000071 0.000224], probability: 0.9996770620346069