0.01685883 -0.98014314 -0.04615198 -0.46649641 0.01060163 -0.01780987 0.18725976 
-0.20876728 -0.74847356 -0.82717495 -0.55872021 -0.00104215 -0.04507246 0.15262329 
-0.05046304 -0.36804183 0.48359566 -0.75415430 -0.00649140 0.02822809 0.15482271 

----------
0.01685883 -0.98014314 -0.04615198 -0.46649641 0.01060163 0.01060163 0.01060163 
-0.20876728 -0.74847356 -0.82717495 -0.55872021 -0.00104215 -0.00104215 -0.00104215 
-0.05046304 -0.36804183 0.48359566 -0.75415430 -0.00649140 -0.00649140 -0.00649140 

----------
-0.58351714 -0.30661787 -0.63696920 -0.40015962 0.02796379 0.15431876 0.05225626 
-0.40565788 -0.00018848 -0.00036868 -0.91425666 -0.13678308 -0.13694194 0.05202764 
0.37630720 -0.03025681 0.70654105 -0.59868745 -0.12161230 0.00851468 0.05187241 

----------
iteration: 39131, probabilities: [0.000017 0.000013 0.998609 0.000313 0.001048], probability: 0.9986086487770081