0.72499922 -0.59098860 0.57136407 -0.27773720 -0.07349981 0.03812560 0.12789931 
0.49988087 -0.72076847 -0.73112360 -0.38255230 -0.01652484 0.00371817 0.12934937 
0.01904480 -0.94181766 0.24796829 -0.99504420 0.04272356 0.00036767 0.17153850 

----------
0.72499922 -0.59098860 0.57136407 -0.27773720 -0.07349981 -0.07349981 -0.07349981 
0.49988087 -0.72076847 -0.73112360 -0.38255230 -0.01652484 -0.01652484 -0.01652484 
0.01904480 -0.94181766 0.24796829 -0.99504420 0.04272356 0.04272356 0.04272356 

----------
0.67320059 -0.47765604 0.52143771 -0.21626733 -0.11211553 -0.09233202 0.05187241 
0.55248358 -0.47755179 -0.52148497 -0.44143549 0.01467649 -0.07635681 0.05143601 
0.22739257 -0.57335748 0.40853135 -0.67283187 0.04359091 0.04995551 0.05245707 

----------
iteration: 40329, probabilities: [0.000012 0.000013 0.998589 0.000353 0.001033], probability: 0.9985888600349426