0.11922156 -0.80484751 0.63797953 -0.61374641 0.01252501 0.01020618 0.16613126 
0.90317990 -0.55773856 -0.46274934 -0.99880701 0.05863946 -0.01896401 0.18820152 
-0.74656091 -0.75336663 0.01767142 -0.53811820 -0.00967597 -0.05442884 0.14575575 

----------
0.11922156 -0.80484751 0.63797953 -0.61374641 0.01252501 0.01252501 0.01252501 
0.90317990 -0.55773856 -0.46274934 -0.99880701 0.05863946 0.05863946 0.05863946 
-0.74656091 -0.75336663 0.01767142 -0.53811820 -0.00967597 -0.00967597 -0.00967597 

----------
0.38243400 -0.03744481 0.70623633 -0.59487184 -0.10536275 0.02307446 0.05187241 
-0.17118345 0.19079365 -0.68078359 -0.68637255 0.00839125 0.08778401 0.05224039 
-0.70453343 -0.57845047 -0.40625032 -0.06444829 0.00179381 -0.03936783 0.05225627 

----------
iteration: 40991, probabilities: [0.000009 0.000017 0.999860 0.000025 0.000090], probability: 0.9998595714569092