0.37188398 -0.14359181 0.99846050 0.45634395 -0.00732080 -0.02648671 0.17277269 
0.37632173 -0.93746476 -0.62233858 -0.42880610 -0.00970584 0.01672179 0.15370025 
-0.99595881 0.07376723 0.66088876 0.19924452 -0.02871344 -0.02693690 0.19886189 

----------
0.37188398 -0.14359181 0.99846050 0.45634395 -0.00732080 -0.00732080 -0.00732080 
0.37632173 -0.93746476 -0.62233858 -0.42880610 -0.00970584 -0.00970584 -0.00970584 
-0.99595881 0.07376723 0.66088876 0.19924452 -0.02871344 -0.02871344 -0.02871344 

----------
0.29024791 -0.06936493 0.70343640 0.64518745 -0.00100519 -0.13184403 0.05225434 
-0.10466453 0.24771947 -0.66850948 -0.69366843 -0.23130368 -0.03808795 0.05297272 
-0.64800481 -0.31086790 0.63362155 0.28656446 0.01849352 -0.00940210 0.05214665 

----------
iteration: 41039, probabilities: [0.000010 0.000016 0.999755 0.000066 0.000153], probability: 0.9997552037239075