0.02668458 0.76644912 -0.07377511 -0.79112671 0.04556626 -0.03512203 0.15074329 
-0.18929741 -0.19161432 -0.73456299 0.09907588 0.06212741 -0.02846109 0.17425276 
0.29984524 -0.99602298 -0.19069932 -0.73952785 0.01441852 -0.00731885 0.16943366 

----------
0.02668458 0.76644912 -0.07377511 -0.79112671 0.04556626 0.04556626 0.04556626 
-0.18929741 -0.19161432 -0.73456299 0.09907588 0.06212741 0.06212741 0.06212741 
0.29984524 -0.99602298 -0.19069932 -0.73952785 0.01441852 0.01441852 0.01441852 

----------
0.39643331 0.00008794 0.00003791 -0.91835411 0.19246856 0.05692850 0.05201145 
-0.00096562 -0.07390797 -0.99734068 0.00008038 0.09071021 0.09750199 0.05194862 
0.22821098 -0.68559045 -0.17352604 -0.66920050 -0.05521667 0.01203810 0.05138149 

----------
iteration: 41834, probabilities: [0.000010 0.000026 0.999792 0.000042 0.000129], probability: 0.9997921586036682