0.10687605 -0.30944461 0.86623486 0.08636160 0.01102715 -0.06825229 0.16170929 
0.80045888 -0.48505317 -0.79894705 -0.40788619 -0.04734359 0.02250687 0.18244759 
-0.83959033 -0.45780486 -0.62743118 -0.87789527 0.01853106 -0.00507345 0.15627777 

----------
0.10687605 -0.30944461 0.86623486 0.08636160 0.01102715 0.01102715 0.01102715 
0.80045888 -0.48505317 -0.79894705 -0.40788619 -0.04734359 -0.04734359 -0.04734359 
-0.83959033 -0.45780486 -0.62743118 -0.87789527 0.01853106 0.01853106 0.01853106 

----------
0.00366291 -0.33754669 0.94134100 -0.00096680 0.06524627 -0.02936782 0.05220634 
0.63270156 -0.37002199 -0.60271820 -0.31546343 -0.08423208 -0.04622495 0.05140133 
-0.56969441 -0.28505151 -0.64679998 -0.41943835 0.03189913 0.09678138 0.05225626 

----------
iteration: 41380, probabilities: [0.000014 0.000014 0.999142 0.000164 0.000666], probability: 0.9991416931152344