-0.36066108 0.25043957 -0.21751198 -0.49793076 -0.09988295 -0.02117088 0.12905235 
0.72915328 0.00023354 -0.52494957 0.24296079 -0.01127291 0.05667438 0.17932984 
-0.01902506 -0.64615999 0.37751449 -0.94196208 0.00672016 -0.01262342 0.16451223 

----------
-0.36066108 0.25043957 -0.21751198 -0.49793076 -0.09988295 -0.09988295 -0.09988295 
0.72915328 0.00023354 -0.52494957 0.24296079 -0.01127291 -0.01127291 -0.01127291 
-0.01902506 -0.64615999 0.37751449 -0.94196208 0.00672016 0.00672016 0.00672016 

----------
-0.66912719 0.00006979 -0.00006958 -0.74336964 -0.08832887 -0.17721173 0.05201154 
0.27514592 -0.55080187 -0.44355928 0.65151661 -0.11082831 0.12383081 0.05170495 
0.49691737 -0.18250223 0.68325651 -0.50313742 0.02915915 -0.10518061 0.05187023 

----------
iteration: 42793, probabilities: [0.000008 0.000015 0.999788 0.000053 0.000136], probability: 0.9997875094413757