0.19619685 0.57182650 -0.22904688 -0.68889424 0.06163812 0.01008064 0.15256010 
0.87124268 0.35974186 -0.15266495 0.10884633 0.01717115 0.01159471 0.16686086 
-0.25701882 -0.47110391 0.26167511 -0.12177385 0.03252709 -0.00860965 0.15755908 

----------
0.19619685 0.57182650 -0.22904688 -0.68889424 0.06163812 0.06163812 0.06163812 
0.87124268 0.35974186 -0.15266495 0.10884633 0.01717115 0.01717115 0.01717115 
-0.25701882 -0.47110391 0.26167511 -0.12177385 0.03252709 0.03252709 0.03252709 

----------
0.34373717 0.60539780 -0.36485244 -0.61833928 -0.01603076 0.00410417 0.05225639 
0.99970269 -0.00000304 0.00009475 0.02751145 0.02352614 0.16009336 0.05201143 
-0.70765675 -0.62212008 -0.33497228 0.01800101 0.20603358 0.08267294 0.05227831 

----------
iteration: 42003, probabilities: [0.000018 0.000021 0.997074 0.000585 0.002302], probability: 0.9970740079879761