0.45599826 0.35199285 -0.31524431 -0.53465983 -0.00535716 0.02980653 0.16943943 
0.59516204 -0.22431896 -0.88814132 0.26293959 0.02426743 0.00107446 0.15636090 
-0.37652651 -0.74450384 -0.00103650 -0.69880648 -0.03476431 -0.00901615 0.15649561 

----------
0.45599826 0.35199285 -0.31524431 -0.53465983 -0.00535716 -0.00535716 -0.00535716 
0.59516204 -0.22431896 -0.88814132 0.26293959 0.02426743 0.02426743 0.02426743 
-0.37652651 -0.74450384 -0.00103650 -0.69880648 -0.03476431 -0.03476431 -0.03476431 

----------
0.35819016 0.61387531 -0.35037243 -0.61006679 -0.07966206 0.05942270 0.05225491 
0.36638471 -0.61798707 -0.34391136 0.60486686 0.09465955 0.09188392 0.05187244 
-0.52757372 -0.65915595 -0.27995668 -0.45705883 -0.01684076 -0.06755063 0.05287453 

----------
iteration: 42904, probabilities: [0.000024 0.000017 0.993372 0.001185 0.005401], probability: 0.9933720827102661