0.45459348 0.62922098 -0.53350296 -0.41113795 -0.02349727 0.04489745 0.17249633 
0.67222144 -0.22542002 -0.51420655 0.90035966 0.02411662 -0.04312169 0.16133003 
0.42846381 -0.32243071 0.06024586 -0.90454861 -0.00239696 -0.02095194 0.16010902 

----------
0.45459348 0.62922098 -0.53350296 -0.41113795 -0.02349727 -0.02349727 -0.02349727 
0.67222144 -0.22542002 -0.51420655 0.90035966 0.02411662 0.02411662 0.02411662 
0.42846381 -0.32243071 0.06024586 -0.90454861 -0.00239696 -0.00239696 -0.00239696 

----------
0.39588591 0.63464364 -0.31116113 -0.58629756 -0.06853169 -0.06695567 0.05225581 
0.15373204 -0.47554420 -0.52342370 0.69021675 -0.03093520 0.09232540 0.05187241 
0.48089724 -0.00040185 0.00438644 -0.87688237 0.03683691 -0.05549363 0.05236364 

----------
iteration: 42416, probabilities: [0.000012 0.000013 0.999482 0.000119 0.000373], probability: 0.9994822144508362