0.22569881 0.23496016 -0.33509634 -0.84453598 0.00479674 0.03366063 0.13789033 
0.90679952 -0.09056015 -0.46840868 0.07757027 -0.03164305 -0.03929091 0.15520379 
-0.06259125 -0.61630665 -0.13613774 -0.29512006 -0.02712712 -0.02583372 0.17721876 

----------
0.22569881 0.23496016 -0.33509634 -0.84453598 0.00479674 0.00479674 0.00479674 
0.90679952 -0.09056015 -0.46840868 0.07757027 -0.03164305 -0.03164305 -0.03164305 
-0.06259125 -0.61630665 -0.13613774 -0.29512006 -0.02712712 -0.02712712 -0.02712712 

----------
0.16579287 0.48571598 -0.51351147 -0.68774842 0.03094978 0.05129562 0.05225546 
0.62849246 -0.43702737 -0.55475731 0.32615507 -0.05730801 -0.04672307 0.05197911 
-0.39454486 0.63375887 0.31459202 -0.58683139 -0.34622884 0.07651292 0.05186520 

----------
iteration: 43462, probabilities: [0.000024 0.000013 0.995873 0.001199 0.002891], probability: 0.9958729147911072