-0.17011364 0.33579395 -0.34292511 -0.21792968 0.02041086 -0.00633428 0.16236094 
0.78391981 0.00661052 -0.79210720 -0.05756301 0.03182505 -0.01565463 0.17121305 
0.14257467 -0.37148358 -0.03225070 -0.93775791 -0.00270202 0.00213905 0.17874532 

----------
-0.17011364 0.33579395 -0.34292511 -0.21792968 0.02041086 0.02041086 0.02041086 
0.78391981 0.00661052 -0.79210720 -0.05756301 0.03182505 0.03182505 0.03182505 
0.14257467 -0.37148358 -0.03225070 -0.93775791 -0.00270202 -0.00270202 -0.00270202 

----------
-0.00029513 0.51195472 -0.85916551 -0.00020849 -0.02451643 0.14539684 0.05195922 
0.42067468 -0.64609878 -0.28754459 0.56850439 0.10955885 0.16223889 0.05184888 
0.12081987 0.00009505 0.00001151 -0.99277854 -0.04421719 -0.07811090 0.05201145 

----------
iteration: 43468, probabilities: [0.000012 0.000020 0.999710 0.000050 0.000207], probability: 0.9997100234031677