0.16901085 0.39818482 -0.29100006 -0.82197392 0.05520721 0.02792214 0.13657984 
0.36308866 0.25029778 -0.99851471 0.72325308 -0.04696630 0.00472189 0.12788634 
-0.08092568 -0.73400813 0.09102185 -0.20446299 -0.04923212 -0.03241154 0.16937749 

----------
0.16901085 0.39818482 -0.29100006 -0.82197392 0.05520721 0.05520721 0.05520721 
0.36308866 0.25029778 -0.99851471 0.72325308 -0.04696630 -0.04696630 -0.04696630 
-0.08092568 -0.73400813 0.09102185 -0.20446299 -0.04923212 -0.04923212 -0.04923212 

----------
0.19131197 0.50452236 -0.49503795 -0.68108752 0.03485641 0.08445837 0.05225626 
-0.04104013 -0.31129566 -0.63507668 0.70592641 -0.17590945 0.01089103 0.05184026 
-0.49486460 -0.66630790 0.23652672 0.50557434 0.12308658 -0.02024340 0.05210665 

----------
iteration: 43408, probabilities: [0.000028 0.000017 0.984697 0.003160 0.012097], probability: 0.9846974611282349