0.20494943 0.43264347 -0.83066075 -0.88572594 -0.03428931 -0.03303136 0.17953731 
0.75587794 -0.17500528 -0.29563053 0.09229658 -0.03993150 0.01898381 0.16103274 
0.26385040 -0.42522119 -0.17085614 -0.58708801 -0.00416611 -0.08513270 0.15626656 

----------
0.20494943 0.43264347 -0.83066075 -0.88572594 -0.03428931 -0.03428931 -0.03428931 
0.75587794 -0.17500528 -0.29563053 0.09229658 -0.03993150 -0.03993150 -0.03993150 
0.26385040 -0.42522119 -0.17085614 -0.58708801 -0.00416611 -0.00416611 -0.00416611 

----------
0.09098833 0.42776547 -0.56266695 -0.70155106 -0.07609450 0.02861575 0.05225626 
0.98321420 -0.00001739 0.00009412 0.18301592 -0.01541764 -0.10406971 0.05201145 
0.70817403 -0.62682858 0.32252233 -0.04321059 0.16006661 -0.04400184 0.05229776 

----------
iteration: 43512, probabilities: [0.000012 0.000016 0.999620 0.000091 0.000261], probability: 0.9996204376220703