0.86202213 0.98191487 0.11689304 -0.25814988 0.02061343 0.00444634 0.11749193 
0.27160562 -0.58719188 -0.00939965 -0.07799884 0.05666708 0.00267040 0.14894563 
0.84273424 0.32509840 -0.17693270 -0.98541893 -0.00862605 0.03334397 0.16840034 

----------
0.86202213 0.98191487 0.11689304 -0.25814988 0.02061343 0.02061343 0.02061343 
0.27160562 -0.58719188 -0.00939965 -0.07799884 0.05666708 0.05666708 0.05666708 
0.84273424 0.32509840 -0.17693270 -0.98541893 -0.00862605 -0.00862605 -0.00862605 

----------
0.66565519 0.69592393 0.12354517 -0.23948448 -0.00758533 0.06444670 0.05225626 
0.69472153 -0.66976295 0.22708467 0.13198069 0.15642884 0.02447703 0.05184629 
0.61314336 0.00012056 0.00002190 -0.79011065 0.00205854 -0.05874886 0.05201218 

----------
iteration: 44573, probabilities: [0.000013 0.000015 0.999342 0.000132 0.000498], probability: 0.999342143535614