0.47350695 0.21671383 0.00046854 -0.66899202 -0.04444192 -0.01887142 0.16490983 
0.17912569 -0.31156083 0.17311037 -0.53170397 -0.04299705 0.02488598 0.17767640 
0.34250484 0.05477471 -0.37540919 -0.94591844 -0.02600789 -0.01900332 0.12844530 

----------
0.47350695 0.21671383 0.00046854 -0.66899202 -0.04444192 -0.04444192 -0.04444192 
0.17912569 -0.31156083 0.17311037 -0.53170397 -0.04299705 -0.04299705 -0.04299705 
0.34250484 0.05477471 -0.37540919 -0.94591844 -0.02600789 -0.02600789 -0.02600789 

----------
0.56598766 0.00007934 0.00005282 -0.82450956 0.00763127 0.06341753 0.05201143 
0.56877395 -0.28519311 0.64690182 -0.42058665 0.03449928 -0.15905984 0.05189541 
0.36719889 0.00008833 0.00003388 -0.93023881 -0.09608378 -0.11076432 0.05201145 

----------
iteration: 45308, probabilities: [0.000009 0.000012 0.999413 0.000163 0.000403], probability: 0.9994131326675415