0.49409768 -0.55316276 0.92595755 0.89400201 -0.00530449 0.00310245 0.17376438 
-0.48640495 0.97362597 0.22078092 0.30370423 0.01678092 0.01779765 0.17662650 
0.06637576 0.65909285 -0.99995973 0.01195768 0.01742129 -0.08279287 0.14509281 

----------
0.49409768 -0.55316276 0.92595755 0.89400201 -0.00530449 -0.00530449 -0.00530449 
-0.48640495 0.97362597 0.22078092 0.30370423 0.01678092 0.01678092 0.01678092 
0.06637576 0.65909285 -0.99995973 0.01195768 0.01742129 0.01742129 0.01742129 

----------
0.19079949 -0.17351799 0.68527523 0.68130840 0.10805856 0.05626685 0.05225625 
-0.07647703 -0.29666381 0.64207460 0.70307318 -0.20954610 -0.06440162 0.05161912 
-0.00092096 0.53713923 -0.84352319 -0.00050946 0.02401917 -0.06897474 0.05195181 

----------
iteration: 47350, probabilities: [0.000057 0.000028 0.998716 0.000511 0.000688], probability: 0.9987161159515381