0.99798858 -0.20916660 -0.14817521 0.85033188 -0.00963135 0.02856096 0.17142751 
-0.23534128 -0.90510111 -0.29657860 -0.79315249 0.00220511 0.03601804 0.15609220 
0.10317567 0.64291466 0.01578803 0.45224035 -0.02634180 0.05900997 0.18994538 

----------
0.99798858 -0.20916660 -0.14817521 0.85033188 -0.00963135 -0.00963135 -0.00963135 
-0.23534128 -0.90510111 -0.29657860 -0.79315249 0.00220511 0.00220511 0.00220511 
0.10317567 0.64291466 0.01578803 0.45224035 -0.02634180 -0.02634180 -0.02634180 

----------
0.73749218 -0.00006437 0.00007065 0.67541046 -0.05468051 -0.07432989 0.05201145 
-0.18542686 -0.52440095 -0.47459694 -0.68225784 0.04359096 -0.01814801 0.05216076 
0.11440118 0.70484605 0.05750921 0.69779276 -0.03222316 0.08775861 0.05160799 

----------
iteration: 47752, probabilities: [0.000037 0.000036 0.999688 0.000095 0.000145], probability: 0.9996882677078247