-0.87580183 0.06360996 -0.55886037 -0.51398135 -0.01722856 -0.00673425 0.18662359 
0.04096607 -0.50701612 -0.61872818 -0.31540475 -0.00762948 0.03014870 0.19625727 
0.11956237 -0.39213963 0.26388504 0.96028955 0.02409552 -0.00164395 0.15719255 

----------
-0.87580183 0.06360996 -0.55886037 -0.51398135 -0.01722856 -0.01722856 -0.01722856 
0.04096607 -0.50701612 -0.61872818 -0.31540475 -0.00762948 -0.00762948 -0.00762948 
0.11956237 -0.39213963 0.26388504 0.96028955 0.02409552 0.02409552 0.02409552 

----------
-0.52553497 -0.00020510 0.00199228 -0.85112115 -0.03265631 -0.14468285 0.05213348 
-0.64613079 -0.41651187 -0.57117726 -0.28829919 -0.16232638 0.06356310 0.05225612 
-0.24664439 -0.00009198 -0.00002300 0.96934965 0.11775095 0.04132073 0.05201144 

----------
iteration: 48037, probabilities: [0.000070 0.000029 0.997844 0.000810 0.001246], probability: 0.9978444576263428