0.37957911 -0.12742061 -0.46890282 0.39911094 -0.02437312 -0.01286626 0.18035966 
0.96966789 -0.45253620 -0.50958047 -0.06149730 -0.01818847 0.01494032 0.14725166 
0.32538043 -0.95057168 -0.48894597 0.24004610 0.03963305 -0.05856214 0.14149642 

----------
0.37957911 -0.12742061 -0.46890282 0.39911094 -0.02437312 -0.02437312 -0.02437312 
0.96966789 -0.45253620 -0.50958047 -0.06149730 -0.01818847 -0.01818847 -0.01818847 
0.32538043 -0.95057168 -0.48894597 0.24004610 0.03963305 0.03963305 0.03963305 

----------
0.17696808 -0.49296006 -0.50705497 0.68462741 -0.11292004 0.05971809 0.05187241 
0.71384775 -0.69855388 0.04793327 0.01958403 0.07139016 -0.03197609 0.05177820 
0.52545176 -0.69094209 -0.15077935 0.47329955 0.12004361 0.08250479 0.05187139 

----------
iteration: 49619, probabilities: [0.000059 0.000048 0.999575 0.000119 0.000200], probability: 0.999574601650238