0.88777000 0.41557129 -0.55723545 0.10602533 -0.02055889 0.02112280 0.16283298 
0.56644174 0.16288340 -0.44265791 0.12444659 0.05538985 -0.03523278 0.14718802 
0.49350612 -0.67009266 0.50384873 -0.34132450 0.04210678 0.07691064 0.13135340 

----------
0.88777000 0.41557129 -0.55723545 0.10602533 -0.02055889 -0.02055889 -0.02055889 
0.56644174 0.16288340 -0.44265791 0.12444659 0.05538985 0.05538985 0.05538985 
0.49350612 -0.67009266 0.50384873 -0.34132450 0.04210678 0.04210678 0.04210678 

----------
0.54563169 0.69681250 -0.11889153 -0.45037953 -0.03492040 -0.13247320 0.05225624 
0.51868373 0.68795861 -0.16230233 -0.48126190 0.17473805 0.02046387 0.05224968 
0.66795456 -0.46527778 0.53254889 -0.23205058 0.01870907 -0.00450248 0.05187240 

----------
iteration: 49413, probabilities: [0.000071 0.000030 0.997004 0.001129 0.001766], probability: 0.9970037341117859