0.12212381 0.70278316 -0.41264612 0.07634481 0.01951213 0.00640932 0.16331489 
0.97043774 0.08980439 -0.61136596 0.56513460 -0.01234978 -0.00951395 0.17059544 
0.56534673 -0.86902443 0.64423569 -0.20571279 -0.02986514 0.00783206 0.14461587 

----------
0.12212381 0.70278316 -0.41264612 0.07634481 0.01951213 0.01951213 0.01951213 
0.97043774 0.08980439 -0.61136596 0.56513460 -0.01234978 -0.01234978 -0.01234978 
0.56534673 -0.86902443 0.64423569 -0.20571279 -0.02986514 -0.02986514 -0.02986514 

----------
-0.00143142 0.84576835 -0.53371842 -0.00090163 0.07364491 0.00682608 0.05202820 
0.20866333 -0.51606559 -0.48359939 0.67570158 -0.14503973 0.10136928 0.05187203 
0.69130310 -0.52684431 0.47174141 -0.14873521 -0.04564238 -0.11335494 0.05187236 

----------
iteration: 49663, probabilities: [0.000114 0.000036 0.994003 0.002202 0.003645], probability: 0.9940033555030823