0.64344426 0.84787692 -0.61805165 0.00514272 0.01698675 0.01002109 0.15388978 
0.75361421 -0.05587532 -0.76039666 0.15045753 0.01570536 0.02492254 0.12449205 
0.29914938 -0.50011736 -0.10832785 0.43078050 0.00652717 0.01135512 0.14597336 

----------
0.64344426 0.84787692 -0.61805165 0.00514272 0.01698675 0.01698675 0.01698675 
0.75361421 -0.05587532 -0.76039666 0.15045753 0.01570536 0.01570536 0.01570536 
0.29914938 -0.50011736 -0.10832785 0.43078050 0.00652717 0.00652717 0.00652717 

----------
0.64235178 0.70412807 0.06247950 -0.29658026 0.12790882 -0.05763260 0.05225626 
0.31598137 -0.58801377 -0.39290248 0.63267019 0.04493972 0.18160716 0.05188499 
0.46788093 -0.66920632 -0.22875967 0.53024562 -0.07567360 -0.00750010 0.05187351 

----------
iteration: 50158, probabilities: [0.000183 0.000052 0.985595 0.004324 0.009847], probability: 0.9855945110321045