0.84968767 0.53294632 -0.65794111 0.62157265 0.02520546 -0.03377872 0.14395853 
0.17855369 -0.46427456 -0.97252406 0.31822878 0.06996149 0.03166308 0.16997578 
0.48467655 -0.53269871 0.97990062 -0.29980422 0.03603763 0.01457893 0.16114022 

----------
0.84968767 0.53294632 -0.65794111 0.62157265 0.02520546 0.02520546 0.02520546 
0.17855369 -0.46427456 -0.97252406 0.31822878 0.06996149 0.06996149 0.06996149 
0.48467655 -0.53269871 0.97990062 -0.29980422 0.03603763 0.03603763 0.03603763 

----------
-0.15630806 -0.20659877 -0.67592373 0.69023811 -0.17147412 0.02539390 0.05191895 
-0.94845365 0.00002783 -0.00009261 -0.31771397 -0.15284685 0.13284821 0.05201148 
0.59129985 -0.32151787 0.62986395 -0.38779488 0.05966964 -0.01157665 0.05187241 

----------
iteration: 50126, probabilities: [0.000052 0.000039 0.999564 0.000117 0.000228], probability: 0.999563992023468