0.99685898 0.74874651 -0.85083266 0.52698735 0.01219115 -0.01262696 0.12714355 
0.48370629 0.14423829 -0.89377596 -0.17689282 -0.00251335 0.00462942 0.18792073 
0.57192639 -0.51119228 0.49507772 -0.04788674 -0.01837812 0.00131860 0.16369570 

----------
0.99685898 0.74874651 -0.85083266 0.52698735 0.01219115 0.01219115 0.01219115 
0.48370629 0.14423829 -0.89377596 -0.17689282 -0.00251335 -0.00251335 -0.00251335 
0.57192639 -0.51119228 0.49507772 -0.04788674 -0.01837812 -0.01837812 -0.01837812 

----------
0.64189936 0.70458453 0.05539734 -0.29782675 0.16198851 -0.01553698 0.05222553 
0.36763567 0.61923410 -0.34099823 -0.60452508 0.00822873 -0.18918507 0.05225594 
0.69591131 -0.54245155 0.45367867 -0.12531380 -0.07381662 0.06112121 0.05187241 

----------
iteration: 50426, probabilities: [0.000048 0.000035 0.999083 0.000374 0.000460], probability: 0.9990830421447754