0.68629595 0.72975947 -0.75508508 0.02850806 -0.00982461 0.03567121 0.19959673 
0.98953814 0.09812377 -0.75727892 0.55453412 0.02394679 -0.06975798 0.17687283 
0.06935408 -0.90233245 0.45949057 0.10815266 0.02877671 0.02377634 0.15962140 

----------
0.68629595 0.72975947 -0.75508508 0.02850806 -0.00982461 -0.00982461 -0.00982461 
0.98953814 0.09812377 -0.75727892 0.55453412 0.02394679 0.02394679 0.02394679 
0.06935408 -0.90233245 0.45949057 0.10815266 0.02877671 0.02877671 0.02877671 

----------
0.69982706 -0.01382776 -0.70652503 0.10500556 -0.04532189 0.10901960 0.05180029 
0.53212325 -0.16425457 -0.68493225 0.46992005 0.05656990 0.03149086 0.05242182 
0.55301179 0.00022503 0.00041250 0.83382925 0.03974688 -0.14474300 0.05202551 

----------
iteration: 51700, probabilities: [0.000037 0.000051 0.999747 0.000063 0.000102], probability: 0.9997473359107971