0.68140702 0.69191918 -0.82839828 0.45640849 0.03731190 -0.04244152 0.16356693 
0.61584946 0.07683947 -0.66538825 0.47416139 -0.04680810 -0.03681797 0.13348975 
0.18274114 -0.98813032 0.58613312 -0.46387454 0.01245262 0.02431100 0.14576279 

----------
0.68140702 0.69191918 -0.82839828 0.45640849 0.03731190 0.03731190 0.03731190 
0.61584946 0.07683947 -0.66538825 0.47416139 -0.04680810 -0.04680810 -0.04680810 
0.18274114 -0.98813032 0.58613312 -0.46387454 0.01245262 0.01245262 0.01245262 

----------
0.66148680 0.69808734 0.11140169 -0.25108403 0.16733376 0.10107210 0.05225541 
0.17827585 -0.49392243 -0.50611415 0.68428207 -0.14334702 -0.02943203 0.05187208 
-0.55404593 -0.26260678 -0.65608885 -0.44062041 -0.05062502 0.13827072 0.05224316 

----------
iteration: 51730, probabilities: [0.000105 0.000039 0.998377 0.000420 0.001059], probability: 0.998376727104187