0.37547786 0.09017858 -0.26858459 -0.99606745 -0.04079027 0.03174070 0.14787312 
0.96258895 -0.68442000 -0.16549622 -0.46812065 -0.04249321 0.02594433 0.15873168 
0.99166766 0.22968483 0.77259575 -0.19286526 0.00759312 0.04596599 0.18427458 

----------
0.37547786 0.09017858 -0.26858459 -0.99606745 -0.04079027 -0.04079027 -0.04079027 
0.96258895 -0.68442000 -0.16549622 -0.46812065 -0.04249321 -0.04249321 -0.04249321 
0.99166766 0.22968483 0.77259575 -0.19286526 0.00759312 0.00759312 0.00759312 

----------
0.35853564 0.00008940 0.00003427 -0.93358543 0.02264760 -0.12960528 0.05201145 
0.69441644 -0.65890272 -0.25186296 -0.14270862 -0.09832587 0.02627666 0.05222838 
0.92281242 0.00006405 0.00022162 -0.38581307 -0.02430879 0.12336953 0.05201598 

----------
iteration: 52623, probabilities: [0.000112 0.000037 0.996427 0.001122 0.002303], probability: 0.9964266419410706