0.83701026 -0.61485726 0.10678594 0.25563638 0.02378257 0.01505392 0.16656285 
0.15769540 0.21158443 -0.29611616 0.98160486 -0.02368375 0.02143905 0.17327405 
0.93754360 -0.34027025 -0.75238364 -0.74946413 -0.00646267 -0.00356312 0.16752887 

----------
0.83701026 -0.61485726 0.10678594 0.25563638 0.02378257 0.02378257 0.02378257 
0.15769540 0.21158443 -0.29611616 0.98160486 -0.02368375 -0.02368375 -0.02368375 
0.93754360 -0.34027025 -0.75238364 -0.74946413 -0.00646267 -0.00646267 -0.00646267 

----------
0.66955016 -0.69428714 0.13426570 0.22733798 0.06703600 -0.01519330 0.05187241 
0.22515517 -0.00009412 0.00001554 0.97444846 -0.07847652 -0.02445050 0.05201109 
0.49480891 0.00552577 -0.70733004 -0.50487186 -0.04637397 0.09009333 0.05246306 

----------
iteration: 53980, probabilities: [0.000043 0.000012 0.999761 0.000063 0.000120], probability: 0.999761164188385