0.59949109 -0.09153360 -0.75454274 0.35055594 -0.04892642 -0.04336715 0.17416413 
0.98717046 0.12830701 -0.22707604 -0.99793921 0.00674319 0.06278070 0.15906324 
0.50658937 -0.73362796 0.32739959 0.38797289 -0.00962419 -0.01496391 0.15397854 

----------
0.59949109 -0.09153360 -0.75454274 0.35055594 -0.04892642 -0.04892642 -0.04892642 
0.98717046 0.12830701 -0.22707604 -0.99793921 0.00674319 0.00674319 0.00674319 
0.50658937 -0.73362796 0.32739959 0.38797289 -0.00962419 -0.00962419 -0.00962419 

----------
0.37677159 -0.62381480 -0.33316320 0.59841778 -0.08834683 0.02027700 0.05187241 
0.70476905 0.00006797 0.00006743 -0.70953755 0.01752765 0.07610670 0.05201145 
0.97586336 0.00024323 0.00014778 -0.21985013 -0.02327206 -0.15926386 0.05200645 

----------
iteration: 54469, probabilities: [0.000038 0.000013 0.999655 0.000119 0.000175], probability: 0.9996553659439087