0.92602388 -0.20047106 -0.47929191 0.76931123 -0.03745239 0.02724371 0.14740109 
0.45757955 0.39568063 -0.58841074 -0.71649994 -0.03717669 0.03689564 0.14604328 
0.40379631 -0.61494254 0.47531811 0.20726304 0.03455191 -0.01491515 0.15733494 

----------
0.92602388 -0.20047106 -0.47929191 0.76931123 -0.03745239 -0.03745239 -0.03745239 
0.45757955 0.39568063 -0.58841074 -0.71649994 -0.03717669 -0.03717669 -0.03717669 
0.40379631 -0.61494254 0.47531811 0.20726304 0.03455191 0.03455191 0.03455191 

----------
0.62664553 -0.00007455 0.00006005 0.77939055 -0.03177723 0.06069380 0.05201145 
0.22312768 0.52723607 -0.47075441 -0.67132461 -0.03963299 -0.12118566 0.05225626 
0.00285321 -0.77835284 0.62806766 0.00424649 0.06798726 0.10445616 0.05229281 

----------
iteration: 54900, probabilities: [0.000051 0.000012 0.999520 0.000166 0.000250], probability: 0.999519944190979