0.53799978 -0.54675987 -0.02751213 -0.46353067 0.00827742 -0.01063904 0.19719843 
0.76659326 0.16092071 0.91332228 -0.43312412 0.00033165 -0.01511255 0.17739556 
0.76818557 -0.09451228 -0.44021589 -0.10297039 0.03829455 0.00276429 0.13806400 

----------
0.53799978 -0.54675987 -0.02751213 -0.46353067 0.00827742 0.00827742 0.00827742 
0.76659326 0.16092071 0.91332228 -0.43312412 0.00033165 0.00033165 0.00033165 
0.76818557 -0.09451228 -0.44021589 -0.10297039 0.03829455 0.03829455 0.03829455 

----------
0.70396011 -0.57935852 0.40554156 -0.06746434 0.10530227 -0.08473846 0.05185010 
0.48155947 0.00009165 0.00006013 -0.87665726 -0.10628438 0.12662066 0.05201179 
0.63227753 -0.69866297 -0.11124836 0.31628955 0.11377738 0.16902216 0.05208467 

----------
iteration: 55684, probabilities: [0.000073 0.000024 0.999568 0.000136 0.000199], probability: 0.9995680451393127