0.50201999 -0.28286579 -0.32805591 -0.21616045 0.00173231 0.02594805 0.15906707 
0.33373295 0.39273689 0.45947450 -0.99898438 -0.00179355 -0.03625161 0.16068220 
0.63276648 -0.78573110 -0.72084138 -0.36544645 0.09827777 0.03858769 0.13429726 

----------
0.50201999 -0.28286579 -0.32805591 -0.21616045 0.00173231 0.00173231 0.00173231 
0.33373295 0.39273689 0.45947450 -0.99898438 -0.00179355 -0.00179355 -0.00179355 
0.63276648 -0.78573110 -0.72084138 -0.36544645 0.09827777 0.09827777 0.09827777 

----------
0.64312056 -0.70554093 0.04864494 0.29410945 0.11485301 -0.03574472 0.05172072 
0.18845017 0.00004692 -0.00018019 -0.98222482 0.01249169 0.11864144 0.05201529 
0.70282330 -0.64951348 0.27992267 0.07865807 0.21790940 0.06684634 0.05187292 

----------
iteration: 56057, probabilities: [0.000067 0.000030 0.999468 0.000199 0.000237], probability: 0.9994680285453796