0.93613236 -0.79922977 -0.02482121 0.49223513 0.00074895 -0.01545292 0.15063014 
0.87725026 -0.02031403 0.34689745 -0.88253525 -0.05266895 0.01942386 0.17348185 
0.64163536 -0.14503663 -0.37150987 0.31008577 0.03088253 0.01287717 0.15708926 

----------
0.93613236 -0.79922977 -0.02482121 0.49223513 0.00074895 0.00074895 0.00074895 
0.87725026 -0.02031403 0.34689745 -0.88253525 -0.05266895 -0.05266895 -0.05266895 
0.64163536 -0.14503663 -0.37150987 0.31008577 0.03088253 0.03088253 0.03088253 

----------
0.61226258 -0.70714860 -0.00396032 0.35372840 -0.01473424 -0.00370937 0.05187176 
0.70216342 0.00008106 0.00004771 -0.71209639 -0.13463898 -0.06363966 0.05201162 
0.35440956 -0.60050162 -0.37339295 0.61204399 0.06336433 0.14787554 0.05173631 

----------
iteration: 56879, probabilities: [0.000051 0.000013 0.999638 0.000118 0.000179], probability: 0.9996381998062134