0.92516262 -0.58345140 0.11907123 -0.58861064 0.00471295 0.04883137 0.16847472 
0.61110380 0.10209260 0.36286912 -0.94284644 0.04476814 -0.04097027 0.17487215 
0.99999984 -0.47953309 -0.58567904 -0.16648364 -0.01622342 0.04809131 0.12924871 

----------
0.92516262 -0.58345140 0.11907123 -0.58861064 0.00471295 0.00471295 0.00471295 
0.61110380 0.10209260 0.36286912 -0.94284644 0.04476814 0.04476814 0.04476814 
0.99999984 -0.47953309 -0.58567904 -0.16648364 -0.01622342 -0.01622342 -0.01622342 

----------
0.69819854 -0.55101580 0.44328827 -0.11204770 0.14008800 -0.03715359 0.05187197 
0.43526233 0.00011411 0.00001514 -0.90036966 0.00169554 0.14339260 0.05201100 
0.63089484 -0.62578112 -0.30180244 0.34564004 -0.04310895 -0.00690887 0.05202138 

----------
iteration: 56937, probabilities: [0.000059 0.000012 0.997919 0.000814 0.001196], probability: 0.9979187846183777