0.85594794 -0.77893335 0.09084453 -0.01408200 0.01020486 0.06123153 0.15069000 
0.42268676 0.19427743 0.45879060 -0.76275326 0.02534287 0.00481940 0.18201113 
0.37237231 0.10221138 -0.40560905 0.52180686 -0.00561846 -0.00341136 0.17857704 

----------
0.85594794 -0.77893335 0.09084453 -0.01408200 0.01020486 0.01020486 0.01020486 
0.42268676 0.19427743 0.45879060 -0.76275326 0.02534287 0.02534287 0.02534287 
0.37237231 0.10221138 -0.40560905 0.52180686 -0.00561846 -0.00561846 -0.00561846 

----------
0.69478498 -0.67388212 0.21436192 0.13134817 0.07274668 -0.04942569 0.05169652 
0.30304919 -0.03165575 0.70639583 -0.63899955 0.09946837 0.07147508 0.05211615 
-0.03109729 -0.32070745 -0.63036455 0.70645779 -0.14963060 -0.00258129 0.05184609 

----------
iteration: 56707, probabilities: [0.000055 0.000012 0.998736 0.000520 0.000677], probability: 0.9987362027168274