0.53492398 -0.68198902 0.29264128 -0.47875616 0.05306190 -0.00706841 0.16427052 
0.63812820 -0.13165575 0.34509634 -0.97871886 -0.02750430 -0.02167961 0.14035675 
-0.11153668 0.21571448 -0.54728804 -0.07894896 0.03169670 -0.05729219 0.15667468 

----------
0.53492398 -0.68198902 0.29264128 -0.47875616 0.05306190 0.05306190 0.05306190 
0.63812820 -0.13165575 0.34509634 -0.97871886 -0.02750430 -0.02750430 -0.02750430 
-0.11153668 0.21571448 -0.54728804 -0.07894896 0.03169670 0.03169670 0.03169670 

----------
0.63088918 -0.64953958 0.28071855 -0.31832733 0.03161040 0.11207548 0.05114068 
0.55203735 0.00010565 0.00001904 -0.83392857 -0.09186057 -0.00154424 0.05201184 
-0.00266584 0.27764577 -0.96071671 -0.00079091 0.11060081 -0.01411438 0.05206611 

----------
iteration: 56892, probabilities: [0.000054 0.000013 0.999516 0.000159 0.000258], probability: 0.9995160102844238