0.99503120 -0.51125003 -0.16000097 -0.63892140 -0.06298987 0.03499590 0.15419080 
0.00024895 0.15426848 0.76497760 -0.95523694 -0.02018310 0.06518329 0.18417105 
0.71104663 -0.03541448 -0.75502507 -0.85880625 -0.02193211 0.02617747 0.18875562 

----------
0.99503120 -0.51125003 -0.16000097 -0.63892140 -0.06298987 -0.06298987 -0.06298987 
0.00024895 0.15426848 0.76497760 -0.95523694 -0.02018310 -0.02018310 -0.02018310 
0.71104663 -0.03541448 -0.75502507 -0.85880625 -0.02193211 -0.02193211 -0.02193211 

----------
0.65466007 0.70204505 0.08525861 -0.26768090 -0.15085306 -0.25489611 0.05227527 
0.11406374 0.24668164 0.66273010 -0.69783275 0.03301914 -0.07246270 0.05187241 
0.06283740 0.40493515 -0.57939202 -0.70469480 -0.10975322 0.02530913 0.05225625 

----------
iteration: 56733, probabilities: [0.000082 0.000020 0.998746 0.000746 0.000406], probability: 0.9987461566925049