-0.08062624 0.00887188 0.50250129 0.50398919 0.03918538 -0.04206423 0.16550425 
-0.01418700 0.19847156 -0.61408052 -0.75856259 -0.01783972 -0.01839154 0.16693012 
0.98664970 0.33387979 0.38100475 0.03176567 -0.00603815 0.02620850 0.17430841 

----------
-0.08062624 0.00887188 0.50250129 0.50398919 0.03918538 0.03918538 0.03918538 
-0.01418700 0.19847156 -0.61408052 -0.75856259 -0.01783972 -0.01783972 -0.01783972 
0.98664970 0.33387979 0.38100475 0.03176567 -0.00603815 -0.00603815 -0.00603815 

----------
0.13735387 -0.22613353 0.66967554 0.69398281 0.03315264 0.06866046 0.05225625 
-0.07988022 0.28037422 -0.64882158 -0.70290420 -0.09905818 0.02086778 0.05225627 
0.70559207 0.62122715 0.33736357 0.05019881 0.03794533 -0.12276536 0.05196950 

----------
iteration: 57642, probabilities: [0.000048 0.000013 0.999619 0.000129 0.000192], probability: 0.9996185302734375