-0.40615019 0.53240826 0.25207673 0.34246122 -0.04755131 -0.07040626 0.13662271 
-0.41507024 0.32532656 -0.98208298 -0.28672727 -0.01446576 -0.03347580 0.15587941 
0.98960100 0.44512170 0.83232624 -0.14374270 0.03130457 -0.02234421 0.17866232 

----------
-0.40615019 0.53240826 0.25207673 0.34246122 -0.04755131 -0.04755131 -0.04755131 
-0.41507024 0.32532656 -0.98208298 -0.28672727 -0.01446576 -0.01446576 -0.01446576 
0.98960100 0.44512170 0.83232624 -0.14374270 0.03130457 0.03130457 0.03130457 

----------
-0.67513014 0.70020111 0.08999909 0.21425852 -0.05130677 -0.06199823 0.05196017 
-0.00105733 0.15188420 -0.98852184 -0.00013764 0.11227687 -0.00960570 0.05194737 
0.62276062 0.37267133 0.60065259 0.33572549 -0.00459091 0.03410811 0.05225621 

----------
iteration: 57704, probabilities: [0.000049 0.000012 0.998925 0.000429 0.000586], probability: 0.9989246726036072