0.16794327 0.85034339 0.44430931 0.18848261 -0.05546687 -0.03813762 0.14433527 
0.64076995 0.08785156 -0.46814056 0.09590124 -0.02350024 -0.00133463 0.16275256 
0.85968429 0.33333143 0.48148975 0.49242277 -0.01147098 -0.00802884 0.13633483 

----------
0.16794327 0.85034339 0.44430931 0.18848261 -0.05546687 -0.05546687 -0.05546687 
0.64076995 0.08785156 -0.46814056 0.09590124 -0.02350024 -0.02350024 -0.02350024 
0.85968429 0.33333143 0.48148975 0.49242277 -0.01147098 -0.01147098 -0.01147098 

----------
0.00048101 0.88744687 0.46112518 -0.00125277 -0.08667255 -0.02340149 0.05196870 
0.46201981 0.66686373 -0.23454173 -0.53584502 0.02257806 -0.21043345 0.05225625 
0.61967985 0.36722397 0.60395887 0.34130907 0.05788629 0.03414232 0.05225625 

----------
iteration: 57854, probabilities: [0.000032 0.000011 0.999635 0.000129 0.000193], probability: 0.9996353387832642