-0.69118242 0.14616329 -0.50876912 0.04617884 -0.01420341 0.00920399 0.15790019 
0.99988881 -0.15499973 0.61797646 0.57875752 0.03279740 0.03244740 0.13218651 
0.44596424 0.64732317 0.74069759 -0.49228662 0.02713692 0.08786580 0.15306144 

----------
-0.69118242 0.14616329 -0.50876912 0.04617884 -0.01420341 -0.01420341 -0.01420341 
0.99988881 -0.15499973 0.61797646 0.57875752 0.03279740 0.03279740 0.03279740 
0.44596424 0.64732317 0.74069759 -0.49228662 0.02713692 0.02713692 0.02713692 

----------
-0.39442699 0.55113338 -0.36335993 0.63940137 -0.03928514 0.04042834 0.05557206 
0.65955087 0.00111782 0.00023764 0.75189792 0.03444053 -0.06042376 0.05204996 
-0.17655319 0.17483291 0.68585912 -0.68429789 0.09658504 0.08817522 0.05082592 

----------
iteration: 57223, probabilities: [0.000061 0.000012 0.998237 0.000696 0.000995], probability: 0.9982372522354126