-0.11106792 0.11315384 0.17006370 0.91936905 -0.03135330 -0.00104972 0.14297803 
0.39470711 0.18409667 -0.69599262 -0.47058246 0.02817069 0.04778786 0.15488927 
0.99841677 0.23283022 0.79010758 0.44754904 -0.01888849 0.01312294 0.14545073 

----------
-0.11106792 0.11315384 0.17006370 0.91936905 -0.03135330 -0.03135330 -0.03135330 
0.39470711 0.18409667 -0.69599262 -0.47058246 0.02817069 0.02817069 0.02817069 
0.99841677 0.23283022 0.79010758 0.44754904 -0.01888849 -0.01888849 -0.01888849 

----------
-0.13025677 -0.00009493 -0.00001241 0.99153299 -0.07552230 -0.09347359 0.05201145 
0.03075607 0.37818921 -0.59718381 -0.70681304 0.05036799 0.00589251 0.05225625 
-0.64309119 -0.40773770 -0.57681690 -0.29766384 -0.04421882 0.26370724 0.05229577 

----------
iteration: 58654, probabilities: [0.000089 0.000015 0.999482 0.000149 0.000264], probability: 0.9994823932647705