-0.48014094 -0.21342968 0.55661932 0.65111353 0.03727818 0.02119161 0.14282921 
0.38242860 0.02002158 -0.63489862 -0.22923677 -0.02986884 -0.00291838 0.15930158 
-0.03019759 -0.25403979 0.42191783 0.05744436 -0.02024487 -0.04951820 0.15855018 

----------
-0.48014094 -0.21342968 0.55661932 0.65111353 0.03727818 0.03727818 0.03727818 
0.38242860 0.02002158 -0.63489862 -0.22923677 -0.02986884 -0.02986884 -0.02986884 
-0.03019759 -0.25403979 0.42191783 0.05744436 -0.02024487 -0.02024487 -0.02024487 

----------
-0.17062195 -0.48932393 0.51008560 0.68657755 0.03269698 0.02685778 0.05225625 
0.22104577 0.52575233 -0.47256511 -0.67210312 -0.02391873 -0.18089318 0.05225260 
0.00099403 -0.50181242 0.86504446 0.00049890 -0.08774503 0.03509651 0.05195416 

----------
iteration: 58506, probabilities: [0.000035 0.000012 0.999715 0.000088 0.000149], probability: 0.999715268611908