0.01693559 0.04407964 0.68370342 0.97747619 -0.04544559 -0.06785628 0.18262692 
0.16730936 0.30310652 -0.68176414 -0.20792304 0.02158561 0.02336814 0.13129279 
0.97495571 -0.00798819 0.99969179 -0.07726214 -0.02440887 -0.03430078 0.16582299 

----------
0.01693559 0.04407964 0.68370342 0.97747619 -0.04544559 -0.04544559 -0.04544559 
0.16730936 0.30310652 -0.68176414 -0.20792304 0.02158561 0.02158561 0.02158561 
0.97495571 -0.00798819 0.99969179 -0.07726214 -0.02440887 -0.02440887 -0.02440887 

----------
0.21662228 -0.14724369 0.69132687 0.67347137 -0.07657662 -0.08278695 0.05225625 
0.00141578 0.24458247 -0.96979139 -0.00125858 0.04846710 0.06696708 0.05205568 
0.56026885 -0.27288969 0.65251470 -0.43156248 -0.07346251 0.10066193 0.05187174 

----------
iteration: 58485, probabilities: [0.000062 0.000011 0.999244 0.000293 0.000389], probability: 0.9992444515228271