-0.32225455 0.41607528 0.62852641 0.86284139 -0.01636193 0.00352965 0.17852982 
0.35993301 0.11108599 -0.96986090 -0.32581632 -0.08275695 0.00460370 0.16170058 
0.66538609 -0.54645881 0.52649565 0.34431211 -0.00393228 -0.00486223 0.17195711 

----------
-0.32225455 0.41607528 0.62852641 0.86284139 -0.01636193 -0.01636193 -0.01636193 
0.35993301 0.11108599 -0.96986090 -0.32581632 -0.08275695 -0.08275695 -0.08275695 
0.66538609 -0.54645881 0.52649565 0.34431211 -0.00393228 -0.00393228 -0.00393228 

----------
0.36286630 0.01236513 0.70677100 0.60735618 -0.12768703 0.07758112 0.05225626 
0.21413380 0.52094475 -0.47784479 -0.67434498 -0.11502491 -0.19509970 0.05225624 
0.98519757 -0.00017194 0.00002136 -0.17313108 -0.04145653 -0.09698195 0.05201546 

----------
iteration: 58241, probabilities: [0.000055 0.000018 0.999773 0.000048 0.000106], probability: 0.9997726082801819