-0.70083948 0.26746847 0.21213811 0.73160753 0.01323303 -0.04008608 0.13737102 
0.36853670 -0.04785497 -0.94603146 -0.08890718 0.04681536 0.03653777 0.16734285 
0.58526297 -0.09581812 0.46965944 0.15651114 -0.00238231 -0.02861146 0.14060874 

----------
-0.70083948 0.26746847 0.21213811 0.73160753 0.01323303 0.01323303 0.01323303 
0.36853670 -0.04785497 -0.94603146 -0.08890718 0.04681536 0.04681536 0.04681536 
0.58526297 -0.09581812 0.46965944 0.15651114 -0.00238231 -0.00238231 -0.00238231 

----------
-0.68795921 -0.00007079 -0.00006301 0.72591718 0.06560166 -0.08297649 0.05201146 
-0.56997452 -0.28539520 -0.64676438 -0.41923662 -0.07170881 0.04264433 0.05225622 
0.55750356 -0.69881744 -0.10935019 0.43520608 -0.21939115 0.01313611 0.05179646 

----------
iteration: 58036, probabilities: [0.000056 0.000010 0.999482 0.000201 0.000251], probability: 0.999481737613678