-0.06877981 0.54885897 0.79855895 0.85854232 0.04487819 -0.01179417 0.15575488 
-0.27238227 0.54301341 -0.84648137 -0.39755048 0.01713614 0.02593463 0.15078035 
0.86432078 0.19532269 0.96902786 0.75836789 -0.01148326 -0.01554958 0.15320479 

----------
-0.06877981 0.54885897 0.79855895 0.85854232 0.04487819 0.04487819 0.04487819 
-0.27238227 0.54301341 -0.84648137 -0.39755048 0.01713614 0.01713614 0.01713614 
0.86432078 0.19532269 0.96902786 0.75836789 -0.01148326 -0.01148326 -0.01148326 

----------
0.22020432 -0.14358089 0.69213482 0.67234779 -0.01998185 0.11433925 0.05225625 
0.08565507 0.42350003 -0.56596168 -0.70228232 0.13188812 -0.05879895 0.05225582 
0.50845232 0.19640146 0.67920436 0.49159724 -0.05649593 -0.01558046 0.05223971 

----------
iteration: 60290, probabilities: [0.000057 0.000011 0.998517 0.000568 0.000847], probability: 0.9985172152519226