-0.10342049 0.53795965 0.19627277 0.25617076 -0.03464203 -0.08039598 0.19445329 
-0.38265236 -0.00164943 -0.33938006 -0.33656877 0.02260346 -0.05154107 0.15032027 
0.63098595 -0.21757510 0.88395408 0.56915054 0.04097368 -0.00652256 0.16955193 

----------
-0.10342049 0.53795965 0.19627277 0.25617076 -0.03464203 -0.03464203 -0.03464203 
-0.38265236 -0.00164943 -0.33938006 -0.33656877 0.02260346 0.02260346 0.02260346 
0.63098595 -0.21757510 0.88395408 0.56915054 0.04097368 0.04097368 0.04097368 

----------
0.37501304 0.09519637 0.70061198 0.59987720 -0.15988763 -0.02295326 0.05195200 
-0.49879171 -0.18270158 -0.68281367 -0.50169354 0.02227049 0.07696335 0.05225625 
0.39677731 0.05251112 0.70488788 0.58572006 0.12573009 -0.01623823 0.05225626 

----------
iteration: 60799, probabilities: [0.000052 0.000012 0.999211 0.000311 0.000415], probability: 0.9992107152938843