0.28995900 0.94308386 0.71279791 0.98023824 0.09993589 -0.06388568 0.14259751 
0.07121713 -0.02136962 -0.97805595 0.05112141 -0.01052182 0.00167479 0.17083808 
0.79776708 0.03858098 0.43108349 0.92415125 0.01919583 -0.01515419 0.15477880 

----------
0.28995900 0.94308386 0.71279791 0.98023824 0.09993589 0.09993589 0.09993589 
0.07121713 -0.02136962 -0.97805595 0.05112141 -0.01052182 -0.01052182 -0.01052182 
0.79776708 0.03858098 0.43108349 0.92415125 0.01919583 0.01919583 0.01919583 

----------
0.50270476 0.18836685 0.68137355 0.49775035 0.07855992 0.16332858 0.05226684 
-0.00129642 -0.04227228 -0.99914570 0.00019140 0.00317880 -0.06604214 0.05196940 
0.72114721 -0.00004240 0.00008092 0.69291765 -0.05592295 0.03141320 0.05201157 

----------
iteration: 61162, probabilities: [0.000068 0.000015 0.999480 0.000156 0.000281], probability: 0.9994803071022034