-0.36872660 0.20646775 0.46077751 0.20770821 0.03067914 -0.01178871 0.16208264 
0.13993900 0.11359639 -0.63664202 -0.19431437 0.02578422 -0.02440223 0.14913153 
0.62414275 -0.14101823 0.40547605 0.69132590 0.05389071 0.05666797 0.14890927 

----------
-0.36872660 0.20646775 0.46077751 0.20770821 0.03067914 0.03067914 0.03067914 
0.13993900 0.11359639 -0.63664202 -0.19431437 0.02578422 0.02578422 0.02578422 
0.62414275 -0.14101823 0.40547605 0.69132590 0.05389071 0.05389071 0.05389071 

----------
-0.35790151 0.01072908 0.70715076 0.60981357 -0.02569915 0.06815213 0.05218519 
-0.20226717 -0.16005580 -0.68892608 0.67770954 -0.13412811 0.01343582 0.05187110 
0.74122322 0.00033363 0.00027841 0.67154845 0.09350699 -0.01759017 0.05202783 

----------
iteration: 61135, probabilities: [0.000044 0.000012 0.999746 0.000070 0.000128], probability: 0.9997463822364807