0.00311332 0.29959990 0.94852765 -0.03368787 -0.03346637 -0.03976644 0.14284158 
0.25346975 0.27048517 -0.92430220 -0.08211937 -0.01320247 -0.01679336 0.15830749 
0.01058276 0.23928958 0.98714552 0.19246618 -0.03966773 -0.01055743 0.14115675 

----------
0.00311332 0.29959990 0.94852765 -0.03368787 -0.03346637 -0.03346637 -0.03346637 
0.25346975 0.27048517 -0.92430220 -0.08211937 -0.01320247 -0.01320247 -0.01320247 
0.01058276 0.23928958 0.98714552 0.19246618 -0.03966773 -0.03966773 -0.03966773 

----------
0.00088874 0.34748363 0.93769840 -0.00038520 -0.10162136 0.01201593 0.05195063 
-0.00038544 0.26950862 -0.96304728 -0.00015241 0.01566876 0.01486685 0.05196230 
0.00064383 0.02341373 0.99976040 0.00012000 -0.02762802 -0.08018681 0.05195301 

----------
iteration: 61611, probabilities: [0.000039 0.000010 0.999483 0.000204 0.000264], probability: 0.9994832277297974