-0.76632445 0.81850660 -0.51875827 0.05137989 -0.00680149 -0.05375122 0.15060583 
0.02849806 -0.41605986 -0.67888819 0.03082332 0.04931525 0.00170733 0.15457976 
0.45422587 0.25089885 0.80194684 0.58223059 -0.07210422 0.00855511 0.18617323 

----------
-0.76632445 0.81850660 -0.51875827 0.05137989 -0.00680149 -0.00680149 -0.00680149 
0.02849806 -0.41605986 -0.67888819 0.03082332 0.04931525 0.04931525 0.04931525 
0.45422587 0.25089885 0.80194684 0.58223059 -0.07210422 -0.07210422 -0.07210422 

----------
-0.70645876 0.59956821 -0.37488403 0.03100540 -0.00538854 -0.02786844 0.05184820 
-0.00084821 -0.52283635 -0.85244426 0.00059377 0.07013249 0.08476553 0.05195159 
0.47772691 0.15447019 0.68972159 0.52175564 -0.11740164 -0.09444545 0.05225626 

----------
iteration: 61142, probabilities: [0.000039 0.000011 0.999403 0.000239 0.000308], probability: 0.9994033575057983