-0.11234569 0.79335402 0.99699313 0.03718841 -0.01445462 0.00766134 0.18156073 
0.28183207 -0.10288368 -0.84454490 -0.47297825 -0.03625747 -0.02229938 0.17363220 
0.65422227 0.18746580 0.90468504 0.04053695 0.02457174 -0.00664016 0.14586600 

----------
-0.11234569 0.79335402 0.99699313 0.03718841 -0.01445462 -0.01445462 -0.01445462 
0.28183207 -0.10288368 -0.84454490 -0.47297825 -0.03625747 -0.03625747 -0.03625747 
0.65422227 0.18746580 0.90468504 0.04053695 0.02457174 0.02457174 0.02457174 

----------
0.00042378 0.62125598 0.78368311 -0.00027273 -0.07431500 0.05020857 0.05195600 
0.08161928 0.42032420 -0.56838339 -0.70274960 -0.07016649 -0.16920444 0.05225733 
0.66855524 0.46424078 0.53302561 0.23139870 0.02659771 -0.01778133 0.05225626 

----------
iteration: 62433, probabilities: [0.000037 0.000013 0.999754 0.000067 0.000129], probability: 0.9997535347938538