-0.10163178 -0.09503029 0.44441712 0.38645248 -0.00513367 -0.04035647 0.13089380 
0.13006178 -0.44771170 -0.96912044 0.17564931 -0.00465874 0.00012876 0.12770846 
0.86630585 0.40947480 0.99987159 0.35150944 0.02446676 -0.08082588 0.13868285 

----------
-0.10163178 -0.09503029 0.44441712 0.38645248 -0.00513367 -0.00513367 -0.00513367 
0.13006178 -0.44771170 -0.96912044 0.17564931 -0.00465874 -0.00465874 -0.00465874 
0.86630585 0.40947480 0.99987159 0.35150944 0.02446676 0.02446676 0.02446676 

----------
0.03888197 -0.31762475 0.63143463 0.70637045 -0.01551663 -0.09482579 0.05225626 
-0.00091471 -0.41594049 -0.90948592 0.00067567 -0.08499738 0.02112559 0.05195033 
0.62365886 0.37432297 0.59957651 0.33396806 0.05870069 0.03690689 0.05225625 

----------
iteration: 63222, probabilities: [0.000047 0.000013 0.999555 0.000160 0.000225], probability: 0.9995548129081726