0.57056336 -0.99805541 -0.98335356 -0.00164699 -0.01466210 0.01235822 0.15778790 
-0.47746444 -0.47570267 -0.81721856 -0.15143666 -0.03506615 -0.07497732 0.14277571 
-0.14669696 0.68527058 0.16215090 -0.83161651 -0.00769358 -0.04223803 0.17560651 

----------
0.57056336 -0.99805541 -0.98335356 -0.00164699 -0.01466210 -0.01466210 -0.01466210 
-0.47746444 -0.47570267 -0.81721856 -0.15143666 -0.03506615 -0.03506615 -0.03506615 
-0.14669696 0.68527058 0.16215090 -0.83161651 -0.00769358 -0.00769358 -0.00769358 

----------
0.65081716 -0.00022304 0.00068175 0.75957639 0.19554425 -0.00287143 0.05204345 
-0.65641480 -0.44910732 -0.54581714 -0.26384167 -0.13324025 -0.07282872 0.05222812 
-0.37314951 0.59006005 0.31209807 -0.64440645 -0.03949989 0.01838950 0.05703417 

----------
iteration: 63435, probabilities: [0.000038 0.000014 0.999777 0.000053 0.000118], probability: 0.9997770190238953