0.86760692 -0.60490711 -0.30032531 0.26226897 0.04866577 0.06323894 0.17440512 
0.36335106 -0.25103889 -0.10983402 -0.82368656 0.07220426 -0.06131014 0.18739204 
0.04653755 0.59437396 0.29452699 -0.59779073 -0.01962463 -0.00266597 0.19609569 

----------
0.86760692 -0.60490711 -0.30032531 0.26226897 0.04866577 0.04866577 0.04866577 
0.36335106 -0.25103889 -0.10983402 -0.82368656 0.07220426 0.07220426 0.07220426 
0.04653755 0.59437396 0.29452699 -0.59779073 -0.01962463 -0.01962463 -0.01962463 

----------
0.53342190 -0.69339118 -0.13894265 0.46419361 0.11326296 0.04775287 0.05187242 
0.58122322 0.00007684 0.00005861 -0.81392013 -0.01334297 0.09799731 0.05201144 
-0.14588024 0.45601249 0.54065865 -0.69200353 0.00684760 -0.07443128 0.05170524 

----------
iteration: 63978, probabilities: [0.000051 0.000016 0.999763 0.000057 0.000112], probability: 0.9997633099555969