0.74033313 -0.12464893 -0.52792432 -0.37508544 0.06820312 0.01520521 0.19183749 
0.99999337 0.03379513 -0.81913855 -0.88195289 -0.00223481 -0.03899598 0.16524532 
-0.86583366 0.41220044 -0.28598006 -0.81841172 0.04075712 -0.02803254 0.17829317 

----------
0.74033313 -0.12464893 -0.52792432 -0.37508544 0.06820312 0.06820312 0.06820312 
0.99999337 0.03379513 -0.81913855 -0.88195289 -0.00223481 -0.00223481 -0.00223481 
-0.86583366 0.41220044 -0.28598006 -0.81841172 0.04075712 0.04075712 0.04075712 

----------
0.12698450 0.45629178 -0.54009580 -0.69586680 0.03538960 0.06163370 0.05225921 
0.15683926 0.47903043 -0.51981531 -0.68989602 -0.13435766 -0.04804843 0.05225627 
-0.78785967 0.00005857 -0.00007547 -0.61614438 0.06623837 -0.06074550 0.05201145 

----------
iteration: 63762, probabilities: [0.000041 0.000011 0.999319 0.000277 0.000351], probability: 0.9993194341659546