-0.27725673 0.46323144 0.97475207 0.27109023 -0.05822832 0.02035042 0.15369219 
0.05849873 -0.28252871 -0.80807187 0.11538489 0.00663002 -0.02696458 0.17827082 
0.99962926 0.01156772 0.38359937 0.56599832 0.02407776 -0.00296577 0.15676395 

----------
-0.27725673 0.46323144 0.97475207 0.27109023 -0.05822832 -0.05822832 -0.05822832 
0.05849873 -0.28252871 -0.80807187 0.11538489 0.00663002 0.00663002 0.00663002 
0.99962926 0.01156772 0.38359937 0.56599832 0.02407776 0.02407776 0.02407776 

----------
0.00042136 0.44280189 0.89673564 -0.00026802 -0.14619824 -0.05795802 0.05195793 
0.36974246 0.02022209 0.70691358 0.60357539 0.25565756 0.22877399 0.05225537 
0.92615157 -0.00003624 0.00008870 0.37727359 -0.04923802 -0.01382349 0.05201145 

----------
iteration: 63100, probabilities: [0.000047 0.000015 0.999766 0.000057 0.000115], probability: 0.9997656941413879