0.92344679 -0.30767053 -0.37986675 -0.08333687 -0.03577714 0.01120351 0.18158303 
-0.18246261 0.21447127 0.20227934 -0.43327210 0.00335826 -0.04571945 0.14648631 
0.25858289 0.99827280 -0.57890997 -0.98371926 0.03170300 0.05276081 0.14346249 

----------
0.92344679 -0.30767053 -0.37986675 -0.08333687 -0.03577714 -0.03577714 -0.03577714 
-0.18246261 0.21447127 0.20227934 -0.43327210 0.00335826 0.00335826 0.00335826 
0.25858289 0.99827280 -0.57890997 -0.98371926 0.03170300 0.03170300 0.03170300 

----------
0.70705740 -0.67713698 -0.20239943 0.02606460 -0.00161865 -0.02570384 0.05191477 
-0.23731195 0.53615895 0.46111020 -0.66609708 -0.08031878 0.05712677 0.05187108 
0.43891785 0.41170087 -0.57207669 -0.55742588 0.09947297 0.07254886 0.05068530 

----------
iteration: 64371, probabilities: [0.000059 0.000011 0.998434 0.000619 0.000877], probability: 0.9984336495399475