0.98531617 -0.98354749 0.11522894 -0.11103777 -0.00896138 0.09765069 0.14132171 
0.13379939 0.10906681 -0.22641177 -0.98709124 0.00215675 0.00230484 0.18091380 
0.16288541 0.22086440 -0.36764328 -0.46007595 -0.02269818 0.00325371 0.15200706 

----------
0.98531617 -0.98354749 0.11522894 -0.11103777 -0.00896138 -0.00896138 -0.00896138 
0.13379939 0.10906681 -0.22641177 -0.98709124 0.00215675 0.00215675 0.00215675 
0.16288541 0.22086440 -0.36764328 -0.46007595 -0.02269818 -0.02269818 -0.02269818 

----------
0.69931571 -0.65958264 0.25422329 0.10642573 0.05992755 -0.07563918 0.05189990 
0.10147275 0.00009538 0.00000577 -0.99488106 0.04899826 0.03385064 0.05201148 
0.12841282 0.45727422 -0.53896410 -0.69567838 -0.11090072 -0.03731460 0.05225629 

----------
iteration: 65509, probabilities: [0.000035 0.000013 0.999694 0.000097 0.000161], probability: 0.9996943473815918