0.97029834 -0.58646067 -0.26480166 0.04877390 0.06081505 0.00009227 0.15974152 
0.43008527 -0.51777051 -0.55511516 -0.99882756 -0.04314507 0.06386027 0.16153033 
-0.67741134 0.15343915 -0.71559700 -0.83640319 0.01936629 0.00066717 0.14844243 

----------
0.97029834 -0.58646067 -0.26480166 0.04877390 0.06081505 0.06081505 0.06081505 
0.43008527 -0.51777051 -0.55511516 -0.99882756 -0.04314507 -0.04314507 -0.04314507 
-0.67741134 0.15343915 -0.71559700 -0.83640319 0.01936629 0.01936629 0.01936629 

----------
0.62674459 -0.70669022 0.02612394 0.32751148 0.14424246 0.12840793 0.05188009 
-0.45874651 -0.12963952 -0.69488683 -0.53866837 -0.10147638 -0.00713235 0.05225354 
-0.42005669 -0.08087345 -0.70219838 -0.56925344 0.01816930 0.04185325 0.05225623 

----------
iteration: 65450, probabilities: [0.000062 0.000011 0.999012 0.000338 0.000577], probability: 0.9990116357803345