-0.13521143 -0.61310814 -0.37284409 0.34038084 0.02021460 0.02816758 0.15672320 
-0.00281931 -0.06510253 -0.62555522 -0.79357737 0.01704944 -0.04643916 0.15611041 
-0.13181085 0.62023423 -0.01972509 -0.53493746 0.00956307 0.06822688 0.14647081 

----------
-0.13521143 -0.61310814 -0.37284409 0.34038084 0.02021460 0.02021460 0.02021460 
-0.00281931 -0.06510253 -0.62555522 -0.79357737 0.01704944 0.01704944 0.01704944 
-0.13181085 0.62023423 -0.01972509 -0.53493746 0.00956307 0.00956307 0.00956307 

----------
-0.00117195 -0.29772384 -0.95484487 0.00054442 0.11787851 -0.04340065 0.05196982 
-0.22654652 0.13701465 -0.69342371 -0.67019580 -0.13503641 0.07053665 0.05225627 
-0.31709735 0.58849697 0.39233367 -0.63214073 -0.01215405 -0.08233941 0.05186798 

----------
iteration: 65534, probabilities: [0.000036 0.000013 0.999795 0.000048 0.000109], probability: 0.9997945427894592