0.94923626 0.06948306 -0.29053028 -0.32925628 0.01149020 -0.00506221 0.17457967 
0.23149440 -0.22562757 -0.53113815 -0.78135329 0.01317198 -0.01196030 0.17590732 
0.20587766 0.61064675 -0.08617730 -0.82472333 0.02499880 -0.01101250 0.15359834 

----------
0.94923626 0.06948306 -0.29053028 -0.32925628 0.01149020 0.01149020 0.01149020 
0.23149440 -0.22562757 -0.53113815 -0.78135329 0.01317198 0.01317198 0.01317198 
0.20587766 0.61064675 -0.08617730 -0.82472333 0.02499880 0.02499880 0.02499880 

----------
0.95171810 0.00002979 0.00009084 -0.30716869 -0.02380395 0.06526112 0.05201145 
-0.25655879 0.10571483 -0.69892465 -0.65931683 -0.03944077 -0.03959864 0.05225722 
0.47778648 0.67361808 -0.21435608 -0.52192012 0.09975848 0.10523664 0.05226356 

----------
iteration: 66542, probabilities: [0.000056 0.000011 0.998996 0.000373 0.000564], probability: 0.9989960789680481