0.70497503 -0.75614685 -0.97951445 -0.11181618 0.01165454 0.03326449 0.15145613 
0.48299957 -0.44090065 -0.14286076 -0.78644419 0.01752928 -0.01811517 0.16468742 
-0.04666175 0.49369739 0.09100835 -0.98980060 0.01983795 0.00254666 0.12620933 

----------
0.70497503 -0.75614685 -0.97951445 -0.11181618 0.01165454 0.01165454 0.01165454 
0.48299957 -0.44090065 -0.14286076 -0.78644419 0.01752928 0.01752928 0.01752928 
-0.04666175 0.49369739 0.09100835 -0.98980060 0.01983795 0.01983795 0.01983795 

----------
0.69727968 -0.59050301 -0.38750248 0.12297245 0.04705218 -0.06468920 0.05204591 
0.48012120 0.00094834 0.00252493 -0.87733356 -0.08130117 0.03950800 0.05216733 
-0.30348154 0.00007190 -0.00006990 -0.95303558 0.15648658 0.02531905 0.05201156 

----------
iteration: 67156, probabilities: [0.000049 0.000013 0.999092 0.000350 0.000496], probability: 0.9990921020507812