0.98247983 -0.46626791 -0.91205437 0.37323278 0.03230907 -0.01366464 0.17443273 
0.17876245 0.07479165 -0.63931807 -0.94967580 0.00607904 0.02259908 0.15908939 
-0.75298588 0.97226840 -0.17224562 -0.98645913 0.08161092 0.02199425 0.17576097 

----------
0.98247983 -0.46626791 -0.91205437 0.37323278 0.03230907 0.03230907 0.03230907 
0.17876245 0.07479165 -0.63931807 -0.94967580 0.00607904 0.00607904 0.00607904 
-0.75298588 0.97226840 -0.17224562 -0.98645913 0.08161092 0.08161092 0.08161092 

----------
0.48091420 -0.67439865 -0.21184864 0.51886820 0.01040579 0.14909994 0.05190082 
-0.11727474 0.24536592 -0.66288206 -0.69766704 -0.02209913 -0.03415414 0.05225626 
-0.69422861 0.66996504 -0.22647313 -0.13448161 0.11568252 0.08864957 0.05186519 

----------
iteration: 67272, probabilities: [0.000069 0.000016 0.999442 0.000175 0.000298], probability: 0.9994418025016785