-0.04695741 -0.05520599 -0.85739257 -0.09581952 -0.05865891 -0.00294520 0.15780758 
-0.22953254 -0.97636526 -0.02966066 0.98351939 0.04069341 -0.00678473 0.16986975 
-0.27049365 -0.14548894 0.99076382 -0.43821232 -0.00799315 0.02715044 0.17404385 

----------
-0.04695741 -0.05520599 -0.85739257 -0.09581952 -0.05865891 -0.05865891 -0.05865891 
-0.22953254 -0.97636526 -0.02966066 0.98351939 0.04069341 0.04069341 0.04069341 
-0.27049365 -0.14548894 0.99076382 -0.43821232 -0.00799315 -0.00799315 -0.00799315 

----------
-0.00092152 -0.06893459 -0.99764516 0.00011515 -0.09299698 -0.07670940 0.05195062 
-0.41549582 -0.64483815 0.28954503 0.57261814 0.00802594 0.17029669 0.05225629 
0.02254559 0.31450229 0.63339967 -0.70685477 -0.00617489 0.02789171 0.05170287 

----------
iteration: 68839, probabilities: [0.000058 0.000012 0.999556 0.000136 0.000238], probability: 0.9995560050010681