0.21592223 0.13851085 -0.97399487 -0.12365529 0.04898375 0.05868414 0.19232492 
0.98203160 -0.99003004 -0.02872157 0.74239314 -0.01167452 -0.00510633 0.12112627 
0.76926969 0.10519936 0.95848879 -0.93932239 0.01472665 0.01484661 0.18632681 

----------
0.21592223 0.13851085 -0.97399487 -0.12365529 0.04898375 0.04898375 0.04898375 
0.98203160 -0.99003004 -0.02872157 0.74239314 -0.01167452 -0.01167452 -0.01167452 
0.76926969 0.10519936 0.95848879 -0.93932239 0.01472665 0.01472665 0.01472665 

----------
0.11280300 0.19027047 -0.96279046 0.15562735 0.07209207 0.11075844 0.06696878 
0.57550001 -0.70352407 -0.07167158 0.41086086 0.01995490 -0.05808143 0.05187559 
0.39583185 -0.05354639 0.70511016 -0.58593321 -0.04849045 0.03073751 0.05186973 

----------
iteration: 68332, probabilities: [0.000050 0.000014 0.999702 0.000087 0.000148], probability: 0.9997020363807678