0.47169921 0.44763186 -0.62467618 -0.31364044 0.05052297 -0.03353885 0.15869601 
0.57167074 -0.41488483 0.08709682 0.38704124 0.03093901 0.03912269 0.15647789 
0.00336852 0.15948249 0.66598707 -0.76058938 0.01199185 0.02769894 0.15870843 

----------
0.47169921 0.44763186 -0.62467618 -0.31364044 0.05052297 0.05052297 0.05052297 
0.57167074 -0.41488483 0.08709682 0.38704124 0.03093901 0.03093901 0.03093901 
0.00336852 0.15948249 0.66598707 -0.76058938 0.01199185 0.01199185 0.01199185 

----------
0.39485167 0.21190490 -0.66140172 -0.60157911 0.07599847 0.12516221 0.05234876 
0.67837650 -0.69888833 0.06599492 0.21706702 0.06418851 -0.00111650 0.05271060 
0.10602705 0.25429018 0.65984410 -0.69909636 -0.06372442 -0.00271762 0.05187248 

----------
iteration: 69608, probabilities: [0.000071 0.000012 0.997145 0.001153 0.001618], probability: 0.9971445202827454