0.42028324 0.50664172 -0.72062137 -0.71407626 0.01499662 -0.01751964 0.16419865 
0.23959282 -0.96186051 -0.62066936 0.43283734 0.04851422 0.02325113 0.15800352 
0.30754968 0.05455894 0.57881241 -0.35879710 0.00853929 -0.01295666 0.16058382 

----------
0.42028324 0.50664172 -0.72062137 -0.71407626 0.01499662 0.01499662 0.01499662 
0.23959282 -0.96186051 -0.62066936 0.43283734 0.04851422 0.04851422 0.04851422 
0.30754968 0.05455894 0.57881241 -0.35879710 0.00853929 0.00853929 0.00853929 

----------
0.21741629 0.52321710 -0.47521553 -0.67319462 0.06334368 -0.06134166 0.05225625 
0.29763105 -0.57003996 -0.41856514 0.64148064 0.11041383 0.10561715 0.05176145 
0.37286396 -0.02684528 0.70668154 -0.60085951 -0.04939046 0.03287772 0.05186594 

----------
iteration: 69766, probabilities: [0.000074 0.000013 0.996648 0.001436 0.001829], probability: 0.9966484904289246