0.39716279 0.39177487 -0.92393447 -0.65496358 0.01842038 0.02055545 0.16045369 
0.48610803 -0.88724183 0.16479846 0.64728820 0.02578953 0.05795478 0.11809658 
0.20613642 0.37195457 0.83453874 -0.63772202 0.02343143 -0.00308339 0.15694349 

----------
0.39716279 0.39177487 -0.92393447 -0.65496358 0.01842038 0.01842038 0.01842038 
0.48610803 -0.88724183 0.16479846 0.64728820 0.02578953 0.02578953 0.02578953 
0.20613642 0.37195457 0.83453874 -0.63772202 0.02343143 0.02343143 0.02343143 

----------
0.15943303 0.48096042 -0.51797170 -0.68925671 -0.02217877 -0.08494507 0.05225626 
0.54350103 -0.69627899 -0.12368861 0.45232916 0.08450337 -0.02466637 0.05187125 
0.11365694 0.23072856 0.66843134 -0.69797395 -0.00520858 0.10475744 0.05170167 

----------
iteration: 69672, probabilities: [0.000050 0.000013 0.999324 0.000252 0.000361], probability: 0.9993244409561157