0.34865870 -0.03008096 -0.49975011 0.63230540 -0.02421555 -0.01142267 0.14544600 
-0.31898996 -0.46566306 -0.28373950 0.47309157 0.01494879 0.05197804 0.14716714 
0.16483855 0.49592677 0.17203975 -0.36312861 -0.00821761 0.01065384 0.16886556 

----------
0.34865870 -0.03008096 -0.49975011 0.63230540 -0.02421555 -0.02421555 -0.02421555 
-0.31898996 -0.46566306 -0.28373950 0.47309157 0.01494879 0.01494879 0.01494879 
0.16483855 0.49592677 0.17203975 -0.36312861 -0.00821761 -0.00821761 -0.00821761 

----------
0.01889996 -0.36667329 -0.60471221 0.70688515 -0.13204190 -0.02710772 0.05187238 
-0.56529926 -0.70145987 0.08751196 0.42544795 -0.07929120 0.12009078 0.05225684 
0.97384658 -0.00050660 0.00032703 -0.22825009 0.05590924 0.09891821 0.05205084 

----------
iteration: 69532, probabilities: [0.000093 0.000010 0.998861 0.000467 0.000569], probability: 0.9988607168197632