-0.37023218 0.26677594 -0.92229018 -0.95956496 -0.06539894 0.01945719 0.13063231 
0.69286561 -0.98784958 0.45262836 0.88181448 0.00527975 -0.01565559 0.19323023 
0.14197883 0.29932544 0.99983200 -0.80583607 0.01326466 -0.03452835 0.16997262 

----------
-0.37023218 0.26677594 -0.92229018 -0.95956496 -0.06539894 -0.06539894 -0.06539894 
0.69286561 -0.98784958 0.45262836 0.88181448 0.00527975 0.00527975 0.00527975 
0.14197883 0.29932544 0.99983200 -0.80583607 0.01326466 0.01326466 0.01326466 

----------
-0.12750637 0.23560113 -0.66640259 -0.69585739 -0.08526060 -0.07113433 0.05225631 
0.66855913 -0.69768510 0.11548068 0.23035693 -0.09325550 0.03667364 0.05170553 
0.17682285 0.18570866 0.68232994 -0.68463469 0.06695929 -0.02812186 0.05187558 

----------
iteration: 70018, probabilities: [0.000036 0.000012 0.999707 0.000092 0.000152], probability: 0.9997072815895081