0.47931954 0.12762750 0.29650727 -0.58131898 -0.06298153 -0.01004737 0.16524318 
0.66575542 0.35501259 -0.86157291 -0.18255025 -0.02819177 0.06934653 0.15491628 
0.48199750 -0.39869303 0.02386745 0.42975968 0.00029027 -0.01664956 0.16700707 

----------
0.47931954 0.12762750 0.29650727 -0.58131898 -0.06298153 -0.06298153 -0.06298153 
0.66575542 0.35501259 -0.86157291 -0.18255025 -0.02819177 -0.02819177 -0.02819177 
0.48199750 -0.39869303 0.02386745 0.42975968 0.00029027 0.00029027 0.00029027 

----------
0.56461006 0.00007902 0.00005432 -0.82548195 -0.11862707 -0.02442752 0.05201145 
0.53469316 0.69320324 -0.13840658 -0.46339290 0.08164519 -0.16145193 0.05225637 
0.55689877 -0.69969566 -0.10260704 0.43575692 -0.04503903 0.06559806 0.05187241 

----------
iteration: 70872, probabilities: [0.000036 0.000010 0.999573 0.000158 0.000223], probability: 0.9995726943016052