0.16090042 -0.50850260 0.64665984 -0.83723426 0.05431521 -0.00793859 0.15372150 
0.25747150 0.03815192 -0.50698836 0.06801275 -0.02616222 0.01058660 0.15974437 
0.96799874 -0.62853505 0.06631663 0.53504472 -0.02956220 0.00694984 0.15560074 

----------
0.16090042 -0.50850260 0.64665984 -0.83723426 0.05431521 0.05431521 0.05431521 
0.25747150 0.03815192 -0.50698836 0.06801275 -0.02616222 -0.02616222 -0.02616222 
0.96799874 -0.62853505 0.06631663 0.53504472 -0.02956220 -0.02956220 -0.02956220 

----------
0.40493132 -0.20061450 0.67827358 -0.57948458 0.02007064 0.05950321 0.05211997 
0.69346138 0.07984694 -0.70265625 0.13830078 0.08556462 -0.04751526 0.05139027 
0.64255201 -0.70440821 0.06193114 0.29526294 -0.11612482 -0.01169709 0.05187425 

----------
iteration: 70893, probabilities: [0.000051 0.000011 0.999175 0.000326 0.000437], probability: 0.9991747736930847