0.38572407 0.37479292 -0.45041828 0.01348192 -0.02155078 0.01520338 0.11858593 
0.34996142 -0.96237449 -0.23557683 0.52853227 -0.02088800 0.02811004 0.15095319 
0.23791123 0.59369039 0.67473280 -0.99862292 -0.02617218 -0.08536389 0.15382257 

----------
0.38572407 0.37479292 -0.45041828 0.01348192 -0.02155078 -0.02155078 -0.02155078 
0.34996142 -0.96237449 -0.23557683 0.52853227 -0.02088800 -0.02088800 -0.02088800 
0.23791123 0.59369039 0.67473280 -0.99862292 -0.02617218 -0.02617218 -0.02617218 

----------
0.69333984 0.67119999 0.22215074 -0.14069471 0.15478782 -0.08952644 0.05225669 
0.48345999 -0.67566444 -0.20871335 0.51601195 0.00079856 0.03288152 0.05187242 
0.06532529 0.29209484 0.64403748 -0.70408718 -0.06466444 -0.06047827 0.05187181 

----------
iteration: 70026, probabilities: [0.000040 0.000012 0.999203 0.000318 0.000427], probability: 0.9992032647132874