-0.67227493 -0.61148529 -0.09300838 -0.79071664 0.04413411 0.00424542 0.14129985 
0.50102629 0.30641473 -0.95261934 -0.53046489 -0.01100940 0.00618468 0.19430606 
0.63575125 -0.71797891 0.30131481 0.57797940 -0.00348599 0.02134116 0.16293117 

----------
-0.67227493 -0.61148529 -0.09300838 -0.79071664 0.04413411 0.04413411 0.04413411 
0.50102629 0.30641473 -0.95261934 -0.53046489 -0.01100940 -0.01100940 -0.01100940 
0.63575125 -0.71797891 0.30131481 0.57797940 -0.00348599 -0.00348599 -0.00348599 

----------
-0.48216314 -0.67318342 -0.21659895 -0.51730801 0.06844855 -0.06762353 0.05216296 
0.13690920 0.46385378 -0.53337507 -0.69410495 -0.08235148 -0.03555879 0.05225627 
0.59028379 -0.70453089 -0.06170826 0.38940383 0.02985513 0.05611474 0.05170471 

----------
iteration: 70889, probabilities: [0.000055 0.000012 0.998458 0.000696 0.000779], probability: 0.9984580278396606