0.04442779 -0.33163497 0.07174999 -0.61451130 -0.04642731 0.01674390 0.16011785 
0.12687710 -0.14501233 -0.89860585 0.09433707 0.01956058 -0.00813306 0.14572295 
0.82393581 -0.36653291 -0.13626048 0.27076668 -0.01708013 0.02565491 0.16322286 

----------
0.04442779 -0.33163497 0.07174999 -0.61451130 -0.04642731 -0.04642731 -0.04642731 
0.12687710 -0.14501233 -0.89860585 0.09433707 0.01956058 0.01956058 0.01956058 
0.82393581 -0.36653291 -0.13626048 0.27076668 -0.01708013 -0.01708013 -0.01708013 

----------
0.55041347 -0.25814575 0.65844845 -0.44402004 -0.05961204 -0.20743985 0.05187215 
0.41439293 -0.64303863 -0.29462912 0.57325601 0.07657200 0.21321371 0.05185059 
0.58042586 -0.70436387 -0.06330367 0.40397961 -0.00887681 0.06996772 0.05187347 

----------
iteration: 71279, probabilities: [0.000067 0.000016 0.999684 0.000083 0.000150], probability: 0.9996844530105591