-0.04526529 -0.49814650 0.46708444 -0.70540420 -0.03902656 0.00339309 0.13420675 
0.28362810 -0.06094720 -0.97932212 -0.17011049 -0.02152484 0.02873190 0.16948300 
0.56504964 0.45793285 0.07481573 0.97348986 0.05602696 0.00820135 0.15190426 

----------
-0.04526529 -0.49814650 0.46708444 -0.70540420 -0.03902656 -0.03902656 -0.03902656 
0.28362810 -0.06094720 -0.97932212 -0.17011049 -0.02152484 -0.02152484 -0.02152484 
0.56504964 0.45793285 0.07481573 0.97348986 0.05602696 0.05602696 0.05602696 

----------
0.42837215 -0.09336727 0.70098887 -0.56259949 -0.13933932 -0.03524192 0.05187241 
-0.24816752 0.11394020 -0.69788184 -0.66233553 -0.04940478 -0.16069011 0.05224601 
0.42246781 -0.00004320 0.00011435 0.90665010 0.02576986 0.08323940 0.05201234 

----------
iteration: 71972, probabilities: [0.000040 0.000013 0.999772 0.000056 0.000119], probability: 0.9997724890708923