-0.43873602 -0.67304063 0.24297528 -0.35795774 -0.00956032 0.05511706 0.15525763 
0.51023031 -0.51188469 -0.93237604 -0.24918380 0.01337126 -0.02862583 0.16927757 
0.78520739 -0.39832349 0.14534021 0.47195318 -0.00358234 0.01543185 0.16574152 

----------
-0.43873602 -0.67304063 0.24297528 -0.35795774 -0.00956032 -0.00956032 -0.00956032 
0.51023031 -0.51188469 -0.93237604 -0.24918380 0.01337126 0.01337126 0.01337126 
0.78520739 -0.39832349 0.14534021 0.47195318 -0.00358234 -0.00358234 -0.00358234 

----------
-0.70623299 -0.63304322 -0.31454735 0.04240580 0.00652137 0.08883622 0.05225801 
0.65019003 -0.33458098 -0.62313148 -0.27771869 0.09735176 0.01906338 0.05140456 
0.90286940 -0.00004140 0.00008654 0.43013888 -0.00140069 -0.14870676 0.05201145 

----------
iteration: 72692, probabilities: [0.000045 0.000014 0.999516 0.000179 0.000247], probability: 0.9995155334472656