-0.03545295 -0.62478570 0.50626542 -0.99099967 -0.05567158 0.02666571 0.16851984 
0.35124750 -0.58926427 -0.99574922 -0.29027689 0.02611484 -0.01412334 0.14077089 
0.98200365 -0.82593239 -0.42186206 0.76923210 0.03555299 -0.01447606 0.16569059 

----------
-0.03545295 -0.62478570 0.50626542 -0.99099967 -0.05567158 -0.05567158 -0.05567158 
0.35124750 -0.58926427 -0.99574922 -0.29027689 0.02611484 0.02611484 0.02611484 
0.98200365 -0.82593239 -0.42186206 0.76923210 0.03555299 0.03555299 0.03555299 

----------
0.43555416 -0.10232684 0.69977786 -0.55710901 -0.10618316 -0.13237021 0.05187241 
-0.00018127 -0.57469977 -0.81850073 0.00031900 0.07316751 0.05916969 0.05196995 
0.46075008 -0.66602836 -0.23765987 0.53637991 -0.03626466 0.09057165 0.05187241 

----------
iteration: 72631, probabilities: [0.000043 0.000012 0.999754 0.000067 0.000124], probability: 0.9997544884681702