-0.44339898 -0.98341224 0.76992599 -0.42643624 0.00203789 0.08298837 0.19155328 
0.85096149 -0.19828735 -0.62798383 -0.28821464 0.03673870 -0.04098310 0.16335357 
0.83099969 -0.09343254 -0.14353506 0.63085471 0.02926224 0.01078167 0.13461847 

----------
-0.44339898 -0.98341224 0.76992599 -0.42643624 0.00203789 0.00203789 0.00203789 
0.85096149 -0.19828735 -0.62798383 -0.28821464 0.03673870 0.03673870 0.03673870 
0.83099969 -0.09343254 -0.14353506 0.63085471 0.02926224 0.02926224 0.02926224 

----------
-0.01608572 0.36452897 0.60573627 -0.70739392 -0.15455730 0.04898246 0.05190433 
0.02335331 0.37194970 -0.60112904 -0.70713851 0.00034002 -0.05255886 0.05225601 
0.84605654 -0.00005099 0.00008103 0.53316284 0.01907474 0.10229971 0.05201145 

----------
iteration: 72923, probabilities: [0.000058 0.000011 0.999625 0.000120 0.000186], probability: 0.9996246099472046