-0.02376822 -0.60507836 0.74193792 -0.70053374 -0.01621143 -0.01598073 0.16856256 
0.20291069 -0.19033131 -0.51606606 0.02787719 0.04966268 0.00365903 0.16133613 
0.41801200 0.23112422 0.34533466 0.69051186 0.01656210 0.03037654 0.13801425 

----------
-0.02376822 -0.60507836 0.74193792 -0.70053374 -0.01621143 -0.01621143 -0.01621143 
0.20291069 -0.19033131 -0.51606606 0.02787719 0.04966268 0.04966268 0.04966268 
0.41801200 0.23112422 0.34533466 0.69051186 0.01656210 0.01656210 0.01656210 

----------
0.09420770 0.26472257 0.65584887 -0.70087620 -0.08073843 -0.04660449 0.05186356 
-0.00080794 -0.71191939 -0.70239754 0.00097652 0.07737881 0.08422486 0.05196450 
0.43783995 0.10302760 0.69928953 0.55569161 -0.04680868 0.10475185 0.05225634 

----------
iteration: 72255, probabilities: [0.000063 0.000011 0.999364 0.000207 0.000355], probability: 0.9993637204170227