-0.60739665 -0.93503492 -0.00113649 -0.28645958 0.04127303 0.04564813 0.18008181 
0.97132267 -0.16515712 -0.93456587 0.26573496 0.02864858 -0.02268712 0.14399468 
0.98306225 -0.47682317 0.00287125 -0.24408348 -0.00109497 0.06375062 0.16123741 

----------
-0.60739665 -0.93503492 -0.00113649 -0.28645958 0.04127303 0.04127303 0.04127303 
0.97132267 -0.16515712 -0.93456587 0.26573496 0.02864858 0.02864858 0.02864858 
0.98306225 -0.47682317 0.00287125 -0.24408348 -0.00109497 -0.00109497 -0.00109497 

----------
-0.70735379 -0.60606549 -0.36380018 -0.01384048 0.14911578 0.08533868 0.05225625 
0.68231666 -0.11740300 -0.69746422 0.18495959 -0.03415127 0.08056828 0.05190958 
0.70713391 -0.61198200 0.35434866 -0.00445263 0.05301266 -0.03334654 0.05188444 

----------
iteration: 73942, probabilities: [0.000056 0.000017 0.999655 0.000104 0.000167], probability: 0.9996552467346191