0.11529421 -0.38920409 0.68938933 -0.98410459 -0.05586818 0.02117407 0.15638365 
0.30754482 -0.64070287 -0.33978430 0.39161250 0.02651943 0.02448258 0.13809378 
0.83534697 -0.43414376 -0.60691551 0.71657815 0.03936771 0.04227538 0.16576851 

----------
0.11529421 -0.38920409 0.68938933 -0.98410459 -0.05586818 -0.05586818 -0.05586818 
0.30754482 -0.64070287 -0.33978430 0.39161250 0.02651943 0.02651943 0.02651943 
0.83534697 -0.43414376 -0.60691551 0.71657815 0.03936771 0.03936771 0.03936771 

----------
0.38216736 -0.03701156 0.70618685 -0.59499360 -0.10496883 -0.10892828 0.05188394 
0.38826714 -0.63011739 -0.32099495 0.59098810 0.09247260 -0.02483501 0.05187311 
0.32662905 -0.59408277 -0.38364979 0.62716939 -0.01368667 0.14345679 0.05186418 

----------
iteration: 73699, probabilities: [0.000044 0.000013 0.999600 0.000143 0.000200], probability: 0.9995997548103333