-0.01387432 -0.39508022 -0.03043562 -0.81253788 0.02206994 0.03375288 0.14610546 
0.74385763 -0.18048551 -0.55090019 -0.17170490 -0.02376080 -0.00950766 0.15585830 
0.41866686 -0.20516637 0.45543520 0.51983689 -0.04041822 0.05319383 0.15920418 

----------
-0.01387432 -0.39508022 -0.03043562 -0.81253788 0.02206994 0.02206994 0.02206994 
0.74385763 -0.18048551 -0.55090019 -0.17170490 -0.02376080 -0.02376080 -0.02376080 
0.41866686 -0.20516637 0.45543520 0.51983689 -0.04041822 -0.04041822 -0.04041822 

----------
-0.11468660 0.00010873 -0.00005065 -0.99355177 -0.00589233 0.08613124 0.05201062 
0.74583043 -0.33360022 -0.57009900 0.08648778 0.01506494 -0.05939647 0.05604084 
0.36082043 -0.14188652 0.68926842 0.61208006 -0.06969121 -0.00080165 0.06794678 

----------
iteration: 73848, probabilities: [0.000040 0.000013 0.999730 0.000078 0.000139], probability: 0.9997304081916809