-0.36211401 -0.19238814 0.73301481 -0.99960151 0.00940545 0.01466293 0.14383246 
0.20250884 0.16698841 -0.87218287 -0.19241904 0.02088330 -0.06054292 0.14242043 
0.99951761 -0.26282323 -0.53703020 0.47809759 -0.00126690 -0.01757200 0.15427379 

----------
-0.36211401 -0.19238814 0.73301481 -0.99960151 0.00940545 0.00940545 0.00940545 
0.20250884 0.16698841 -0.87218287 -0.19241904 0.02088330 0.02088330 0.02088330 
0.99951761 -0.26282323 -0.53703020 0.47809759 -0.00126690 -0.00126690 -0.00126690 

----------
0.19826755 0.16410660 0.68787979 -0.67879493 -0.12363170 0.02905761 0.05187216 
-0.70699490 0.59728580 -0.37820406 0.03208290 -0.00509225 0.15306532 0.05191088 
0.65325929 -0.36116454 -0.60426395 0.27889958 -0.04551132 -0.07835214 0.05246763 

----------
iteration: 74757, probabilities: [0.000069 0.000010 0.999213 0.000293 0.000414], probability: 0.9992130994796753