-0.16414303 -0.85873129 0.79555674 -0.83662935 0.00164270 0.02402376 0.17948251 
0.34622688 0.06338838 -0.99892901 0.22458873 -0.06897919 0.01776476 0.15544189 
0.45672705 -0.55839965 -0.62121105 -0.04549708 0.01259748 -0.00588047 0.15477111 

----------
-0.16414303 -0.85873129 0.79555674 -0.83662935 0.00164270 0.00164270 0.00164270 
0.34622688 0.06338838 -0.99892901 0.22458873 -0.06897919 -0.06897919 -0.06897919 
0.45672705 -0.55839965 -0.62121105 -0.04549708 0.01259748 0.01259748 0.01259748 

----------
0.35944288 -0.01234708 0.70719843 -0.60895210 -0.12796948 0.03896215 0.05184648 
-0.39112889 0.02840048 -0.72488454 0.56673511 -0.18824118 -0.06074552 0.05619971 
0.78728626 -0.00027391 0.00010347 0.61721153 0.21305642 -0.11505932 0.05202138 

----------
iteration: 75942, probabilities: [0.000045 0.000010 0.999543 0.000175 0.000226], probability: 0.9995434880256653