0.33682035 -0.35407466 0.55190420 -0.78759457 0.02874869 -0.02979149 0.17981626 
0.63518744 -0.34763299 -0.18964564 0.35307550 -0.00857204 -0.06237023 0.15753983 
0.76296159 -0.34622377 -0.22565169 0.38244781 0.00784075 0.03599078 0.18201000 

----------
0.33682035 -0.35407466 0.55190420 -0.78759457 0.02874869 0.02874869 0.02874869 
0.63518744 -0.34763299 -0.18964564 0.35307550 -0.00857204 -0.00857204 -0.00857204 
0.76296159 -0.34622377 -0.22565169 0.38244781 0.00784075 0.00784075 0.00784075 

----------
0.41252365 -0.39988132 0.58368638 -0.57383615 -0.01503030 0.08056805 0.05091536 
0.54407120 -0.64311343 -0.12727072 0.52369753 0.09291410 0.05178612 0.05841447 
0.77749637 -0.44623019 -0.16637363 0.41074141 -0.04089176 -0.06630749 0.06981719 

----------
iteration: 75260, probabilities: [0.000048 0.000013 0.999600 0.000138 0.000201], probability: 0.9996002316474915