-0.18749209 -0.44226542 0.71706957 -0.71441215 -0.06189985 -0.01266356 0.15322993 
0.64857995 -0.09127306 -0.64343604 0.11173157 -0.00683298 0.00056646 0.12882266 
0.82152960 0.20878148 -0.24596006 0.33010968 -0.00874133 -0.02024956 0.14227830 

----------
-0.18749209 -0.44226542 0.71706957 -0.71441215 -0.06189985 -0.06189985 -0.06189985 
0.64857995 -0.09127306 -0.64343604 0.11173157 -0.00683298 -0.00683298 -0.00683298 
0.82152960 0.20878148 -0.24596006 0.33010968 -0.00874133 -0.00874133 -0.00874133 

----------
0.25614192 0.10195202 0.69986445 -0.65910313 -0.17156104 -0.08519888 0.05185098 
0.33065282 -0.58714686 -0.39405169 0.62523448 -0.01824162 0.15590329 0.05170461 
0.94447155 -0.00002813 0.00008996 0.32888732 0.05007385 -0.02893476 0.05201145 

----------
iteration: 75325, probabilities: [0.000054 0.000011 0.999678 0.000099 0.000157], probability: 0.9996784925460815