0.71441384 0.57640705 0.32928438 -0.42402288 -0.05916508 0.01099314 0.14604275 
0.21302607 -0.61223556 -0.55010440 0.29541446 -0.03717307 -0.01651049 0.15296166 
0.34280904 -0.51526971 0.57676891 0.45544774 -0.01779975 -0.03224428 0.14930709 

----------
0.71441384 0.57640705 0.32928438 -0.42402288 -0.05916508 -0.05916508 -0.05916508 
0.21302607 -0.61223556 -0.55010440 0.29541446 -0.03717307 -0.03717307 -0.03717307 
0.34280904 -0.51526971 0.57676891 0.45544774 -0.01779975 -0.01779975 -0.01779975 

----------
0.66979193 0.69376287 0.13560827 -0.22792833 -0.10980753 -0.12905858 0.05225581 
0.29596382 -0.57531575 -0.41126255 0.64221305 -0.04660692 0.03215187 0.05187183 
0.14561912 -0.21465483 0.67368158 0.69229118 0.11941517 -0.01663536 0.05226478 

----------
iteration: 284, probabilities: [0.000016 0.000018 0.999872 0.000046 0.000048], probability: 0.9998718500137329