0.99818385 0.62531272 0.41646797 -0.57477404 -0.01837536 -0.02100086 0.16184903 
0.07487200 -0.12431434 -0.51897584 -0.01008986 0.03034742 0.00255924 0.14166066 
-0.48820482 -0.05658949 -0.07520083 0.39291464 0.02933327 0.02450756 0.17346220 

----------
0.99818385 0.62531272 0.41646797 -0.57477404 -0.01837536 -0.01837536 -0.01837536 
0.07487200 -0.12431434 -0.51897584 -0.01008986 0.03034742 0.03034742 0.03034742 
-0.48820482 -0.05658949 -0.07520083 0.39291464 0.02933327 0.02933327 0.02933327 

----------
0.62564061 0.70643138 0.02492592 -0.33032635 -0.14319659 -0.07462956 0.05225624 
0.02111742 -0.25501304 -0.96667245 0.01599347 0.02449708 -0.00149326 0.05406988 
-0.79065914 -0.00005867 -0.00007566 0.61230646 0.08685099 0.12065455 0.05201145 

----------
iteration: 1787, probabilities: [0.000018 0.000026 0.999900 0.000027 0.000029], probability: 0.9999004602432251