0.88355797 0.12549941 0.25614440 -0.06723168 -0.00565776 0.05869119 0.16989415 
0.04496204 -0.70813644 -0.61716126 0.86181681 -0.00006549 -0.00042674 0.16236156 
0.86190449 -0.96506078 0.51348745 0.97786617 -0.06709643 -0.03017778 0.16975625 

----------
0.88355797 0.12549941 0.25614440 -0.06723168 -0.00565776 -0.00565776 -0.00565776 
0.04496204 -0.70813644 -0.61716126 0.86181681 -0.00006549 -0.00006549 -0.00006549 
0.86190449 -0.96506078 0.51348745 0.97786617 -0.06709643 -0.06709643 -0.06709643 

----------
0.98645922 0.00001589 0.00009438 -0.16459587 -0.03750106 -0.02398062 0.05201145 
0.13875854 -0.46412341 -0.53361199 0.69341650 0.06628102 0.06107761 0.05187250 
0.62018608 -0.70720717 -0.00543973 0.34000692 -0.18581982 -0.11215382 0.05170270 

----------
iteration: 2222, probabilities: [0.000015 0.000022 0.999910 0.000027 0.000027], probability: 0.9999096393585205