0.55559949 0.04338861 0.07029882 -0.18478164 0.02481274 0.05322181 0.14564612 
0.16472136 -0.03047649 -0.43427019 0.43204411 -0.00881092 -0.06319956 0.16424616 
0.19148269 -0.95303838 0.35717270 0.69915218 -0.01998148 0.08441924 0.16403649 

----------
0.55559949 0.04338861 0.07029882 -0.18478164 0.02481274 0.02481274 0.02481274 
0.16472136 -0.03047649 -0.43427019 0.43204411 -0.00881092 -0.00881092 -0.00881092 
0.19148269 -0.95303838 0.35717270 0.69915218 -0.01998148 -0.01998148 -0.01998148 

----------
0.97731181 -0.01632556 0.03058103 -0.20917344 0.07831087 0.00424618 0.05475601 
-0.04533928 -0.31026153 -0.63547755 0.70566021 -0.07381402 0.07654352 0.05187241 
0.11542009 -0.60584375 0.36964677 0.69501746 -0.00019175 -0.06182924 0.09099782 

----------
iteration: 2631, probabilities: [0.000015 0.000021 0.999840 0.000059 0.000066], probability: 0.9998399019241333