0.77808818 -0.09282419 0.74685287 0.40336040 0.01357353 -0.00801172 0.16299500 
0.13817890 -0.02094147 -0.56358420 0.20002529 -0.04553474 0.06464159 0.16211320 
-0.29421446 -0.63867469 0.06355760 0.97686915 0.03052895 -0.02627344 0.16578721 

----------
0.77808818 -0.09282419 0.74685287 0.40336040 0.01357353 0.01357353 0.01357353 
0.13817890 -0.02094147 -0.56358420 0.20002529 -0.04553474 -0.04553474 -0.04553474 
-0.29421446 -0.63867469 0.06355760 0.97686915 0.03052895 0.03052895 0.03052895 

----------
0.50044813 0.18346438 0.68177185 0.50145899 0.10812020 -0.06325968 0.05230800 
-0.02461256 -0.32879607 -0.62614285 0.70673322 -0.11070965 0.00757878 0.05187224 
-0.06910714 -0.41008423 0.57580364 0.70414354 -0.02532515 0.17244133 0.05225567 

----------
iteration: 5066, probabilities: [0.000014 0.000023 0.999878 0.000037 0.000048], probability: 0.9998784065246582