0.29647115 0.42269320 0.63007349 -0.37584738 -0.01147569 0.03621223 0.16197600 
0.01238672 0.23688950 -0.80611438 0.74723563 0.04090823 -0.02764476 0.16920714 
-0.02715137 -0.45888135 -0.22445031 0.97942895 -0.00097577 -0.00897954 0.11295871 

----------
0.29647115 0.42269320 0.63007349 -0.37584738 -0.01147569 -0.01147569 -0.01147569 
0.01238672 0.23688950 -0.80611438 0.74723563 0.04090823 0.04090823 0.04090823 
-0.02715137 -0.45888135 -0.22445031 0.97942895 -0.00097577 -0.00097577 -0.00097577 

----------
-0.00136751 0.48095870 0.87684504 0.00143461 -0.06095371 -0.05365200 0.05211384 
-0.36890266 0.02159339 -0.70685292 0.60326000 0.05592536 0.06323583 0.05187114 
0.17715130 -0.00009422 0.00001703 0.98433349 0.08499436 -0.04400782 0.05201145 

----------
iteration: 5866, probabilities: [0.000042 0.000348 0.999576 0.000026 0.000008], probability: 0.9995762705802917