0.85934683 0.35046906 0.51685071 -0.51016416 -0.01080434 -0.03534691 0.16028896 
0.01201590 -0.41719907 -0.57929055 0.57802104 -0.02841600 -0.03344142 0.15723240 
0.06791536 -0.94680950 0.22921281 0.99895320 0.02684804 0.06223367 0.18629733 

----------
0.85934683 0.35046906 0.51685071 -0.51016416 -0.01080434 -0.01080434 -0.01080434 
0.01201590 -0.41719907 -0.57929055 0.57802104 -0.02841600 -0.02841600 -0.02841600 
0.06791536 -0.94680950 0.22921281 0.99895320 0.02684804 0.02684804 0.02684804 

----------
0.87617709 0.00004610 0.00008410 -0.48230449 -0.08473040 0.13854086 0.05201145 
0.03189948 -0.37772943 -0.59785988 0.70640951 -0.03426824 -0.08225639 0.05187230 
-0.27515965 -0.52290350 0.47588275 0.65179986 0.10170093 0.08303564 0.05200640 

----------
iteration: 9046, probabilities: [0.000013 0.000023 0.999793 0.000081 0.000090], probability: 0.999792754650116