0.59188129 0.41187382 0.45602710 0.04843815 0.00907472 0.05315913 0.16219172 
0.12848556 -0.26575580 -0.49485527 0.45065680 -0.04458846 0.00416403 0.16150765 
-0.17837855 -0.56691897 0.26974832 0.21345322 0.02962168 0.02234713 0.17489037 

----------
0.59188129 0.41187382 0.45602710 0.04843815 0.00907472 0.00907472 0.00907472 
0.12848556 -0.26575580 -0.49485527 0.45065680 -0.04458846 -0.04458846 -0.04458846 
-0.17837855 -0.56691897 0.26974832 0.21345322 0.02962168 0.02962168 0.02962168 

----------
0.69391365 0.53286251 0.46436399 0.13760731 -0.03427263 0.02775331 0.05225626 
0.01850936 -0.36631166 -0.60488835 0.70684811 -0.07842671 -0.07594582 0.05187175 
-0.48521280 -0.63249324 0.31645259 0.51444379 0.11755335 0.05824454 0.05163375 

----------
iteration: 12207, probabilities: [0.000022 0.000029 0.997291 0.001875 0.000783], probability: 0.9972911477088928