-0.74516596 -0.22556920 0.38088129 -0.43718570 -0.01555848 -0.00866070 0.17106194 
0.62374189 -0.66351801 0.78322999 0.51505908 -0.03349611 -0.00733338 0.18769222 
0.65964753 -0.81380548 -0.18919679 -0.27753360 -0.02556705 -0.01353710 0.14264522 

----------
-0.74516596 -0.22556920 0.38088129 -0.43718570 -0.01555848 -0.01555848 -0.01555848 
0.62374189 -0.66351801 0.78322999 0.51505908 -0.03349611 -0.03349611 -0.03349611 
0.65964753 -0.81380548 -0.18919679 -0.27753360 -0.02556705 -0.02556705 -0.02556705 

----------
-0.64508482 -0.70350699 -0.06904546 0.29057036 0.11698500 -0.01133660 0.05225620 
0.76959827 -0.00051742 0.00030159 0.63880524 -0.12406573 -0.19495538 0.05206067 
0.70414866 -0.64410197 0.29203352 0.06511514 0.07249513 -0.10613553 0.05186795 

----------
iteration: 352, probabilities: [0.000002 0.000069 0.999884 0.000036 0.000009], probability: 0.9998836517333984