-0.61017874 0.08468154 -0.15630347 0.46399276 -0.04718110 -0.02117581 0.18974803 
0.97801198 -0.34516401 0.99027059 -0.05399406 0.00888359 -0.05029176 0.16563635 
0.74769454 -0.98731459 -0.10081053 -0.17575147 0.03799629 -0.03607123 0.16526926 

----------
-0.61017874 0.08468154 -0.15630347 0.46399276 -0.04718110 -0.04718110 -0.04718110 
0.97801198 -0.34516401 0.99027059 -0.05399406 0.00888359 0.00888359 0.00888359 
0.74769454 -0.98731459 -0.10081053 -0.17575147 0.03799629 0.03799629 0.03799629 

----------
-0.83773240 -0.00008249 -0.00001545 0.54625181 -0.11173716 -0.04571121 0.05201039 
0.85658596 -0.04727655 0.38474239 -0.34075542 0.00799662 -0.02794211 0.07794536 
0.66618400 -0.71982244 0.00664674 -0.19518600 0.02066308 0.07596113 0.05391690 

----------
iteration: 1119, probabilities: [0.000002 0.000032 0.999866 0.000074 0.000025], probability: 0.9998663663864136