-0.99997661 0.91101682 -0.45015324 0.04380826 -0.00868515 0.03901973 0.14934921 
0.23026860 -0.49087064 0.96657243 0.48356747 0.01158593 -0.02937218 0.14902078 
0.79724115 -0.95017727 -0.73230357 -0.70889488 -0.02791765 0.00083549 0.16632131 

----------
-0.99997661 0.91101682 -0.45015324 0.04380826 -0.00868515 -0.00868515 -0.00868515 
0.23026860 -0.49087064 0.96657243 0.48356747 0.01158593 0.01158593 0.01158593 
0.79724115 -0.95017727 -0.73230357 -0.70889488 -0.02791765 -0.02791765 -0.02791765 

----------
-0.70706550 0.61686927 -0.34572304 -0.00531970 -0.04800248 0.06067409 0.05187239 
0.06269225 -0.29615930 0.64182042 0.70469051 0.11696024 -0.04936495 0.05225634 
0.49549318 -0.52891076 -0.46905126 -0.50474008 -0.05916342 -0.08035853 0.05149433 

----------
iteration: 2793, probabilities: [0.000004 0.000034 0.999630 0.000242 0.000090], probability: 0.9996299743652344