-0.94352270 0.66613972 0.43955075 0.03881672 0.01816255 -0.03345856 0.15283336 
0.96905586 -0.17206854 0.92428810 0.36274693 0.05126888 -0.02044917 0.15061122 
0.67190726 -0.89714105 -0.99700069 -0.38754598 0.00489464 0.02215367 0.16504290 

----------
-0.94352270 0.66613972 0.43955075 0.03881672 0.01816255 0.01816255 0.01816255 
0.96905586 -0.17206854 0.92428810 0.36274693 0.05126888 0.05126888 0.05126888 
0.67190726 -0.89714105 -0.99700069 -0.38754598 0.00489464 0.00489464 0.00489464 

----------
-0.70319674 0.58268288 0.40034247 -0.07612859 0.06940803 -0.04028164 0.05174550 
0.66687326 0.00482810 0.71216428 0.21935005 0.07154377 0.07838098 0.09286742 
0.16579657 0.48578966 -0.51359868 -0.68786876 -0.13044769 -0.08777894 0.05225663 

----------
iteration: 3757, probabilities: [0.000003 0.000031 0.999824 0.000104 0.000039], probability: 0.9998236298561096