-0.98828060 0.87548801 -0.24227583 -0.41155901 -0.03800198 0.05929527 0.12484043 
0.55158399 -0.97945652 0.99882191 0.01950932 0.03863197 0.00009166 0.16632735 
0.92751367 -0.67597684 -0.96689760 0.17075672 -0.00708501 0.03263872 0.15682476 

----------
-0.98828060 0.87548801 -0.24227583 -0.41155901 -0.03800198 -0.03800198 -0.03800198 
0.55158399 -0.97945652 0.99882191 0.01950932 0.03863197 0.03863197 0.03863197 
0.92751367 -0.67597684 -0.96689760 0.17075672 -0.00708501 -0.00708501 -0.00708501 

----------
-0.66927965 0.70242675 -0.08131389 -0.22831087 -0.11392908 -0.00553690 0.05197778 
0.69395477 -0.54658236 0.44864051 -0.13595283 0.01020014 0.06357504 0.05169476 
0.61712744 -0.53053381 -0.33089015 0.47786545 0.06972711 -0.04702624 0.05989180 

----------
iteration: 3975, probabilities: [0.000011 0.000050 0.995473 0.003375 0.001092], probability: 0.9954728484153748