-0.96432640 0.69877265 0.18614393 0.33892216 -0.00781835 -0.03290033 0.15232212 
0.46997900 -0.66963689 0.34411151 0.80616029 -0.05324934 0.01591323 0.17832510 
-0.11802139 -0.42719855 -0.21161544 -0.20096887 0.00217615 0.04636994 0.19365810 

----------
-0.96432640 0.69877265 0.18614393 0.33892216 -0.00781835 -0.00781835 -0.00781835 
0.46997900 -0.66963689 0.34411151 0.80616029 -0.05324934 -0.05324934 -0.05324934 
-0.11802139 -0.42719855 -0.21161544 -0.20096887 0.00217615 0.00217615 0.00217615 

----------
-0.69208582 0.67314719 -0.21681777 -0.14516318 0.09691007 -0.05679735 0.05187241 
0.91730141 -0.00162837 0.00162958 0.39909889 -0.07385797 -0.16196346 0.05218476 
-0.59668148 -0.32792063 -0.62627578 -0.38026361 -0.02813975 0.14044131 0.05225627 

----------
iteration: 4025, probabilities: [0.000003 0.000033 0.999724 0.000172 0.000067], probability: 0.9997238516807556