-0.74111038 0.75899935 -0.04466097 -0.37098975 0.02823237 -0.01641022 0.15552827 
0.82382756 0.35289631 0.54236810 0.13578469 0.01093917 -0.01207643 0.14262749 
0.37134445 -0.80737340 0.04120632 -0.43572817 0.03996202 -0.03590283 0.17348392 

----------
-0.74111038 0.75899935 -0.04466097 -0.37098975 0.02823237 0.02823237 0.02823237 
0.82382756 0.35289631 0.54236810 0.13578469 0.01093917 0.01093917 0.01093917 
0.37134445 -0.80737340 0.04120632 -0.43572817 0.03996202 0.03996202 0.03996202 

----------
-0.63251728 0.70609862 -0.03890592 -0.31601734 0.09896744 0.00544016 0.05187018 
0.68135605 0.49575026 0.50381890 0.19034683 -0.04001954 -0.05804442 0.05225626 
0.42719952 -0.68776221 0.13956289 -0.57018696 0.00567410 0.08756498 0.05242329 

----------
iteration: 5553, probabilities: [0.000006 0.000039 0.998705 0.000892 0.000358], probability: 0.9987051486968994