-0.52406294 0.05378360 0.24203700 -0.01477243 0.02781705 -0.08258879 0.16034163 
0.95982715 -0.39262574 0.90061271 0.99022045 0.00774137 0.07912643 0.16218430 
0.40244269 -0.67666238 -0.08403095 -0.33961652 -0.04213197 0.01535954 0.13794282 

----------
-0.52406294 0.05378360 0.24203700 -0.01477243 0.02781705 0.02781705 0.02781705 
0.95982715 -0.39262574 0.90061271 0.99022045 0.00774137 0.00774137 0.00774137 
0.40244269 -0.67666238 -0.08403095 -0.33961652 -0.04213197 -0.04213197 -0.04213197 

----------
-1.00000386 0.00021071 -0.00013837 0.01509991 0.09172193 0.07232430 0.05202171 
0.42621857 0.08846931 0.70133140 0.56471815 0.10648457 -0.06972984 0.05225623 
0.69935280 -0.55626754 0.43675164 -0.10477862 -0.03326402 -0.09751862 0.05186118 

----------
iteration: 5172, probabilities: [0.000008 0.000058 0.997559 0.001851 0.000523], probability: 0.9975593090057373