-0.80334512 0.90450020 0.02537633 0.00835553 0.02221531 -0.04717255 0.14930334 
0.71777669 -0.22162522 0.83142239 0.47287975 0.02685453 0.00127091 0.16442487 
-0.04905129 -0.95367085 -0.91528382 -0.84463659 -0.05181451 -0.02247493 0.17215018 

----------
-0.80334512 0.90450020 0.02537633 0.00835553 0.02221531 0.02221531 0.02221531 
0.71777669 -0.22162522 0.83142239 0.47287975 0.02685453 0.02685453 0.02685453 
-0.04905129 -0.95367085 -0.91528382 -0.84463659 -0.05181451 -0.05181451 -0.05181451 

----------
-0.68185808 0.68512559 -0.17517190 -0.18726955 0.02136558 0.08322102 0.05187241 
0.42500437 0.10714256 0.69830355 0.56626371 0.11673613 -0.06460032 0.05231504 
-0.41484134 -0.07442868 -0.70295771 -0.57312460 -0.14260102 -0.02979608 0.05225626 

----------
iteration: 6976, probabilities: [0.000003 0.000031 0.999765 0.000144 0.000057], probability: 0.9997654557228088