-0.55564884 0.87882165 0.21732081 -0.49659395 0.00543737 0.01484454 0.17274490 
0.36947687 -0.32998813 0.30751558 -0.21308462 -0.07913425 -0.03128994 0.15346805 
0.75951875 -0.59157033 -0.53441696 -0.86402222 -0.06485679 -0.01888550 0.17791870 

----------
-0.55564884 0.87882165 0.21732081 -0.49659395 0.00543737 0.00543737 0.00543737 
0.36947687 -0.32998813 0.30751558 -0.21308462 -0.07913425 -0.07913425 -0.07913425 
0.75951875 -0.59157033 -0.53441696 -0.86402222 -0.06485679 -0.06485679 -0.06485679 

----------
-0.51741428 0.68771524 0.16463428 -0.48194958 0.01539483 0.03227231 0.05184833 
0.64709374 -0.42324745 0.56644763 -0.28513681 -0.13669552 -0.08569896 0.05184196 
0.40959927 -0.45925314 -0.53773173 -0.57638131 -0.02046731 -0.08541982 0.05159642 

----------
iteration: 6417, probabilities: [0.000003 0.000034 0.999855 0.000083 0.000026], probability: 0.9998549222946167