0.02175160 0.11664339 0.29752127 -0.78715385 -0.03527505 0.02235757 0.13741965 
0.71356081 -0.11732511 0.70981634 0.13850858 -0.03895987 -0.03438059 0.19569086 
0.35999763 -0.98165392 -0.65850443 -0.02540362 0.00241735 0.03909405 0.15212346 

----------
0.02175160 0.11664339 0.29752127 -0.78715385 -0.03527505 -0.03527505 -0.03527505 
0.71356081 -0.11732511 0.70981634 0.13850858 -0.03895987 -0.03895987 -0.03895987 
0.35999763 -0.98165392 -0.65850443 -0.02540362 0.00241735 0.00241735 0.00241735 

----------
0.19947480 0.00009383 0.00001904 -0.97999819 -0.07691610 0.08706758 0.05201145 
0.54000657 0.24050434 0.66478745 0.45722354 -0.01173431 -0.18110470 0.05225866 
-0.00075692 -0.77371508 -0.63383160 0.00103531 0.03024636 0.02953212 0.05196668 

----------
iteration: 8031, probabilities: [0.000002 0.000044 0.999916 0.000028 0.000010], probability: 0.9999161958694458