-0.97180013 0.59048165 -0.15033746 0.01622987 -0.02086057 -0.02685261 0.14869724 
0.60080256 -0.13287486 0.23388832 0.49106714 0.03409467 0.00836626 0.16684525 
0.24290334 -0.39552700 -0.10614222 0.02776555 0.03176273 0.03820672 0.16784879 

----------
-0.97180013 0.59048165 -0.15033746 0.01622987 -0.02086057 -0.02086057 -0.02086057 
0.60080256 -0.13287486 0.23388832 0.49106714 0.03409467 0.03409467 0.03409467 
0.24290334 -0.39552700 -0.10614222 0.02776555 0.03176273 0.03176273 0.03176273 

----------
-0.67225925 0.69263662 -0.14262881 -0.21925286 -0.02811474 -0.04482986 0.05187224 
0.83037405 -0.00004870 0.00008234 0.55730818 -0.04025708 0.05871015 0.05201148 
0.64282032 -0.70380822 0.06192624 0.29626298 0.14908547 0.00624012 0.05193576 

----------
iteration: 9244, probabilities: [0.000002 0.000032 0.999883 0.000058 0.000025], probability: 0.9998828172683716