-0.92555559 0.42341007 0.02001794 -0.29881835 -0.02171856 0.00707033 0.15628249 
0.78543477 -0.54334313 0.80672898 0.10827025 0.00291282 0.03073657 0.17815263 
0.20850122 -0.99778043 -0.55081656 0.21787788 -0.01360015 -0.01532599 0.14899072 

----------
-0.92555559 0.42341007 0.02001794 -0.29881835 -0.02171856 -0.02171856 -0.02171856 
0.78543477 -0.54334313 0.80672898 0.10827025 0.00291282 0.00291282 0.00291282 
0.20850122 -0.99778043 -0.55081656 0.21787788 -0.01360015 -0.01360015 -0.01360015 

----------
-0.85544606 0.00004940 -0.00008195 -0.51820593 0.04534826 -0.14590095 0.05201145 
0.69773160 -0.55062488 0.44397184 -0.11544328 -0.12545918 0.03117124 0.05184603 
-0.00037521 -0.91155167 -0.41146578 0.00083860 0.00738494 0.06451072 0.05194898 

----------
iteration: 9491, probabilities: [0.000003 0.000030 0.999809 0.000111 0.000047], probability: 0.9998093247413635