-0.40505985 0.99985833 -0.20118289 0.09020014 -0.02844507 0.00158426 0.12928558 
0.71679931 -0.35805506 0.69265660 -0.03333587 0.00112319 0.04548624 0.18972369 
0.76744690 -0.41119775 -0.86045771 -0.30310081 -0.04047564 0.01660411 0.16063515 

----------
-0.40505985 0.99985833 -0.20118289 0.09020014 -0.02844507 -0.02844507 -0.02844507 
0.71679931 -0.35805506 0.69265660 -0.03333587 0.00112319 0.00112319 0.00112319 
0.76744690 -0.41119775 -0.86045771 -0.30310081 -0.04047564 -0.04047564 -0.04047564 

----------
-0.70054118 0.69913913 -0.10826058 -0.09415320 -0.10563624 -0.04197600 0.05203233 
0.67627215 -0.48674005 0.51318502 -0.20674409 0.02764860 0.06040204 0.05184985 
0.64924905 -0.33366511 -0.62354148 -0.27995286 0.00167749 -0.11668847 0.05138355 

----------
iteration: 9038, probabilities: [0.000005 0.000039 0.999145 0.000608 0.000203], probability: 0.9991449117660522