-0.95870976 0.57849324 -0.98134885 -0.72862986 0.09075453 0.09075453 0.09075453 
-0.99868339 -0.80329171 0.92380347 0.94751774 -0.09727820 -0.09727820 -0.09727820 
0.98689978 -0.77851967 -0.80769380 -0.79641942 -0.08988657 -0.08988657 -0.08988657 

----------
-0.32739603 0.02830475 -0.70640441 -0.62724857 0.16182158 0.06368341 0.05225502 
-0.33890195 -0.60252057 0.36954922 0.62098150 -0.10744034 -0.18996554 0.05225625 
0.54631790 -0.48833184 -0.51144786 -0.44889329 -0.08816037 -0.02342916 0.05140512 

----------
iteration: 62, probabilities: [0.000047 0.000142 0.994699 0.005064 0.000048], probability: 0.9946994781494141