-0.99984774 -0.30012692 0.92971792 0.10431246 0.01998078 0.01998078 0.01998078 
0.15369707 -0.09888523 -0.70534771 0.96173768 0.01053996 0.01053996 0.01053996 
-0.29122118 0.82965096 -0.68172428 0.14492876 0.00665726 0.00665726 0.00665726 

----------
-0.57039557 -0.53297397 0.44780092 0.43610452 0.09436533 -0.01091507 0.05180019 
-0.07689655 -0.28149004 -0.64873394 0.70292058 -0.08028757 0.05648575 0.05187241 
-0.00057593 0.88169260 -0.47205005 -0.00089961 0.00735635 -0.09074762 0.05195154 

----------
iteration: 87, probabilities: [0.000050 0.000133 0.994262 0.005510 0.000045], probability: 0.994261622428894