0.14630076 0.98049849 0.18124968 -0.03648452 -0.07650204 -0.03217395 0.15016302 
0.32136958 0.47918662 -0.69987510 -0.44225097 -0.08844453 -0.04069942 0.10285627 
0.68225408 0.25735708 0.63519107 -0.27822008 -0.03057151 0.00237302 0.19563947 

----------
0.14630076 0.98049849 0.18124968 -0.03648452 -0.07650204 -0.07650204 -0.07650204 
0.32136958 0.47918662 -0.69987510 -0.44225097 -0.08844453 -0.08844453 -0.08844453 
0.68225408 0.25735708 0.63519107 -0.27822008 -0.03057151 -0.03057151 -0.03057151 

----------
0.00033790 0.94324151 0.33228300 -0.00100176 -0.15822000 -0.07062577 0.05194898 
0.24076826 0.53952131 -0.45671764 -0.66518208 -0.04056448 -0.17175717 0.05225034 
0.49601041 0.77238166 0.35071710 -0.18580610 -0.03166922 -0.05089559 0.07360117 

----------
iteration: 129, probabilities: [0.000031 0.000026 0.999887 0.000034 0.000021], probability: 0.9998869895935059