0.75233097 -0.58029418 -0.26555023 -0.92184862 0.09820958 0.05890194 0.15689863 
0.77459843 -0.60690409 0.92738833 -0.25890363 -0.00518862 -0.00735979 0.16799852 
-0.28498002 0.26171452 -0.83624981 -0.65556232 -0.02223608 0.01744521 0.13668550 

----------
0.75233097 -0.58029418 -0.26555023 -0.92184862 0.09820958 0.09820958 0.09820958 
0.77459843 -0.60690409 0.92738833 -0.25890363 -0.00518862 -0.00518862 -0.00518862 
-0.28498002 0.26171452 -0.83624981 -0.65556232 -0.02223608 -0.02223608 -0.02223608 

----------
0.70698971 -0.63162962 0.31806471 0.01897865 0.21134881 0.09327417 0.05170413 
0.64403454 -0.41482525 0.57272161 -0.29193766 -0.05519756 0.06414627 0.05187241 
-0.20776691 0.15631100 -0.68935078 -0.67627402 0.00753163 -0.09789092 0.05225626 

----------
iteration: 1504, probabilities: [0.000135 0.000256 0.996719 0.001226 0.001664], probability: 0.9967191815376282