-0.99825224 -0.90167554 -0.22982991 -0.40622318 -0.04062049 -0.00419262 0.14965215 
0.31456911 -0.80912492 0.88934176 -0.73213908 0.00090256 0.00010381 0.16301539 
-0.59904369 -0.19145617 -0.70409573 -0.14911842 0.00607807 -0.01481565 0.17655829 

----------
-0.99825224 -0.90167554 -0.22982991 -0.40622318 -0.04062049 -0.04062049 -0.04062049 
0.31456911 -0.80912492 0.88934176 -0.73213908 0.00090256 0.00090256 0.00090256 
-0.59904369 -0.19145617 -0.70409573 -0.14911842 0.00607807 0.00607807 0.00607807 

----------
-0.69622022 -0.64374539 -0.29231995 -0.12430205 -0.06930966 -0.07566789 0.05175940 
0.36511496 -0.30894913 0.63676239 -0.60492912 -0.06023975 0.07212379 0.05119486 
-0.63445040 -0.39385213 -0.58694183 -0.31327759 0.07059920 -0.07137544 0.05225648 

----------
iteration: 3405, probabilities: [0.000070 0.000058 0.975309 0.010373 0.014190], probability: 0.9753088355064392