0.46269456 -0.89284213 0.16991078 -0.13368090 -0.00470618 0.04228087 0.15187678 
0.99949542 -0.99252260 0.92125509 -0.11079201 0.01878225 0.00019009 0.15572734 
-0.31453294 0.38483618 -0.90542435 -0.33101760 0.00240702 0.00964595 0.14733790 

----------
0.46269456 -0.89284213 0.16991078 -0.13368090 -0.00470618 -0.00470618 -0.00470618 
0.99949542 -0.99252260 0.92125509 -0.11079201 0.01878225 0.01878225 0.01878225 
-0.31453294 0.38483618 -0.90542435 -0.33101760 0.00240702 0.00240702 0.00240702 

----------
0.70692437 -0.62320459 0.33433054 0.01835364 0.01483997 -0.12500632 0.05187241 
0.68687336 -0.51349901 0.48619568 -0.16790033 0.07140404 0.04402166 0.05187241 
-0.00215884 0.56113985 -0.82788995 -0.00042858 -0.05702415 0.10555408 0.05206476 

----------
iteration: 3236, probabilities: [0.000008 0.000008 0.999217 0.000045 0.000722], probability: 0.99921715259552