0.14142562 -0.99999684 0.22994029 -0.70850264 0.01539619 -0.01603183 0.14271941 
0.76528523 -0.82255959 0.48623739 -0.03660379 -0.05155599 0.02295477 0.14934926 
-0.64683749 -0.14929831 -0.96527867 -0.51246567 -0.01466786 0.00429357 0.15990389 

----------
0.14142562 -0.99999684 0.22994029 -0.70850264 0.01539619 0.01539619 0.01539619 
0.76528523 -0.82255959 0.48623739 -0.03660379 -0.05155599 -0.05155599 -0.05155599 
-0.64683749 -0.14929831 -0.96527867 -0.51246567 -0.01466786 -0.01466786 -0.01466786 

----------
0.64983613 -0.42431337 0.56512720 -0.28041703 0.06400782 -0.12632550 0.05192354 
0.70697163 -0.60753262 0.36189009 -0.01332366 -0.09099598 -0.08517962 0.05187266 
-0.49504941 -0.17763007 -0.68413879 -0.50537048 -0.03369763 0.04420398 0.05225625 

----------
iteration: 4069, probabilities: [0.000006 0.000005 0.999540 0.000074 0.000375], probability: 0.9995396137237549