0.41893201 -0.52613124 0.29979666 0.17230646 -0.00072345 0.01151746 0.16950193 
0.61083467 -0.25398778 0.96312049 -0.76162857 -0.02510470 0.03986606 0.16210951 
-0.54393811 -0.18741848 -0.71104516 0.00195806 0.01450486 -0.04164208 0.16026895 

----------
0.41893201 -0.52613124 0.29979666 0.17230646 -0.00072345 -0.00072345 -0.00072345 
0.61083467 -0.25398778 0.96312049 -0.76162857 -0.02510470 -0.02510470 -0.02510470 
-0.54393811 -0.18741848 -0.71104516 0.00195806 0.01450486 0.01450486 0.01450486 

----------
0.70204271 -0.65681421 0.26203377 0.08490654 0.01823501 -0.07176774 0.05173975 
0.47312385 -0.15067564 0.69091927 -0.52545402 -0.09248525 -0.02612331 0.05186615 
-0.59690236 -0.32556187 -0.71534235 -0.16141803 0.01120349 0.03741922 0.07945212 

----------
iteration: 5336, probabilities: [0.000009 0.000012 0.999838 0.000072 0.000069], probability: 0.9998376369476318