0.19601827 -0.55949600 0.34067374 -0.21206687 -0.00159511 -0.00387120 0.16302595 
0.57093611 -0.46736515 0.87313178 -0.32700696 0.09334380 -0.04253158 0.14445901 
-0.76678470 0.06558484 -0.63573703 0.08668215 -0.03006692 0.00112911 0.15033312 

----------
0.19601827 -0.55949600 0.34067374 -0.21206687 -0.00159511 -0.00159511 -0.00159511 
0.57093611 -0.46736515 0.87313178 -0.32700696 0.09334380 0.09334380 0.09334380 
-0.76678470 0.06558484 -0.63573703 0.08668215 -0.03006692 -0.03006692 -0.03006692 

----------
0.58877004 -0.31816099 0.63159841 -0.39162182 -0.05664034 0.01345672 0.05186343 
0.67764558 -0.48917268 0.51076378 -0.20208092 0.11054006 0.10060113 0.05186307 
-0.47977994 -0.00007981 -0.00016426 0.87774889 -0.16494457 -0.01174463 0.05201406 

----------
iteration: 7797, probabilities: [0.000009 0.000049 0.999791 0.000045 0.000105], probability: 0.9997913241386414