-0.33968626 -0.95839176 0.57630220 -0.36740131 0.02508826 -0.00418561 0.15507361 
0.62527776 -0.68972602 0.57344244 -0.17617753 -0.01108705 0.03354955 0.16092004 
0.00877355 -0.15481470 -0.99759750 -0.39748153 0.00202645 -0.00708288 0.11385832 

----------
-0.33968626 -0.95839176 0.57630220 -0.36740131 0.02508826 0.02508826 0.02508826 
0.62527776 -0.68972602 0.57344244 -0.17617753 -0.01108705 -0.01108705 -0.01108705 
0.00877355 -0.15481470 -0.99759750 -0.39748153 0.00202645 0.00202645 0.00202645 

----------
0.25461683 0.08773099 0.70177362 -0.65984596 -0.12641133 0.09885948 0.05170597 
0.68933722 -0.52078936 0.47838744 -0.15750665 -0.09672409 -0.04189800 0.05187241 
-0.68947914 -0.51838822 -0.48068747 -0.15898656 0.06479242 -0.08628605 0.05225631 

----------
iteration: 7189, probabilities: [0.000045 0.000283 0.999318 0.000038 0.000315], probability: 0.9993183612823486