0.15134129 -0.59776933 -0.11357533 -0.72574199 0.04616909 0.03713597 0.13825157 
0.49539294 -0.43256403 0.54400454 -0.34016514 0.02778375 0.01478068 0.17349082 
0.26307686 0.43162412 -0.91685416 -0.05673180 0.02558782 -0.01197638 0.15012779 

----------
0.15134129 -0.59776933 -0.11357533 -0.72574199 0.04616909 0.04616909 0.04616909 
0.49539294 -0.43256403 0.54400454 -0.34016514 0.02778375 0.02778375 0.02778375 
0.26307686 0.43162412 -0.91685416 -0.05673180 0.02558782 0.02558782 0.02558782 

----------
-0.58347268 -0.30656596 -0.63696875 -0.40018562 -0.02925330 0.19600114 0.05225626 
0.60496074 -0.34415129 0.61775736 -0.36606671 0.11090733 0.03611014 0.05187241 
0.00020816 0.33556489 -0.94217192 0.00073093 -0.02603740 -0.05291739 0.05201058 

----------
iteration: 8941, probabilities: [0.000021 0.000049 0.999808 0.000024 0.000098], probability: 0.9998077750205994