-0.10703045 -0.57400045 0.22093993 -0.50152394 -0.00831088 -0.00005371 0.16214975 
0.71112169 -0.50098754 0.83453697 0.04356685 -0.04514490 -0.00535577 0.15918002 
-0.55457161 -0.18358133 -0.51840185 -0.37620527 -0.06502222 -0.00313784 0.16140236 

----------
-0.10703045 -0.57400045 0.22093993 -0.50152394 -0.00831088 -0.00831088 -0.00831088 
0.71112169 -0.50098754 0.83453697 0.04356685 -0.04514490 -0.04514490 -0.04514490 
-0.55457161 -0.18358133 -0.51840185 -0.37620527 -0.06502222 -0.06502222 -0.06502222 

----------
-0.17160022 -0.66606550 0.23812117 -0.68575541 0.01571759 0.02550232 0.05144564 
0.68625629 -0.33344557 0.63257185 -0.13375573 -0.03726718 -0.10521745 0.07790850 
-0.53888886 -0.23907943 -0.66514840 -0.45831801 -0.10836105 -0.02292329 0.05224983 

----------
iteration: 8094, probabilities: [0.000016 0.000099 0.999682 0.000087 0.000117], probability: 0.999681830406189