0.27192481 -0.89036088 -0.08427125 -0.42847044 -0.00633900 0.03575918 0.16658542 
0.51415808 -0.64278541 0.69509428 -0.36613342 0.02317191 0.01014223 0.12653634 
-0.80692469 -0.33213723 -0.73974561 0.24061814 0.02431915 -0.02149129 0.17839782 

----------
0.27192481 -0.89036088 -0.08427125 -0.42847044 -0.00633900 -0.00633900 -0.00633900 
0.51415808 -0.64278541 0.69509428 -0.36613342 0.02317191 0.02317191 0.02317191 
-0.80692469 -0.33213723 -0.73974561 0.24061814 0.02431915 0.02431915 0.02431915 

----------
0.62063197 -0.52860085 0.47067380 -0.33801467 0.01503443 -0.16889177 0.05174227 
0.62868281 -0.38581281 0.59265183 -0.32368758 -0.08021236 0.04992756 0.05187115 
-0.69842172 -0.54907973 -0.44515818 -0.11285567 0.04455478 -0.01313647 0.05225624 

----------
iteration: 8457, probabilities: [0.000019 0.000111 0.999501 0.000153 0.000215], probability: 0.9995008707046509