-0.19964837 -0.97961519 0.55717425 -0.54167097 -0.06737701 0.02868145 0.13731965 
0.21968590 -0.93394407 0.56667686 -0.48093351 -0.02408889 -0.08013292 0.15937258 
-0.19475013 -0.47582424 -0.66624851 -0.24370649 -0.01492755 -0.03313776 0.15992310 

----------
-0.19964837 -0.97961519 0.55717425 -0.54167097 -0.06737701 -0.06737701 -0.06737701 
0.21968590 -0.93394407 0.56667686 -0.48093351 -0.02408889 -0.02408889 -0.02408889 
-0.19475013 -0.47582424 -0.66624851 -0.24370649 -0.01492755 -0.01492755 -0.01492755 

----------
-0.39140608 -0.52150831 0.47709845 -0.58937925 -0.14913199 -0.06148994 0.05174087 
0.59153822 -0.32186388 0.62973876 -0.38751479 -0.00743371 -0.13625646 0.05187240 
-0.40622670 -0.06390986 -0.70399461 -0.57926507 -0.08829976 0.07132499 0.05225626 

----------
iteration: 9970, probabilities: [0.000017 0.000223 0.999540 0.000096 0.000124], probability: 0.9995404481887817