-0.27019658 -0.72907293 0.55167487 -0.95195594 0.03340482 -0.04344140 0.16778106 
0.32730421 -0.54009276 0.63360724 -0.98496284 0.02171652 -0.00720485 0.16290124 
-0.02504803 0.22574163 -0.75475497 -0.32046779 -0.01643002 0.02421096 0.12861073 

----------
-0.27019658 -0.72907293 0.55167487 -0.95195594 0.03340482 0.03340482 0.03340482 
0.32730421 -0.54009276 0.63360724 -0.98496284 0.02171652 0.02171652 0.02171652 
-0.02504803 0.22574163 -0.75475497 -0.32046779 -0.01643002 -0.01643002 -0.01643002 

----------
0.05214236 -0.37576389 0.59889863 -0.70531316 0.04266173 0.05346960 0.05177330 
0.47920151 -0.15863775 0.68916591 -0.51999017 -0.07840515 -0.01025974 0.05187207 
-0.09391528 0.21664762 -0.67358689 -0.70048004 0.03662565 -0.12924799 0.05206124 

----------
iteration: 10177, probabilities: [0.000036 0.000169 0.998511 0.000521 0.000763], probability: 0.9985106587409973