0.63122472 0.31831141 -0.68376829 -0.18026354 0.05170963 -0.03711642 0.19363833 
-0.14214529 -0.28701164 -0.92703200 0.17642599 -0.00898174 0.00158368 0.10857178 
0.42822703 0.55092873 -0.42276008 0.57349613 -0.03500277 -0.07903063 0.18024944 

----------
0.63122472 0.31831141 -0.68376829 -0.18026354 0.05170963 0.05170963 0.05170963 
-0.14214529 -0.28701164 -0.92703200 0.17642599 -0.00898174 -0.00898174 -0.00898174 
0.42822703 0.55092873 -0.42276008 0.57349613 -0.03500277 -0.03500277 -0.03500277 

----------
0.57234241 0.70282825 -0.07577712 -0.41594438 0.10050741 0.03704687 0.05225611 
-0.00084615 -0.41663508 -0.90914387 0.00044086 0.04712963 -0.06316960 0.05195056 
0.42019048 0.55845375 -0.43305481 0.56924970 -0.07928177 -0.06665878 0.05156041 

----------
iteration: 408, probabilities: [0.000004 0.000037 0.999604 0.000268 0.000088], probability: 0.9996036887168884