0.63122472 0.31831141 -0.68376829 -0.18026354 0.05170963 -0.03711642 0.19363833 
-0.14214529 -0.28701164 -0.92703200 0.17642598 -0.00898174 0.00158369 0.10857178 
0.42822703 0.55092873 -0.42276008 0.57349613 -0.03500277 -0.07903063 0.18024944 

----------
0.63122472 0.31831141 -0.68376829 -0.18026354 0.05170963 0.05170963 0.05170963 
-0.14214529 -0.28701164 -0.92703200 0.17642598 -0.00898174 -0.00898174 -0.00898174 
0.42822703 0.55092873 -0.42276008 0.57349613 -0.03500277 -0.03500277 -0.03500277 

----------
0.56722206 0.70185274 -0.08434014 -0.42290074 0.10033397 0.03589639 0.05225664 
-0.00093178 -0.41868677 -0.90820149 0.00050048 0.04758697 -0.06362138 0.05195180 
0.41956853 0.55909213 -0.43222308 0.56971213 -0.08012131 -0.06610761 0.05156116 

----------
iteration: 410, probabilities: [0.000004 0.000037 0.999612 0.000262 0.000086], probability: 0.9996117949485779