0.67808396 -0.65840403 -0.26900143 -0.18532271 0.08354681 0.08565226 0.11755705 
0.84165644 0.10171094 -0.09331941 0.52207357 0.05441599 0.07834631 0.12637657 
0.68720804 -0.23555634 -0.64527713 -0.23638053 0.09020751 -0.05837088 0.18950472 

----------
0.67808396 -0.65840403 -0.26900143 -0.18532271 0.08354681 0.08354681 0.08354681 
0.84165644 0.10171094 -0.09331941 0.52207357 0.05441599 0.05441599 0.05441599 
0.68720804 -0.23555634 -0.64527713 -0.23638053 0.09020751 0.09020751 0.09020751 

----------
0.67840292 -0.68817110 0.16285804 0.19947379 0.11105336 0.14082723 0.05187241 
0.97237048 -0.00002235 0.00009311 0.23380456 0.07809811 0.02870673 0.05201145 
0.69403719 -0.54689386 0.44870882 -0.13675695 0.31583306 0.14237420 0.05170506 

----------
iteration: 60, probabilities: [0.000002 0.000430 0.999292 0.000174 0.000103], probability: 0.9992917776107788