-0.59867247 0.26012576 -0.07592717 -0.75376450 0.05412439 0.01516625 0.10133690 
0.37001829 0.65740265 0.12245945 -0.64491232 -0.00392372 0.03786369 0.10984926 
0.64572854 -0.12786530 -0.75226440 -0.02798912 -0.04990471 -0.07587582 0.17568640 

----------
-0.59867247 0.26012576 -0.07592717 -0.75376450 0.05412439 0.05412439 0.05412439 
0.37001829 0.65740265 0.12245945 -0.64491232 -0.00392372 -0.00392372 -0.00392372 
0.64572854 -0.12786530 -0.75226440 -0.02798912 -0.04990471 -0.04990471 -0.04990471 

----------
-0.68504905 0.00006970 -0.00006563 -0.72855664 0.10484597 0.05806980 0.05201145 
0.40845613 0.64127738 -0.29746928 -0.57772305 0.00019001 0.01456436 0.05225611 
0.70491204 0.00994399 -0.70700317 0.05647520 -0.10461653 -0.05122313 0.05144039 

----------
iteration: 89, probabilities: [0.000002 0.000308 0.999258 0.000306 0.000126], probability: 0.9992579817771912