0.27352227 -0.84727646 -0.41205189 -0.19370443 -0.06918561 -0.09283930 0.10534407 
-0.45288093 -0.51406629 -0.60066361 0.41211399 -0.07886023 0.03002962 0.13363525 
0.56942114 -0.34914438 -0.68669243 -0.28689942 -0.05297781 -0.05080135 0.13280601 

----------
0.27352227 -0.84727646 -0.41205189 -0.19370443 -0.06918561 -0.06918561 -0.06918561 
-0.45288093 -0.51406629 -0.60066361 0.41211399 -0.07886023 -0.07886023 -0.07886023 
0.56942114 -0.34914438 -0.68669243 -0.28689942 -0.05297781 -0.05297781 -0.05297781 

----------
-0.00068922 -0.73355487 -0.67975497 0.00082252 -0.07701852 -0.10791622 0.05195179 
-0.74353929 -0.00006417 -0.00007086 0.66902131 -0.14147803 0.13632804 0.05201145 
0.54650407 -0.47780677 -0.52107964 -0.44898253 0.02458026 -0.03887945 0.05148239 

----------
iteration: 435, probabilities: [0.000000 0.000000 0.999996 0.000000 0.000003], probability: 0.9999961853027344