0.41754755 0.01800408 -0.48658822 0.76717782 0.06175091 -0.04406705 0.19231814 
0.37004992 0.82432973 -0.29546863 0.31022870 -0.04314699 0.09332999 0.19804489 
-0.27005962 0.83520516 0.14649241 -0.45611416 -0.01491216 0.09056567 0.12922496 

----------
0.41754755 0.01800408 -0.48658822 0.76717782 0.06175091 0.06175091 0.06175091 
0.37004992 0.82432973 -0.29546863 0.31022870 -0.04314699 -0.04314699 -0.04314699 
-0.27005962 0.83520516 0.14649241 -0.45611416 -0.01491216 -0.01491216 -0.01491216 

----------
-0.00159655 -0.33417482 -0.62327251 0.70714035 0.01314413 0.10026996 0.05169273 
0.69330385 0.69959529 0.08631849 0.15061212 -0.06698616 -0.00229436 0.05109011 
-0.50671584 0.68414208 0.17940939 -0.49311818 0.04645123 -0.06959400 0.05185028 

----------
iteration: 470, probabilities: [0.000006 0.000018 0.999639 0.000045 0.000293], probability: 0.9996387958526611