0.86972850 -0.25066737 -0.40053359 0.14251687 0.01216903 -0.00550219 0.12515665 
-0.71095094 -0.41474949 0.39341499 -0.40958060 0.02091225 -0.01797075 0.16247322 
0.05887597 -0.81359761 0.04042239 0.57702564 0.07106485 -0.08323178 0.19663680 

----------
0.86972850 -0.25066737 -0.40053359 0.14251687 0.01216903 0.01216903 0.01216903 
-0.71095094 -0.41474949 0.39341499 -0.40958060 0.02091225 0.02091225 0.02091225 
0.05887597 -0.81359761 0.04042239 0.57702564 0.07106485 0.07106485 0.07106485 

----------
0.69581637 -0.66736073 0.23414993 0.12640693 0.06633371 0.07701142 0.05186421 
-0.65674298 -0.69997853 -0.09859220 0.26316484 0.07723800 -0.12462315 0.05225625 
0.19617676 -0.16846054 0.68657170 0.67984013 0.23181204 0.20653024 0.05227046 

----------
iteration: 147, probabilities: [0.000000 0.000004 0.999994 0.000000 0.000001], probability: 0.9999942779541016