0.63047770 0.31699700 -0.68556123 -0.18060665 0.05161672 -0.03738245 0.19374454 
-0.14661236 -0.28765101 -0.93075884 0.17659063 -0.00899997 0.00158706 0.10849850 
0.42904432 0.55401517 -0.42556676 0.57259570 -0.03526683 -0.07956454 0.18023520 

----------
0.63047770 0.31699700 -0.68556123 -0.18060665 0.05161672 0.05161672 0.05161672 
-0.14661236 -0.28765101 -0.93075884 0.17659063 -0.00899997 -0.00899997 -0.00899997 
0.42904432 0.55401517 -0.42556676 0.57259570 -0.03526683 -0.03526683 -0.03526683 

----------
0.35116158 0.60978004 -0.35759080 -0.61421781 0.09380956 0.01096721 0.05225625 
0.73590762 -0.00101635 0.00392678 0.67781141 0.00336766 0.18210970 0.05225711 
-0.28908855 -0.06861635 -0.70389488 0.64538104 -0.12244225 -0.10031020 0.05187176 

----------
iteration: 327, probabilities: [0.000006 0.000032 0.998947 0.000666 0.000349], probability: 0.9989467263221741