0.86687887 0.33947822 0.22491640 -0.28755552 -0.08325827 0.05857631 0.19109049 
-0.18319726 0.85268826 -0.01782632 0.48892097 0.07418486 -0.00556332 0.19991064 
-0.39648360 -0.18539689 -0.85533881 0.27717192 -0.05457881 -0.08495117 0.11232080 

----------
0.86687887 0.33947822 0.22491640 -0.28755552 -0.08325827 -0.08325827 -0.08325827 
-0.18319726 0.85268826 -0.01782632 0.48892097 0.07418486 0.07418486 0.07418486 
-0.39648360 -0.18539689 -0.85533881 0.27717192 -0.05457881 -0.05457881 -0.05457881 

----------
0.89664718 -0.00084012 0.00248525 -0.44293928 -0.12804263 -0.04825569 0.05216924 
-0.32809284 0.66548714 0.23914079 0.62658298 0.06646352 0.06247148 0.05165772 
-0.26705670 -0.14545170 -0.88878253 0.34296819 -0.00302675 -0.02556623 0.07222178 

----------
iteration: 199, probabilities: [0.000000 0.000004 0.999992 0.000002 0.000001], probability: 0.9999924898147583