0.43404601 0.49800843 -0.75060870 -0.01335108 -0.02376435 -0.08862048 0.15083379 
0.15416031 -0.92821789 -0.28833257 -0.17751189 0.08303960 -0.05580079 0.18029877 
-0.33227734 -0.59770780 -0.43083406 0.58882864 0.03789574 -0.02619662 0.11255409 

----------
0.43404601 0.49800843 -0.75060870 -0.01335108 -0.02376435 -0.02376435 -0.02376435 
0.15416031 -0.92821789 -0.28833257 -0.17751189 0.08303960 0.08303960 0.08303960 
-0.33227734 -0.59770780 -0.43083406 0.58882864 0.03789574 0.03789574 0.03789574 

----------
0.96837485 0.09012383 -0.18503391 -0.14223248 0.03252590 0.00673428 0.06544569 
-0.00032661 -0.92879627 -0.37100314 0.00098903 0.11943845 0.15701580 0.05195171 
-0.01919376 -0.20924446 -0.67570127 0.70677074 0.17957831 -0.00948013 0.05212096 

----------
iteration: 95, probabilities: [0.000001 0.000054 0.999899 0.000020 0.000026], probability: 0.9998993873596191