0.86614544 -0.08460111 0.38833456 0.30303630 -0.06683838 -0.07073523 0.16637916 
0.45275692 -0.04020582 0.75587368 0.47122145 0.01244946 0.02635966 0.13586378 
0.51133913 0.79047431 0.33406589 0.04563587 0.02767879 -0.05138718 0.12274117 

----------
0.86614544 -0.08460111 0.38833456 0.30303630 -0.06683838 -0.06683838 -0.06683838 
0.45275692 -0.04020582 0.75587368 0.47122145 0.01244946 0.01244946 0.01244946 
0.51133913 0.79047431 0.33406589 0.04563587 0.02767879 0.02767879 0.02767879 

----------
0.92676888 0.00025557 0.00046380 0.37589496 -0.12956109 -0.14616857 0.05203999 
0.41292754 0.07213065 0.70316737 0.57448152 -0.02429815 0.00367723 0.05225453 
0.70701064 0.62512460 0.32990355 -0.02507644 0.08968112 0.09990809 0.05225611 

----------
iteration: 374, probabilities: [0.000000 0.000000 0.999997 0.000000 0.000002], probability: 0.9999971389770508