0.15502307 0.35539908 0.60259396 -0.69752409 -0.07887601 -0.06751378 0.10634824 
-0.13238614 0.91590689 -0.31786337 0.20627980 0.03730917 -0.05357643 0.10054421 
0.59239980 -0.06126467 -0.02712637 -0.80285321 -0.00160913 0.01453472 0.15518105 

----------
0.15502307 0.35539908 0.60259396 -0.69752409 -0.07887601 -0.07887601 -0.07887601 
-0.13238614 0.91590689 -0.31786337 0.20627980 0.03730917 0.03730917 0.03730917 
0.59239980 -0.06126467 -0.02712637 -0.80285321 -0.00160913 -0.00160913 -0.00160913 

----------
0.07611479 0.28219777 0.64839675 -0.70297833 -0.09724952 -0.08505070 0.05187241 
0.44817763 0.65774094 -0.25981898 -0.54708768 0.16797371 0.12657539 0.05224536 
0.53603916 0.00008086 0.00005126 -0.84421329 0.02576315 -0.05484323 0.05201145 

----------
iteration: 874, probabilities: [0.000002 0.000031 0.999827 0.000101 0.000039], probability: 0.999826967716217