0.35817115 -0.74018668 -0.50473454 -0.26283102 0.03473862 0.01948803 0.12675422 
0.36510796 -0.06516438 0.34307414 -0.86298894 0.04988400 -0.01740991 0.14306309 
0.02378753 -0.49325149 -0.41894065 0.76198809 -0.06760170 0.05390313 0.13172562 

----------
0.35817115 -0.74018668 -0.50473454 -0.26283102 0.03473862 0.03473862 0.03473862 
0.36510796 -0.06516438 0.34307414 -0.86298894 0.04988400 0.04988400 0.04988400 
0.02378753 -0.49325149 -0.41894065 0.76198809 -0.06760170 -0.06760170 -0.06760170 

----------
0.69299166 -0.67234750 0.21945049 0.14117361 0.16424942 -0.07888697 0.05185928 
0.44914965 -0.00012590 -0.00047367 -0.89361594 0.00385206 0.15403643 0.05202446 
0.11236526 -0.44363287 -0.55069008 0.69818586 -0.07392563 -0.09084996 0.05188644 

----------
iteration: 525, probabilities: [0.000007 0.000041 0.998225 0.001240 0.000486], probability: 0.9982251524925232