0.35510717 0.67169216 0.01083771 -0.65008544 -0.09490959 -0.06325311 0.17726106 
0.37249319 -0.10078020 0.65619642 -0.64845851 0.01379488 0.04973708 0.19913635 
0.79681982 -0.32807089 0.02819068 -0.50660928 -0.00825895 0.02530721 0.16461613 

----------
0.35510717 0.67169216 0.01083771 -0.65008544 -0.09490959 -0.09490959 -0.09490959 
0.37249319 -0.10078020 0.65619642 -0.64845851 0.01379488 0.01379488 0.01379488 
0.79681982 -0.32807089 0.02819068 -0.50660928 -0.00825895 -0.00825895 -0.00825895 

----------
0.49184515 0.67834343 -0.19602025 -0.50975487 -0.12951887 -0.07039614 0.05229692 
0.39642732 -0.05426464 0.70506301 -0.58550998 -0.02194994 0.05440513 0.05187241 
0.84075712 0.00005220 0.00008010 -0.54154885 0.00975453 -0.08634437 0.05201145 

----------
iteration: 845, probabilities: [0.000006 0.000041 0.998852 0.000839 0.000262], probability: 0.9988518953323364