0.24949696 0.77491990 0.04682499 -0.57884180 0.09141629 0.06000896 0.15189807 
0.51490006 0.45605724 -0.50854520 0.51794932 0.05679340 -0.05085220 0.14711654 
0.66226170 -0.25233615 0.65948594 0.25062762 -0.04006215 0.09237813 0.19382209 

----------
0.24949696 0.77491990 0.04682499 -0.57884180 0.09141629 0.09141629 0.09141629 
0.51490006 0.45605724 -0.50854520 0.51794932 0.05679340 0.05679340 0.05679340 
0.66226170 -0.25233615 0.65948594 0.25062762 -0.04006215 -0.04006215 -0.04006215 

----------
0.47415665 0.67206392 -0.21924182 -0.52515464 0.12769216 0.15179013 0.05225625 
0.50120392 0.47655580 -0.52206860 0.49915503 0.01333506 0.07172797 0.05151556 
0.44273656 0.10913119 0.69849201 0.55196088 0.01257077 -0.12638185 0.05225605 

----------
iteration: 746, probabilities: [0.000004 0.000035 0.999541 0.000275 0.000145], probability: 0.9995405673980713