0.28721687 -0.02875344 -0.29525787 -0.91077028 -0.09520598 -0.05329505 0.10913313 
0.42165004 -0.43451590 0.76816994 0.20813965 -0.05553477 -0.04218176 0.17463519 
-0.14459128 0.84521405 -0.36174244 -0.36585375 0.00625058 0.09585246 0.12790137 

----------
0.28721687 -0.02875344 -0.29525787 -0.91077028 -0.09520598 -0.09520598 -0.09520598 
0.42165004 -0.43451590 0.76816994 0.20813965 -0.05553477 -0.05553477 -0.05553477 
-0.14459128 0.84521405 -0.36174244 -0.36585375 0.00625058 0.00625058 0.00625058 

----------
0.30641681 0.00009116 0.00002927 -0.95198528 -0.05323456 -0.18533930 0.05201145 
0.00082487 -0.66682208 0.74534119 0.00065261 -0.10193862 0.05868231 0.05195176 
-0.01301838 0.77986366 -0.62549157 -0.02703098 0.01286419 0.06117107 0.05451375 

----------
iteration: 594, probabilities: [0.000005 0.000033 0.999585 0.000268 0.000109], probability: 0.9995853304862976