0.35307636 -0.30023387 0.06019274 0.88406648 0.08002852 0.07516632 0.19687919 
0.17860908 -0.34422766 0.12747495 0.91288348 0.05864051 -0.01115658 0.15063761 
0.66179590 0.24564580 0.66647222 -0.23978971 -0.06099978 -0.03902735 0.18970688 

----------
0.35307636 -0.30023387 0.06019274 0.88406648 0.08002852 0.08002852 0.08002852 
0.17860908 -0.34422766 0.12747495 0.91288348 0.05864051 0.05864051 0.05864051 
0.66179590 0.24564580 0.66647222 -0.23978971 -0.06099978 -0.06099978 -0.06099978 

----------
0.35773918 -0.00008939 0.00003431 0.93393383 0.14549303 0.09367518 0.05201145 
0.08047664 -0.00009543 0.00000777 0.99687737 0.07507952 0.00295759 0.05201145 
0.50608630 0.70498176 0.06050401 0.49345337 -0.16064997 -0.17750471 0.05205495 

----------
iteration: 916, probabilities: [0.000002 0.000042 0.999910 0.000035 0.000011], probability: 0.9999102354049683