-0.22799100 -0.28886194 -0.00450436 0.92981643 -0.08657427 0.05848516 0.14944984 
0.47038649 0.50722429 -0.72175513 0.02301303 0.08158762 -0.06571940 0.16502361 
0.25225621 0.60618738 -0.70354799 -0.27188947 0.02686364 -0.04470124 0.10429135 

----------
-0.22799100 -0.28886194 -0.00450436 0.92981643 -0.08657427 -0.08657427 -0.08657427 
0.47038649 0.50722429 -0.72175513 0.02301303 0.08158762 0.08158762 0.08158762 
0.25225621 0.60618738 -0.70354799 -0.27188947 0.02686364 0.02686364 0.02686364 

----------
-0.22475978 -0.00009298 -0.00002081 0.97447842 -0.07443360 -0.09007071 0.05201145 
0.59703098 0.69898831 -0.10717528 -0.37923959 0.19910745 0.08764456 0.05189364 
0.18550587 0.50031079 -0.49933246 -0.68272019 0.05551090 -0.05359239 0.05225676 

----------
iteration: 1687, probabilities: [0.000004 0.000037 0.999611 0.000259 0.000090], probability: 0.9996107220649719