0.45108624 0.34928684 0.75271866 -0.32853390 0.05957991 -0.01718366 0.16221489 
-0.20433531 -0.50559172 -0.45285590 -0.70536914 0.00134571 0.03595879 0.12264439 
0.56920264 -0.16566090 0.43108474 -0.68024316 0.06328229 -0.08573592 0.10740469 

----------
0.45108624 0.34928684 0.75271866 -0.32853390 0.05957991 0.05957991 0.05957991 
-0.20433531 -0.50559172 -0.45285590 -0.70536914 0.00134571 0.00134571 0.00134571 
0.56920264 -0.16566090 0.43108474 -0.68024316 0.06328229 0.06328229 0.06328229 

----------
0.69891116 0.66104745 0.25111430 -0.11006953 0.01588590 -0.11058996 0.05224708 
-0.53359561 -0.23134459 -0.66791734 -0.46452816 -0.07047224 0.02440912 0.05225627 
0.36294931 -0.01460457 0.70701965 -0.60685742 0.14826631 0.06558393 0.05187241 

----------
iteration: 1047, probabilities: [0.000002 0.000036 0.999900 0.000045 0.000018], probability: 0.999900221824646