0.34902875 -0.42602512 -0.78766992 0.27614783 -0.03409197 -0.04850518 0.11070486 
0.66326749 0.21993134 -0.66444026 0.26500110 0.03352844 0.02506390 0.17258327 
-0.98486250 -0.07976592 -0.00755370 -0.15370817 0.06613297 0.07239561 0.12134120 

----------
0.34902875 -0.42602512 -0.78766992 0.27614783 -0.03409197 -0.03409197 -0.03409197 
0.66326749 0.21993134 -0.66444026 0.26500110 0.03352844 0.03352844 0.03352844 
-0.98486250 -0.07976592 -0.00755370 -0.15370817 0.06613297 0.06613297 0.06613297 

----------
0.43610119 0.63515523 -0.30992030 -0.55741738 -0.00210881 -0.21891188 0.05210281 
0.53885005 0.69497486 -0.12931408 -0.45850806 0.09522901 -0.06149947 0.05225626 
-0.98795856 0.00001477 -0.00009459 -0.15489594 0.11511420 0.11409494 0.05201145 

----------
iteration: 1789, probabilities: [0.000004 0.000040 0.999641 0.000233 0.000082], probability: 0.999640941619873