0.18780428 -0.66594569 -0.15091039 -0.70602546 -0.05860340 -0.05952822 0.19808707 
0.55009990 0.03740139 0.81061257 0.19722700 0.00897200 -0.06188970 0.18742030 
-0.61580910 0.49342605 0.45397436 0.41378396 0.09331116 -0.02087069 0.13852768 

----------
0.18780428 -0.66594569 -0.15091039 -0.70602546 -0.05860340 -0.05860340 -0.05860340 
0.55009990 0.03740139 0.81061257 0.19722700 0.00897200 0.00897200 0.00897200 
-0.61580910 0.49342605 0.45397436 0.41378396 0.09331116 0.09331116 0.09331116 

----------
0.66161491 -0.45100412 0.54477840 -0.24974380 -0.05082823 -0.17525857 0.05187241 
0.51800115 0.20919484 0.67521012 0.48189363 0.01358458 -0.03968757 0.05225624 
-0.68402845 0.70312434 -0.07611160 -0.17943123 0.20852531 0.12243711 0.05214665 

----------
iteration: 1249, probabilities: [0.000002 0.000038 0.999881 0.000059 0.000020], probability: 0.9998807907104492