0.96531126 0.12256684 0.19095041 0.12918778 -0.07373171 -0.01362309 0.15608038 
-0.67973900 -0.63362772 0.04166823 -0.36706207 0.06929878 -0.05754095 0.17979302 
0.55157633 0.05920278 -0.57566975 -0.60071867 -0.08539517 0.03418672 0.13310737 

----------
0.96531126 0.12256684 0.19095041 0.12918778 -0.07373171 -0.07373171 -0.07373171 
-0.67973900 -0.63362772 0.04166823 -0.36706207 0.06929878 0.06929878 0.06929878 
0.55157633 0.05920278 -0.57566975 -0.60071867 -0.08539517 -0.08539517 -0.08539517 

----------
0.97895860 0.04090111 -0.02748022 0.19832335 -0.15446607 -0.13807743 0.05462399 
-0.70802967 -0.62653483 -0.32452677 0.03161681 0.13071589 0.08685548 0.05233050 
0.38472907 0.16895787 -0.68681433 -0.59313643 -0.06994958 -0.02259244 0.05154470 

----------
iteration: 1885, probabilities: [0.000002 0.000052 0.999911 0.000027 0.000009], probability: 0.9999111890792847