0.66767881 -0.40909417 0.57259311 0.24286643 0.04046703 -0.00245916 0.10012741 
0.01862070 0.70623237 0.01863732 -0.70748976 0.03965577 0.07623084 0.12529788 
0.09510393 0.34335166 0.92687614 -0.11817572 -0.01504309 -0.00685111 0.14489825 

----------
0.66767881 -0.40909417 0.57259311 0.24286643 0.04046703 0.04046703 0.04046703 
0.01862070 0.70623237 0.01863732 -0.70748976 0.03965577 0.03965577 0.03965577 
0.09510393 0.34335166 0.92687614 -0.11817572 -0.01504309 -0.01504309 -0.01504309 

----------
0.70714012 -0.60860079 0.36036904 -0.01149674 -0.06120140 0.10262474 0.05187244 
0.38599893 0.60854301 -0.36025410 -0.59275824 0.11779450 0.15238323 0.05212842 
0.00096207 0.34873660 0.93727941 -0.00042661 -0.04097849 -0.08134051 0.05195180 

----------
iteration: 1138, probabilities: [0.000004 0.000028 0.999578 0.000243 0.000148], probability: 0.9995775818824768