0.51151706 -0.26625642 0.15620583 0.80190870 -0.05165193 0.04635856 0.10780260 
0.10179728 0.63450829 0.13495783 -0.75420351 0.06503419 -0.00019223 0.19480398 
-0.67183672 0.53870901 0.06354989 -0.50437033 0.07733703 -0.04090078 0.15920999 

----------
0.51151706 -0.26625642 0.15620583 0.80190870 -0.05165193 -0.05165193 -0.05165193 
0.10179728 0.63450829 0.13495783 -0.75420351 0.06503419 0.06503419 0.06503419 
-0.67183672 0.53870901 0.06354989 -0.50437033 0.07733703 0.07733703 0.07733703 

----------
0.52281662 -0.00008158 0.00005011 0.85252959 -0.03393178 -0.08577719 0.05201145 
0.54075375 0.00026533 -0.00042599 -0.84141959 0.06457976 0.22318570 0.05204371 
-0.57045751 0.70257271 0.08028245 -0.41779178 0.10257253 0.05142022 0.05187241 

----------
iteration: 1708, probabilities: [0.000010 0.000055 0.997556 0.001805 0.000574], probability: 0.9975556135177612