0.72315353 0.39827141 0.38140177 0.41588645 -0.01628288 0.09796869 0.16936139 
0.92554003 0.31468109 0.20649178 0.04138365 0.07517080 0.07086563 0.17774727 
0.50352969 -0.46848010 0.21527207 0.69328362 0.05763989 0.05661537 0.16430121 

----------
0.72315353 0.39827141 0.38140177 0.41588645 -0.01628288 -0.01628288 -0.01628288 
0.92554003 0.31468109 0.20649178 0.04138365 0.07517080 0.07517080 0.07517080 
0.50352969 -0.46848010 0.21527207 0.69328362 0.05763989 0.05763989 0.05763989 

----------
0.64357377 0.41158774 0.57464878 0.29372777 0.00595438 -0.03080703 0.05225626 
0.97903233 -0.12385468 0.00642364 0.16234559 0.08848681 0.07241571 0.06245372 
0.34467284 -0.60521494 -0.36593814 0.61748763 -0.02433332 0.09206770 0.05186865 

----------
iteration: 1985, probabilities: [0.000003 0.000533 0.999421 0.000031 0.000011], probability: 0.999421238899231