0.69005162 -0.10351056 0.71526598 0.03884462 0.00961855 -0.02532774 0.15927215 
-0.10641611 -0.34956831 -0.76474700 0.53069730 -0.04959882 0.09672680 0.14604106 
0.02196664 -0.21761896 -0.97578314 0.00259386 0.05798544 0.05794230 0.15153389 

----------
0.69005162 -0.10351056 0.71526598 0.03884462 0.00961855 0.00961855 0.00961855 
-0.10641611 -0.34956831 -0.76474700 0.53069730 -0.04959882 -0.04959882 -0.04959882 
0.02196664 -0.21761896 -0.97578314 0.00259386 0.05798544 0.05798544 0.05798544 

----------
0.59408492 -0.34200918 0.61909035 -0.38365540 -0.03502122 0.10866677 0.05170527 
-0.18763422 -0.17480564 -0.68521954 0.68175824 -0.04236538 -0.07474284 0.05187241 
-0.00091922 -0.38913243 -0.92121809 0.00045704 0.09142760 0.08048937 0.05195148 

----------
iteration: 1676, probabilities: [0.000003 0.000027 0.999783 0.000121 0.000067], probability: 0.9997832179069519