0.54622586 0.51642566 0.59842317 -0.27718505 -0.02835885 -0.08096413 0.15595588 
0.77156688 0.00035957 0.60959669 0.18186891 0.02910852 -0.00190225 0.16235611 
0.13713888 -0.76336887 -0.22692990 0.58903626 0.00288946 -0.05580131 0.17542258 

----------
0.54622586 0.51642566 0.59842317 -0.27718505 -0.02835885 -0.02835885 -0.02835885 
0.77156688 0.00035957 0.60959669 0.18186891 0.02910852 0.02910852 0.02910852 
0.13713888 -0.76336887 -0.22692990 0.58903626 0.00288946 0.00288946 0.00288946 

----------
0.62264885 0.70609832 -0.03441210 -0.33641528 -0.07761586 -0.08002199 0.05206557 
0.64653609 0.41732603 0.57057126 0.28736364 0.10017571 -0.03573180 0.05225631 
0.53633603 -0.69426542 -0.13460755 0.46084066 -0.05332952 0.03572125 0.05187159 

----------
iteration: 2187, probabilities: [0.000002 0.000031 0.999867 0.000073 0.000027], probability: 0.9998670816421509