0.25343767 -0.66172459 0.64189903 -0.29301118 -0.07241439 0.03486214 0.15250991 
0.00795777 -0.67865174 -0.21046237 0.70361501 -0.06566326 0.09629345 0.14132107 
0.12505857 0.91466586 0.00174153 -0.38437441 0.09663102 -0.09392585 0.15664393 

----------
0.25343767 -0.66172459 0.64189903 -0.29301118 -0.07241439 -0.07241439 -0.07241439 
0.00795777 -0.67865174 -0.21046237 0.70361501 -0.06566326 -0.06566326 -0.06566326 
0.12505857 0.91466586 0.00174153 -0.38437441 0.09663102 0.09663102 0.09663102 

----------
0.64357492 -0.41388645 0.57343980 -0.29302655 -0.17019495 -0.06207565 0.05187241 
0.24101389 -0.53881141 -0.45816425 0.66487785 0.00455422 -0.16882540 0.05187241 
-0.00043426 0.93984760 -0.34235025 -0.00073178 0.04541576 0.09498868 0.05193550 

----------
iteration: 2866, probabilities: [0.000004 0.000034 0.999703 0.000194 0.000065], probability: 0.9997029900550842