0.42660409 -0.88173103 0.19785432 0.03759007 -0.04373896 -0.08756357 0.11530152 
0.37334729 0.04144933 0.92445584 -0.06538462 0.06085564 0.08784155 0.16207144 
0.71869663 -0.34074621 -0.52215703 0.30776488 0.06591150 0.09665696 0.11688108 

----------
0.42660409 -0.88173103 0.19785432 0.03759007 -0.04373896 -0.04373896 -0.04373896 
0.37334729 0.04144933 0.92445584 -0.06538462 0.06085564 0.06085564 0.06085564 
0.71869663 -0.34074621 -0.52215703 0.30776488 0.06591150 0.06591150 0.06591150 

----------
0.66876300 -0.69527560 0.12921786 0.23000000 -0.04590255 -0.09698233 0.05184873 
0.53439559 -0.23445142 0.66714051 -0.46324083 -0.02757016 0.14427009 0.05189314 
0.37105865 -0.62060025 -0.33906132 0.60194601 0.12598327 0.11151173 0.05187231 

----------
iteration: 2951, probabilities: [0.000002 0.000030 0.999888 0.000050 0.000030], probability: 0.9998881816864014