0.69176234 -0.26323238 0.50419670 0.44492614 -0.02113471 -0.00156426 0.11876109 
0.73082774 0.31241480 0.47035795 -0.38347255 -0.09497792 0.09941153 0.11325855 
0.37044899 0.16740814 0.20447330 -0.89046770 -0.08026282 0.04241470 0.11191435 

----------
0.69176234 -0.26323238 0.50419670 0.44492614 -0.02113471 -0.02113471 -0.02113471 
0.73082774 0.31241480 0.47035795 -0.38347255 -0.09497792 -0.09497792 -0.09497792 
0.37044899 0.16740814 0.20447330 -0.89046770 -0.08026282 -0.08026282 -0.08026282 

----------
0.07717495 -0.41551729 -0.57215169 0.70324647 -0.05028326 -0.00633360 0.05189470 
0.83524570 0.00005487 0.00008015 -0.55047172 -0.21051392 0.01716411 0.05201152 
-0.01013655 0.00009576 -0.00000098 -0.99998864 0.01236798 -0.11347831 0.05201145 

----------
iteration: 521, probabilities: [0.000014 0.000052 0.998270 0.001301 0.000362], probability: 0.9982701539993286