0.69862537 -0.03222167 0.71179622 0.06504232 0.07027180 -0.09726025 0.17158974 
0.35474861 0.14232141 0.83607260 -0.39354878 0.02619482 0.06180994 0.17004249 
0.62075253 0.12172352 0.75585282 0.16892660 0.03942330 0.09738974 0.14619166 

----------
0.69862537 -0.03222167 0.71179622 0.06504232 0.07027180 0.07027180 0.07027180 
0.35474861 0.14232141 0.83607260 -0.39354878 0.02619482 0.02619482 0.02619482 
0.62075253 0.12172352 0.75585282 0.16892660 0.03942330 0.03942330 0.03942330 

----------
0.58499486 0.28931694 0.64261668 0.40166686 0.08977746 0.06353326 0.05415017 
0.24547225 0.11534264 0.69770938 -0.66314781 -0.02001663 0.04249297 0.05187254 
0.59311509 0.32152271 0.62943261 0.38605116 0.09777475 -0.04629588 0.05226851 

----------
iteration: 1997, probabilities: [0.000003 0.000033 0.999813 0.000106 0.000046], probability: 0.9998132586479187