0.16241728 -0.52332710 0.79373286 0.26407864 -0.01352570 -0.01133284 0.12455893 
0.58751217 -0.34901317 0.66345208 0.30471396 -0.07998235 -0.01744070 0.15455177 
0.40268804 -0.72203897 -0.30367033 -0.47358884 -0.01786749 0.06362639 0.15664465 

----------
0.16241728 -0.52332710 0.79373286 0.26407864 -0.01352570 -0.01352570 -0.01352570 
0.58751217 -0.34901317 0.66345208 0.30471396 -0.07998235 -0.07998235 -0.07998235 
0.40268804 -0.72203897 -0.30367033 -0.47358884 -0.01786749 -0.01786749 -0.01786749 

----------
0.00094130 -0.49465188 0.86913497 0.00046501 0.05721581 -0.00946372 0.05195149 
0.57649202 -0.70187282 -0.08782961 0.40979985 -0.25084915 -0.07292620 0.05170146 
0.63594977 -0.66502144 -0.23491096 -0.31339921 -0.04757060 0.01187632 0.05213326 

----------
iteration: 2836, probabilities: [0.000005 0.000035 0.999812 0.000108 0.000039], probability: 0.9998124241828918