0.49572807 -0.45320114 -0.21166110 -0.70997323 -0.06380472 -0.04583446 0.15622550 
0.51081755 -0.06386923 0.71256048 0.47670086 0.05168067 -0.00922182 0.18593235 
0.88472116 0.08352064 -0.45249775 -0.07442144 0.09596874 0.01121902 0.13241088 

----------
0.49572807 -0.45320114 -0.21166110 -0.70997323 -0.06380472 -0.06380472 -0.06380472 
0.51081755 -0.06386923 0.71256048 0.47670086 0.05168067 0.05168067 0.05168067 
0.88472116 0.08352064 -0.45249775 -0.07442144 0.09596874 0.09596874 0.09596874 

----------
-0.40379328 -0.06044020 -0.70430943 -0.58100007 -0.14591759 0.02850579 0.05227561 
0.43974260 0.10540816 0.69896888 0.55423029 0.04816447 0.01862532 0.05225615 
0.61231436 -0.10163047 -0.69929653 -0.35471876 0.08550232 0.13008362 0.05223398 

----------
iteration: 2615, probabilities: [0.000002 0.000027 0.999886 0.000054 0.000030], probability: 0.999886155128479