0.35873196 0.87060831 -0.18995435 0.27797464 0.03175537 -0.03084598 0.19885798 
0.57820595 -0.33592561 0.73000731 -0.14114241 0.02917206 -0.09251405 0.12698667 
0.06996321 -0.99530199 0.03213995 0.05870366 0.05582662 0.02099387 0.13430048 

----------
0.35873196 0.87060831 -0.18995435 0.27797464 0.03175537 0.03175537 0.03175537 
0.57820595 -0.33592561 0.73000731 -0.14114241 0.02917206 0.02917206 0.02917206 
0.06996321 -0.99530199 0.03213995 0.05870366 0.05582662 0.05582662 0.05582662 

----------
0.89653153 0.00022905 0.00092027 -0.44382698 -0.06279958 0.25997232 0.05209022 
0.61438159 -0.36027160 0.60851109 -0.35004956 0.05211062 -0.01405805 0.05187241 
0.00013676 -0.99767520 0.06866064 0.00104364 0.07971986 0.10243579 0.05195181 

----------
iteration: 2589, probabilities: [0.000002 0.000045 0.999877 0.000050 0.000026], probability: 0.9998772144317627