0.24221134 0.83930083 -0.40682313 0.26721286 -0.07445630 0.08628955 0.10740568 
0.36600758 0.83577307 -0.39789039 -0.09594302 0.08143611 0.01901360 0.18340362 
0.33056514 0.39602198 0.71894102 -0.46585092 -0.02681278 0.07183255 0.10197010 

----------
0.24221134 0.83930083 -0.40682313 0.26721286 -0.07445630 -0.07445630 -0.07445630 
0.36600758 0.83577307 -0.39789039 -0.09594302 0.08143611 0.08143611 0.08143611 
0.33056514 0.39602198 0.71894102 -0.46585092 -0.02681278 -0.02681278 -0.02681278 

----------
0.36900800 0.51838214 -0.48103121 -0.60342209 0.01062778 -0.12180985 0.05174807 
0.53648135 0.69431187 -0.13282814 -0.46128255 0.15427200 0.10692028 0.05225844 
0.07166282 0.28631592 0.64663187 -0.70348534 0.05596974 -0.01700448 0.05187238 

----------
iteration: 2514, probabilities: [0.000004 0.000041 0.999617 0.000249 0.000089], probability: 0.9996168613433838