0.75520794 0.90058685 0.62401569 0.42998184 -0.08048859 0.03898797 0.13568640 
0.70164604 -0.99670808 -0.68846725 0.24117265 -0.03662406 0.04404830 0.13697386 
0.99997628 0.32974693 -0.03288303 -0.49090970 0.01195568 0.04206038 0.16055090 

----------
0.75520794 0.90058685 0.62401569 0.42998184 -0.08048859 -0.08048859 -0.08048859 
0.70164604 -0.99670808 -0.68846725 0.24117265 -0.03662406 -0.03662406 -0.03662406 
0.99997628 0.32974693 -0.03288303 -0.49090970 0.01195568 0.01195568 0.01195568 

----------
0.67520341 0.48008964 0.51875662 0.21111600 -0.13471704 -0.03932797 0.05225626 
0.53967244 -0.69471880 -0.13231144 0.45696408 0.05540455 -0.08603978 0.05184465 
0.86469589 -0.00020051 0.00017028 -0.50251099 0.04276235 0.09964039 0.05202374 

----------
iteration: 182, probabilities: [0.000003 0.000032 0.999739 0.000162 0.000064], probability: 0.9997391104698181