-0.06576506 0.71690318 0.99983460 -0.09000407 -0.04011042 0.05082890 0.14694477 
0.35058003 -0.68630641 -0.04772328 -0.00375902 -0.01155911 -0.00856279 0.13623095 
0.80442434 -0.04119064 -0.66943629 -0.68475798 0.00461994 -0.01590829 0.14197496 

----------
-0.06576506 0.71690318 0.99983460 -0.09000407 -0.04011042 -0.04011042 -0.04011042 
0.35058003 -0.68630641 -0.04772328 -0.00375902 -0.01155911 -0.01155911 -0.01155911 
0.80442434 -0.04119064 -0.66943629 -0.68475798 0.00461994 0.00461994 0.00461994 

----------
0.00089400 0.52139548 0.85335606 -0.00056873 -0.08992183 -0.04490287 0.05194997 
0.67453700 -0.69096627 0.14933314 0.21314094 0.08134133 -0.10999503 0.05189710 
0.22442085 -0.04083540 -0.70636911 -0.67017052 -0.04347381 0.07585113 0.05180850 

----------
iteration: 1489, probabilities: [0.000009 0.000045 0.997647 0.001723 0.000577], probability: 0.9976465106010437