-0.63745469 0.82599144 0.98426576 0.21414054 -0.06772396 -0.00445957 0.15057974 
0.82152601 -0.80789399 -0.61346839 0.47271578 0.01314271 -0.04858887 0.15232759 
0.49875317 0.26179071 -0.20120749 -0.01683176 -0.00024304 0.04389290 0.17763500 

----------
-0.63745469 0.82599144 0.98426576 0.21414054 -0.06772396 -0.06772396 -0.06772396 
0.82152601 -0.80789399 -0.61346839 0.47271578 0.01314271 0.01314271 0.01314271 
0.49875317 0.26179071 -0.20120749 -0.01683176 -0.00024304 -0.00024304 -0.00024304 

----------
-0.71093065 0.56392190 0.41992194 0.02091029 -0.03544743 -0.09997445 0.05251173 
0.47592190 -0.67256512 -0.21849549 0.52297280 -0.01747746 0.08928007 0.05187241 
0.57726333 0.70364866 -0.06736540 -0.40902690 0.09400621 -0.08693346 0.05225490 

----------
iteration: 4233, probabilities: [0.000003 0.000035 0.999768 0.000146 0.000048], probability: 0.9997678399085999