0.43859971 0.34103458 0.83462366 0.20287621 -0.02879513 -0.03669456 0.17149084 
-0.01752946 -0.68446268 -0.18924860 0.59065159 0.01436331 0.06200975 0.15543939 
0.28247383 0.00593855 -0.32893622 -0.72989694 0.05169833 0.02841595 0.17479501 

----------
0.43859971 0.34103458 0.83462366 0.20287621 -0.02879513 -0.02879513 -0.02879513 
-0.01752946 -0.68446268 -0.18924860 0.59065159 0.01436331 0.01436331 0.01436331 
0.28247383 0.00593855 -0.32893622 -0.72989694 0.05169833 0.05169833 0.05169833 

----------
0.59753351 0.32940268 0.62540299 0.37876781 -0.10219253 -0.06295810 0.05225627 
0.18642563 -0.48749273 -0.51240833 0.68229056 0.10923728 -0.08638742 0.05170355 
0.34123199 0.00009002 0.00003257 -0.94006651 0.05183122 0.05733869 0.05201145 

----------
iteration: 4216, probabilities: [0.000015 0.000071 0.988574 0.009134 0.002206], probability: 0.9885739088058472