0.31124536 -0.11561404 0.99896666 -0.06051099 -0.03316213 -0.03491433 0.17516056 
0.60498663 -0.43808705 -0.37295079 0.63727521 -0.09784835 -0.04345807 0.14984011 
0.98259100 -0.15302785 -0.29240295 -0.56192837 -0.02152858 -0.02969495 0.13911556 

----------
0.31124536 -0.11561404 0.99896666 -0.06051099 -0.03316213 -0.03316213 -0.03316213 
0.60498663 -0.43808705 -0.37295079 0.63727521 -0.09784835 -0.09784835 -0.09784835 
0.98259100 -0.15302785 -0.29240295 -0.56192837 -0.02152858 -0.02152858 -0.02152858 

----------
-0.00731915 -0.12807670 0.99185793 0.00246100 0.08429338 -0.04334803 0.05254857 
0.43335356 -0.65331655 -0.27067394 0.55875724 -0.13069850 -0.12808468 0.05187241 
0.61854776 0.00007532 0.00005901 -0.78594288 -0.05017003 0.02336885 0.05201145 

----------
iteration: 6011, probabilities: [0.000002 0.000032 0.999870 0.000071 0.000024], probability: 0.9998699426651001