0.25398589 0.93404971 0.22154353 -0.16735980 0.02868092 0.06868336 0.14018536 
-0.24021582 0.75429361 -0.06864036 0.61575181 -0.08871304 0.01651496 0.15440150 
0.50050728 -0.06089783 0.33535217 -0.76274428 0.08793627 0.06179991 0.13278123 

----------
0.25398589 0.93404971 0.22154353 -0.16735980 0.02868092 0.02868092 0.02868092 
-0.24021582 0.75429361 -0.06864036 0.61575181 -0.08871304 -0.08871304 -0.08871304 
0.50050728 -0.06089783 0.33535217 -0.76274428 0.08793627 0.08793627 0.08793627 

----------
0.00411525 0.90945005 0.41612743 0.00266268 0.01778127 -0.06575057 0.05235696 
-0.65393913 0.43471093 -0.55785025 0.26916937 -0.08234386 -0.17396848 0.05187241 
0.73157219 0.00006534 0.00006998 -0.68202511 0.06036073 0.17370401 0.05201145 

----------
iteration: 133, probabilities: [0.000024 0.000038 0.999890 0.000027 0.000020], probability: 0.9998904466629028