-0.38592737 0.57699173 0.28644215 0.66037224 0.08530498 -0.06951948 0.15524505 
0.20882547 0.62649796 -0.67751981 0.32381960 0.02289816 0.00334804 0.15226951 
0.16548976 0.11754141 0.66214069 0.72136458 0.06098672 -0.03223084 0.14307806 
0.40970767 -0.34728981 0.06749314 -0.84081751 -0.06526391 0.08792405 0.10405379 

----------
-0.38586996 0.57786437 0.28665720 0.65954926 0.10185505 -0.08470738 0.18700069 
0.20883311 0.62703113 -0.67725616 0.32333436 -0.00130070 0.00791765 0.18982926 
0.16744357 0.11835486 0.66107354 0.72176030 0.07559646 -0.02466672 0.08325152 
0.40968535 -0.34708242 0.06770990 -0.84089692 -0.07222485 0.09094754 0.09689327 

----------
-0.68545878 0.50911727 -0.49102407 0.17426566 0.19791226 -0.17082177 0.05187236 
-0.98297257 0.00101958 -0.00058694 0.18593052 -0.20920042 -0.13582239 0.05208604 
0.31361652 -0.04362607 0.70547316 0.63412654 0.05540126 -0.00990150 0.05225626 
0.73545127 0.00006493 0.00007038 -0.67777600 -0.12311819 0.07569549 0.05201145 
