0.35127935 -0.53184628 -0.56470881 -0.52425787 -0.03449928 0.00157554 0.13040999 
0.65565755 -0.65785121 0.32043421 0.18619045 -0.01269584 0.00781189 0.10533159 
0.58493471 0.80803591 0.02734411 -0.06466574 0.09893004 0.05636434 0.17395686 
0.87472265 -0.17856395 -0.26739175 -0.36259738 -0.03339413 -0.04068634 0.19889304 

----------
0.35291554 -0.53096441 -0.56464389 -0.52412295 -0.08453804 0.02893292 0.13119227 
0.65607917 -0.65748399 0.32115841 0.18474914 0.02011986 -0.00113583 0.08447494 
0.58553923 0.80760061 0.02780050 -0.06443754 0.10647477 0.05587008 0.18327063 
0.87451669 -0.17905569 -0.26790287 -0.36247451 -0.02371572 -0.05860243 0.21966556 

----------
-0.25871697 0.10340988 -0.69944484 -0.65867898 -0.20363166 0.04279130 0.05225626 
0.70613939 -0.63192677 0.31745323 0.03733442 0.00667401 -0.00473420 0.05187244 
0.70426084 0.64398478 0.29152402 -0.06779180 0.12989342 0.04763561 0.05225626 
-0.17727290 -0.18948340 -0.67830068 0.68847643 -0.28359391 -0.16366114 0.05236516 
