0.52981352 0.00023734 0.79084236 0.30637549 -0.00285540 -0.02751174 0.17958029 
0.47759931 -0.15935026 -0.12676182 -0.85465656 -0.00345630 -0.04230513 0.17460446 
0.11905966 0.10677049 -0.05734904 -0.98546230 0.05361565 0.00903993 0.19203311 
-0.24400274 -0.65732587 -0.29593532 0.64869689 -0.00786903 0.07490527 0.15947815 

----------
0.52966534 -0.00225603 0.79033041 0.30794253 -0.07307847 -0.01536206 0.15887688 
0.47727768 -0.15868466 -0.12641214 -0.85501204 0.01538856 -0.09211463 0.18344924 
0.11869532 0.10523388 -0.05792326 -0.98563812 0.09586480 0.02152140 0.20408962 
-0.24518274 -0.65602344 -0.29643647 0.64934128 0.00126004 0.10002431 0.15927393 

----------
0.39624901 0.05184983 0.70497982 0.58612924 -0.07306524 -0.04278103 0.05225626 
0.02079525 0.00009574 0.00000193 -1.00002031 0.01740790 -0.16078938 0.05201145 
-0.12018830 0.00009505 -0.00001157 -0.99288770 0.11395095 0.00893606 0.05201145 
0.53656805 -0.02105273 0.00456461 0.84401263 0.12206973 0.14546803 0.05388439 
