0.23339703 0.32008102 0.76135911 0.51323121 -0.07153577 -0.09640526 0.15717015 
0.56332579 -0.08278758 0.81539793 -0.10457769 -0.07033015 0.04437549 0.15141905 
-0.02765291 -0.20888274 0.41232032 0.88633813 -0.09727820 0.09352846 0.13073900 
-0.30118289 0.49886871 -0.72985579 -0.35739250 0.06321869 -0.08205108 0.10209000 

----------
0.23341744 0.31930247 0.76178804 0.51307167 -0.07584073 -0.10525699 0.15726964 
0.56156790 -0.08291561 0.81649720 -0.10539547 -0.06436692 0.03282140 0.18004085 
-0.02678374 -0.20908640 0.41106768 0.88689941 -0.10392803 0.11396800 0.10375418 
-0.30055834 0.49903515 -0.72993261 -0.35752903 0.06820869 -0.08208508 0.10719226 

----------
0.44220154 0.10853268 0.69845421 0.55222347 -0.10976333 -0.10246451 0.05225625 
0.00177546 0.83325362 -0.55396046 0.00725761 0.01021898 0.05100838 0.05241984 
-0.10151111 -0.43617744 0.55620276 0.70013130 -0.13960162 0.14003269 0.05225627 
0.23834522 0.53787517 -0.45874721 -0.66620213 0.15371346 -0.10790671 0.05225625 
