-0.57720516 -0.57054353 -0.34927022 0.45263213 -0.04478659 -0.09504109 0.15690208 
0.42044228 0.45554337 -0.52667330 0.56897906 -0.04502750 -0.05446263 0.15340988 
0.33152373 -0.72365051 0.18997889 0.57266298 -0.08903579 0.08126831 0.18583584 

----------
-0.57720516 -0.57054353 -0.34927022 0.45263213 -0.04478659 -0.04478659 -0.04478659 
0.42044228 0.45554337 -0.52667330 0.56897906 -0.04502750 -0.04502750 -0.04502750 
0.33152373 -0.72365051 0.18997889 0.57266298 -0.08903579 -0.08903579 -0.08903579 

----------
-0.67262835 -0.69215878 -0.14471504 0.21910289 -0.15022726 0.00352799 0.05225245 
0.48958683 0.52329726 -0.47463365 0.51107986 0.03446265 -0.04942328 0.05175971 
0.52195008 -0.68933236 -0.15820435 0.47725302 -0.13690747 -0.19249848 0.05184965 

----------
iteration: 14, probabilities: [0.000004 0.000039 0.999813 0.000108 0.000036], probability: 0.9998130202293396