-0.58133720 -0.57323698 -0.34820781 0.45271172 -0.04466758 -0.09553475 0.15687826 
0.42175793 0.45519613 -0.52762263 0.57377006 -0.04492770 -0.05443890 0.15345613 
0.33088497 -0.72523090 0.18885986 0.57244168 -0.08939408 0.08173427 0.18613158 

----------
-0.58133720 -0.57323698 -0.34820781 0.45271172 -0.04466758 -0.04466758 -0.04466758 
0.42175793 0.45519613 -0.52762263 0.57377006 -0.04492770 -0.04492770 -0.04492770 
0.33088497 -0.72523090 0.18885986 0.57244168 -0.08939408 -0.08939408 -0.08939408 

----------
-0.67342748 -0.69156350 -0.14673514 0.21717137 -0.09806218 0.02466999 0.05225576 
0.48691840 0.52549300 -0.47219563 0.51362977 0.01506529 -0.10529944 0.05175712 
0.52016717 -0.68930373 -0.15843211 0.47915543 -0.16827757 -0.15776335 0.05187562 

----------
iteration: 7, probabilities: [0.000004 0.000043 0.999859 0.000070 0.000023], probability: 0.9998594522476196