-0.55772550 -0.55784583 -0.35427876 0.45225692 -0.04534764 -0.09271383 0.15701436 
0.41423995 0.45718034 -0.52219790 0.54639288 -0.04549799 -0.05457452 0.15319185 
0.33453503 -0.71620009 0.19525431 0.57370625 -0.08734671 0.07907163 0.18444166 

----------
-0.55772550 -0.55784583 -0.35427876 0.45225692 -0.04534764 -0.04534764 -0.04534764 
0.41423995 0.45718034 -0.52219790 0.54639288 -0.04549799 -0.04549799 -0.04549799 
0.33453503 -0.71620009 0.19525431 0.57370625 -0.08734671 -0.08734671 -0.08734671 

----------
-0.64423488 -0.70367822 -0.06704317 0.29239455 -0.02741858 -0.04335052 0.05225626 
-0.06089121 -0.27992123 -0.64945469 0.70457470 -0.19942882 0.03308258 0.05170820 
0.51884337 -0.68834886 -0.16237991 0.48067637 -0.12919375 -0.19780221 0.05185278 

----------
iteration: 47, probabilities: [0.000006 0.000044 0.999763 0.000139 0.000048], probability: 0.9997630715370178