-0.07840787 -0.24540542 -0.47751903 0.44302452 -0.05915288 -0.03544919 0.15977715 
0.26162496 0.49745971 -0.41207587 -0.00936405 -0.05707492 -0.05732766 0.14782707 
0.40863129 -0.53287466 0.32506154 0.59937703 -0.04578507 0.02501991 0.15013628 

----------
-0.07840787 -0.24540542 -0.47751903 0.44302452 -0.05915288 -0.05915288 -0.05915288 
0.26162496 0.49745971 -0.41207587 -0.00936405 -0.05707492 -0.05707492 -0.05707492 
0.40863129 -0.53287466 0.32506154 0.59937703 -0.04578507 -0.04578507 -0.04578507 

----------
-0.07100841 -0.28690986 -0.64635073 0.70353564 -0.09295042 0.02043508 0.05187241 
0.31811760 0.58997946 -0.38941568 -0.63197854 0.09909593 -0.08014746 0.05225625 
0.04126694 0.25874430 -0.65834759 -0.70608070 -0.35200798 -0.23447688 0.05165483 

----------
iteration: 859, probabilities: [0.000006 0.000069 0.999828 0.000075 0.000021], probability: 0.9998284578323364