0.06739441 -0.15036504 -0.51500714 0.44021614 -0.06335225 -0.01803001 0.16061756 
0.21520143 0.50971218 -0.37857816 -0.17841818 -0.06059648 -0.05816513 0.14619517 
0.43117042 -0.47710942 0.36454724 0.60718576 -0.03314255 0.00857808 0.13970102 

----------
0.06739441 -0.15036504 -0.51500714 0.44021614 -0.06335225 -0.06335225 -0.06335225 
0.21520143 0.50971218 -0.37857816 -0.17841818 -0.06059648 -0.06059648 -0.06059648 
0.43117042 -0.47710942 0.36454724 0.60718576 -0.03314255 -0.03314255 -0.03314255 

----------
-0.02116898 -0.33181231 -0.62447034 0.70677669 -0.01929235 -0.11753865 0.05187245 
0.55511282 -0.69647341 -0.12315342 0.43841631 -0.00568831 0.12476674 0.05170259 
0.39312892 0.04805090 0.70533866 0.58833429 0.07038329 -0.02912332 0.05225619 

----------
iteration: 1106, probabilities: [0.000002 0.000031 0.999873 0.000067 0.000027], probability: 0.999873161315918