0.53549647 0.15476457 -0.63536371 0.43119977 -0.07683446 0.03789469 0.16331571 
0.06615748 0.54904906 -0.27103287 -0.72117094 -0.07190252 -0.06085384 0.14095592 
0.50353290 -0.29807362 0.49131712 0.63225587 0.00744659 -0.04420888 0.10619835 

----------
0.53549647 0.15476457 -0.63536371 0.43119977 -0.07683446 -0.07683446 -0.07683446 
0.06615748 0.54904906 -0.27103287 -0.72117094 -0.07190252 -0.07190252 -0.07190252 
0.50353290 -0.29807362 0.49131712 0.63225587 0.00744659 0.00744659 0.00744659 

----------
0.05362226 -0.38059311 -0.59612157 0.70507309 -0.20027863 0.01098564 0.05170532 
0.24529790 0.54258561 -0.45299932 -0.66355951 -0.02461997 -0.08591282 0.05225625 
0.39263809 0.04750348 0.70530438 0.58857687 0.07607352 0.01017077 0.05225627 

----------
iteration: 1899, probabilities: [0.000003 0.000032 0.999856 0.000081 0.000028], probability: 0.9998559951782227