0.52310033 0.14668421 -0.63217646 0.43143853 -0.07647742 0.03641371 0.16324426 
0.07010442 0.54800735 -0.27388086 -0.70679792 -0.07160312 -0.06078264 0.14109467 
0.50161662 -0.30281480 0.48796003 0.63159197 0.00637172 -0.04281099 0.10708556 

----------
0.52310033 0.14668421 -0.63217646 0.43143853 -0.07647742 -0.07647742 -0.07647742 
0.07010442 0.54800735 -0.27388086 -0.70679792 -0.07160312 -0.07160312 -0.07160312 
0.50161662 -0.30281480 0.48796003 0.63159197 0.00637172 0.00637172 0.00637172 

----------
0.05580148 -0.38254842 -0.59478278 0.70497859 -0.19784444 0.01361731 0.05170233 
0.20850329 0.51690045 -0.48209960 -0.67602346 -0.02516697 -0.08806786 0.05225625 
0.43562898 0.10020903 0.69974042 0.55747613 0.08237045 0.00925363 0.05225700 

----------
iteration: 1878, probabilities: [0.000003 0.000031 0.999868 0.000072 0.000026], probability: 0.9998677968978882