-0.07815989 0.82328046 -0.24336828 0.50682561 -0.09955543 -0.02082039 0.17468721 
0.10736133 -0.48729921 0.71247008 0.49335525 -0.00408075 0.02370216 0.10498342 

----------
-0.07815989 0.82328046 -0.24336828 0.50682561 -0.09955543 -0.02082039 0.17468721 
0.10736133 -0.48729921 0.71247008 0.49335525 -0.00408075 0.02370216 0.10498342 

----------
-0.34719405 0.16342197 -0.68846314 0.61576440 -0.18254855 -0.10532638 0.05200566 
-0.02289571 -0.37153377 0.60137280 0.70713352 0.03429855 0.00857059 0.05225607 
