0.21382155 -0.49039806 -0.36963905 -0.75970854 -0.06472678 0.00655195 0.15134427 
-0.05772924 0.39107011 0.02184996 0.91828867 -0.00134561 -0.03856049 0.18694957 

----------
0.21410479 -0.49039562 -0.36987258 -0.75951671 -0.07833458 0.02010953 0.13963920 
-0.05794560 0.39139585 0.02165742 0.91814082 0.01226219 -0.05211807 0.19865465 

----------
-0.29710954 0.06193599 -0.70419315 -0.64210491 -0.15401312 0.05940199 0.05225885 
-0.02846794 -0.32586512 -0.62725030 0.70727687 -0.02816446 -0.05345155 0.05192226 
