-0.20407471 -0.41982489 -0.40318601 0.78710966 0.03405519 0.06864460 0.13772570 
0.87093724 0.04969021 0.33846885 -0.35275777 0.08766153 -0.06277253 0.13246151 

----------
-0.20407471 -0.41982489 -0.40318601 0.78710966 0.03405519 0.06864460 0.13772570 
0.87093724 0.04969021 0.33846885 -0.35275777 0.08766153 -0.06277253 0.13246151 

----------
0.85127301 0.00044973 -0.00454541 0.52544795 0.11004305 0.11843772 0.05235699 
0.92585724 0.00003623 0.00008864 -0.37811063 0.04822157 -0.03981058 0.05201145 
