0.04841607 0.32525915 -0.45702945 0.82642994 0.02836705 0.06958266 0.13747076 
0.11330798 -0.69282443 0.40754811 -0.58400355 -0.01208416 0.02998374 0.14058770 

----------
0.04694146 0.32589944 -0.45514377 0.82737025 0.04402223 0.10201972 0.15326071 
0.11153249 -0.69250385 0.40937650 -0.58349014 -0.02773934 -0.00245333 0.12480231 

----------
-0.21458380 -0.14752662 -0.69168122 0.67387097 -0.00317966 0.06936463 0.05187539 
0.30504547 0.04786672 0.70565306 -0.63809978 -0.11438956 -0.06371990 0.05183923 
