-0.19067258 0.46958901 -0.46551931 -0.72554938 -0.04403264 0.04622663 0.15347112 
-0.84652417 -0.41843115 0.18598987 -0.27151421 -0.06395456 -0.05532374 0.16138261 

----------
-0.19293252 0.46888512 -0.46965598 -0.72275258 -0.04016316 0.06354795 0.14636353 
-0.84546553 -0.42082449 0.18679886 -0.27056479 -0.06759654 -0.07264506 0.16612824 

----------
-0.02138181 0.33370192 -0.62321731 -0.70729152 -0.01036698 0.09174738 0.05228144 
-0.70087088 -0.65537493 -0.26487611 0.09659824 0.00898544 -0.09888449 0.05225624 
