0.54101017 -0.34157686 0.65237039 0.40625869 0.06931421 0.06008360 0.13340528 
0.64341317 -0.38564415 -0.25424112 0.61045846 -0.09812743 0.08551138 0.10838427 
0.38443713 0.68433242 -0.08723828 -0.61342213 -0.06861563 -0.07014589 0.13770479 
0.16553459 0.43178245 -0.27022421 0.84447681 0.01849204 -0.06963798 0.13837797 

----------
-0.69338239 0.53751579 -0.46429698 0.15362370 0.27469458 -0.16354242 0.05169434 
0.36061347 -0.45609401 -0.54185156 0.60775945 -0.13171638 0.07793089 0.05123696 
0.56530541 0.58767493 -0.39393884 -0.42589204 -0.10639518 -0.02305340 0.05084319 
-0.41964507 0.09895926 -0.70089964 0.56992188 0.00100831 -0.17171461 0.05169398 
