0.05385885 0.64873757 0.74558301 0.14263507 0.02764773 -0.06131747 0.18738377 
0.77605477 -0.40937335 -0.06044968 0.47591836 0.01989143 0.09830381 0.19846322 
0.40025972 0.37507034 -0.77678110 -0.30939542 0.08049014 0.02691073 0.14770954 
0.38282231 -0.32010030 0.73290687 0.46241799 -0.06040859 0.05086847 0.18968681 

----------
-0.24333785 -0.10347234 -0.70479271 0.66941899 -0.12675042 -0.18216984 0.05169458 
0.24959298 -0.53517739 -0.46676101 0.66472525 0.03561735 0.13824267 0.05169423 
0.43418152 0.59469219 -0.38382905 -0.55943342 0.12344537 -0.00145458 0.05160493 
0.17106646 -0.19371872 0.68094773 0.68762394 -0.03931628 0.01590512 0.05225486 
