-0.12405418 0.36086653 -0.84836443 0.36696552 0.01564776 0.09500866 0.18765411 
0.42908933 0.49967614 -0.60965935 0.44104601 0.06162570 0.00640348 0.10618435 
0.71277574 0.44550023 -0.53496114 0.08542171 0.06788612 0.07510756 0.16139832 
0.06999644 0.28379301 -0.95606036 -0.02259680 0.03279722 -0.03884198 0.16999295 

----------
-0.12665892 0.36143792 -0.84752286 0.36745772 -0.00872695 0.11635462 0.21764400 
0.42865982 0.49776796 -0.61240252 0.43981926 0.04406272 -0.02840252 0.07525624 
0.71112526 0.44768996 -0.53517160 0.08640637 0.10097852 0.08936935 0.14507396 
0.07030741 0.28391199 -0.95603147 -0.02132643 0.04164251 -0.03964372 0.22686871 

----------
-0.63015032 -0.00007442 -0.00006028 0.77695404 -0.11573789 0.19106296 0.05201145 
0.69575795 0.66680556 0.23469919 -0.12848878 0.15422844 -0.00588209 0.05225624 
0.53332250 0.58249850 -0.40110245 0.46421743 0.09889730 0.09789974 0.05163508 
-0.63290434 0.39484416 -0.58713432 0.31618726 0.00527860 0.00176326 0.05185220 
