0.49907094 0.31413518 0.60123762 0.53922223 -0.09110402 -0.06884940 0.19476586 
0.50415929 0.47354516 -0.63723108 -0.33987488 0.02751936 -0.02397793 0.13813695 
-0.20216948 0.52568594 -0.21807201 0.79701091 0.00709603 0.04291243 0.17064746 
0.94359502 0.17105663 -0.24096951 0.14933772 0.03814345 -0.06491781 0.19392461 

----------
0.49921646 0.31419641 0.60109793 0.53920762 -0.09892712 -0.07026386 0.19223155 
0.50381821 0.47339747 -0.63695429 -0.34110419 0.04036523 -0.02644255 0.10401965 
-0.20244181 0.52566208 -0.21739044 0.79714422 0.00112491 0.06051365 0.18042052 
0.94397109 0.17088166 -0.23917682 0.15005347 0.03909180 -0.07863995 0.22080761 

----------
0.54891871 0.25368700 0.65974719 0.44630372 -0.09871212 -0.05592363 0.05225625 
0.27586307 0.56306914 -0.42733974 -0.65149121 0.04893614 -0.06839209 0.05225624 
0.02164798 -0.33311067 0.62382495 0.70748016 -0.09292136 0.16241944 0.05225626 
0.27831504 -0.56395956 -0.42565957 0.65159068 -0.10047091 -0.30802037 0.05198439 
