0.55864799 0.41210418 0.52092184 -0.55325475 0.03961418 0.01031655 0.16013120 
-0.55632154 0.21982680 0.04262230 -0.73870779 -0.02915335 -0.02020024 0.14288554 
0.56924396 -0.90364908 0.33979341 -0.23346465 0.08568694 -0.01389501 0.16469344 

----------
0.55864799 0.41210418 0.52092184 -0.55325475 0.03961418 0.03961418 0.03961418 
-0.55632154 0.21982680 0.04262230 -0.73870779 -0.02915335 -0.02915335 -0.02915335 
0.56924396 -0.90364908 0.33979341 -0.23346465 0.08568694 0.08568694 0.08568694 

----------
-0.00745832 0.12475549 0.99239831 -0.00242173 0.15179040 -0.03789062 0.05245904 
-0.62345283 0.00007482 -0.00005974 -0.78190232 -0.04333586 -0.05075635 0.05201145 
0.66476996 -0.45802660 0.53883247 -0.24109938 0.13168808 0.10271521 0.05187247 

----------
iteration: 723, probabilities: [0.000023 0.000044 0.999897 0.000011 0.000025], probability: 0.9998972415924072