0.28140652 -0.79002109 -0.70161706 0.42314272 -0.00616936 0.01067079 0.16720596 
0.41973552 0.49839911 -0.53112139 -0.27666622 0.05675018 0.07988076 0.16717749 
0.24113993 0.98838752 0.13743622 0.15454898 -0.04271684 -0.02092251 0.14746521 

----------
0.28140652 -0.79002109 -0.70161706 0.42314272 -0.00616936 -0.00616936 -0.00616936 
0.41973552 0.49839911 -0.53112139 -0.27666622 0.05675018 0.05675018 0.05675018 
0.24113993 0.98838752 0.13743622 0.15454898 -0.04271684 -0.04271684 -0.04271684 

----------
0.30069229 -0.57835036 -0.40698319 0.64003182 -0.00281819 0.06248096 0.05187454 
0.42705765 0.65060153 -0.27638207 -0.56406291 0.12771741 0.01935688 0.05225626 
-0.00030646 0.97932819 0.20306150 0.00394332 -0.02023197 -0.11747638 0.05224432 

----------
iteration: 379, probabilities: [0.000002 0.000032 0.999846 0.000085 0.000034], probability: 0.9998462200164795