0.19644277 -0.08340653 0.25940812 -0.15894829 0.03103101 0.00367389 0.17132076 
-0.61374383 0.42803883 0.12137273 -0.31338274 -0.02668722 -0.01039802 0.15475080 
0.57078371 -0.56521522 -0.12790453 0.21164889 -0.01440572 -0.00314197 0.16797144 

----------
0.19644277 -0.08340653 0.25940812 -0.15894829 0.03103101 0.03103101 0.03103101 
-0.61374383 0.42803883 0.12137273 -0.31338274 -0.02668722 -0.02668722 -0.02668722 
0.57078371 -0.56521522 -0.12790453 0.21164889 -0.01440572 -0.01440572 -0.01440572 

----------
0.53592073 -0.23697716 0.66625227 -0.46128509 0.08287466 0.05886926 0.05187206 
-0.62731393 0.69887626 0.10888547 -0.32598938 -0.02324945 -0.07228727 0.05212283 
0.60224654 -0.70674075 -0.02424090 0.37049005 -0.06643845 0.04376110 0.05186452 

----------
iteration: 775, probabilities: [0.000107 0.000035 0.998573 0.000427 0.000857], probability: 0.9985730648040771