-0.61590531 0.46822952 0.53465170 0.73532447 0.00035432 -0.00666705 0.13695517 
-0.50075570 -0.05829411 0.62632639 -0.02710196 0.02222142 -0.00737032 0.17273172 
-0.60648522 -0.54999191 0.29342138 0.91021715 -0.00354744 0.03055891 0.16124195 

----------
-0.61590531 0.46822952 0.53465170 0.73532447 0.00035432 0.00035432 0.00035432 
-0.50075570 -0.05829411 0.62632639 -0.02710196 0.02222142 0.02222142 0.02222142 
-0.60648522 -0.54999191 0.29342138 0.91021715 -0.00354744 -0.00354744 -0.00354744 

----------
-0.49901572 0.36994544 0.60273990 0.50087496 0.00463377 -0.06316490 0.05164586 
-0.41251183 -0.64335984 0.29290528 0.57480685 0.10722004 -0.04946018 0.05225772 
-0.39556224 -0.63448253 0.31151246 0.58652682 -0.10092059 0.03869848 0.05225624 

----------
iteration: 1861, probabilities: [0.000008 0.000036 0.999903 0.000022 0.000030], probability: 0.9999032020568848