-0.50449232 -0.42880946 0.92933199 -0.47337734 -0.09625920 -0.05076445 0.13519511 
0.37779867 -0.14664159 0.48561663 0.53460109 -0.02682055 0.02646525 0.16049499 
0.68409532 -0.57839707 0.90402001 -0.65991524 -0.03809005 0.04348945 0.16046724 

----------
-0.50449232 -0.42880946 0.92933199 -0.47337734 -0.09625920 -0.09625920 -0.09625920 
0.37779867 -0.14664159 0.48561663 0.53460109 -0.02682055 -0.02682055 -0.02682055 
0.68409532 -0.57839707 0.90402001 -0.65991524 -0.03809005 -0.03809005 -0.03809005 

----------
0.10554696 0.23500786 0.66687589 -0.69946210 -0.17770213 -0.10847723 0.05174528 
0.33309082 -0.02179722 0.70652853 0.62416654 0.05918076 -0.03955269 0.05225625 
0.58074780 -0.30462845 0.63817527 -0.40338098 -0.09990303 0.02132223 0.05187241 

----------
iteration: 1466, probabilities: [0.000064 0.000028 0.999660 0.000088 0.000160], probability: 0.9996602535247803