-0.17374607 -0.91603251 0.49869710 -0.86293714 -0.00204825 0.04870388 0.15422668 
-0.34942100 0.10622903 0.38268943 0.83407905 -0.00716732 0.00865726 0.14643678 
0.34235291 -0.33941213 0.72615520 -0.25741678 -0.03050728 -0.05304468 0.12615596 

----------
-0.17374607 -0.91603251 0.49869710 -0.86293714 -0.00204825 -0.00204825 -0.00204825 
-0.34942100 0.10622903 0.38268943 0.83407905 -0.00716732 -0.00716732 -0.00716732 
0.34235291 -0.33941213 0.72615520 -0.25741678 -0.03050728 -0.03050728 -0.03050728 

----------
0.15701563 -0.49730720 0.50054856 -0.69105255 -0.08682637 0.02366276 0.05218042 
-0.29444514 -0.00009080 0.00042153 0.95594257 0.07672296 -0.05146484 0.05201719 
0.50533830 -0.19389764 0.68009492 -0.49465675 -0.09944488 -0.09621367 0.05187090 

----------
iteration: 1321, probabilities: [0.000083 0.000033 0.999236 0.000241 0.000407], probability: 0.9992362260818481