0.34895449 -0.37122507 0.67313148 -0.56070953 0.01144313 0.00885144 0.16138635 
-0.05794103 -0.40308146 0.16547792 -0.86283717 -0.09100619 -0.01977230 0.14579688 
-0.99820791 -0.67475917 0.22526186 -0.50674923 0.02480577 0.02561455 0.17231801 

----------
0.34895449 -0.37122507 0.67313148 -0.56070953 0.01144313 0.01144313 0.01144313 
-0.05794103 -0.40308146 0.16547792 -0.86283717 -0.09100619 -0.09100619 -0.09100619 
-0.99820791 -0.67475917 0.22526186 -0.50674923 0.02480577 0.02480577 0.02480577 

----------
0.50279556 -0.19058964 0.68099131 -0.49718312 -0.05372088 0.04176280 0.05187003 
0.26390033 0.09639990 0.70025971 -0.65646034 -0.16495985 -0.19567247 0.05190587 
-0.69912436 -0.65979470 -0.25367005 0.10852805 0.15216524 -0.02292523 0.05225625 

----------
iteration: 1697, probabilities: [0.000046 0.000026 0.999763 0.000053 0.000112], probability: 0.9997627139091492