0.13683727 -0.98241288 0.44582156 -0.23992427 -0.01166776 -0.03837830 0.17373237 
0.22902637 -0.63264300 0.67985898 -0.00328519 0.03393415 0.08577823 0.16126132 
0.74167712 -0.32626146 0.46470689 -0.14905567 -0.02157103 0.05965855 0.18697313 

----------
0.13683727 -0.98241288 0.44582156 -0.23992427 -0.01166776 -0.01166776 -0.01166776 
0.22902637 -0.63264300 0.67985898 -0.00328519 0.03393415 0.03393415 0.03393415 
0.74167712 -0.32626146 0.46470689 -0.14905567 -0.02157103 -0.02157103 -0.02157103 

----------
-0.38427791 -0.62845979 0.32367908 0.59408452 0.13991253 -0.07167788 0.05225594 
-0.00021532 -0.58554639 0.81078695 -0.00019059 0.09127194 0.08581066 0.05198172 
0.68278996 -0.50202392 0.49807164 -0.18390025 -0.05932406 0.04598813 0.05187241 

----------
iteration: 1441, probabilities: [0.000133 0.000048 0.997680 0.000744 0.001394], probability: 0.9976800084114075