-0.23381809 -0.99523739 0.68984138 -0.59614808 0.04980534 0.02021587 0.15966045 
0.05258096 -0.51761478 0.79013784 0.80199669 -0.03493302 -0.00083317 0.14823140 
0.98477999 0.34459372 0.28750746 -0.14374222 -0.00773315 0.04281362 0.16255187 

----------
-0.23381809 -0.99523739 0.68984138 -0.59614808 0.04980534 0.04980534 0.04980534 
0.05258096 -0.51761478 0.79013784 0.80199669 -0.03493302 -0.03493302 -0.03493302 
0.98477999 0.34459372 0.28750746 -0.14374222 -0.00773315 -0.00773315 -0.00773315 

----------
-0.29972020 -0.61779383 0.34406819 -0.64049977 0.06168723 0.09680060 0.05142202 
0.00079905 -0.35116182 0.61342943 0.70744941 0.00734710 -0.09236652 0.05225624 
0.98400710 -0.00034149 0.00016399 -0.17870429 -0.09238383 0.08540582 0.05203580 

----------
iteration: 1421, probabilities: [0.000113 0.000034 0.998567 0.000408 0.000878], probability: 0.9985674619674683