-0.56190766 0.39755318 0.68423515 0.54558286 0.05506689 0.05952909 0.16704673 
-0.73476358 -0.15461922 0.72633900 -0.31533868 -0.04932184 0.00357301 0.18001048 
0.26471634 0.26894880 0.99994295 0.93579715 0.01561641 0.00284359 0.19660416 

----------
-0.56190766 0.39755318 0.68423515 0.54558286 0.05506689 0.05506689 0.05506689 
-0.73476358 -0.15461922 0.72633900 -0.31533868 -0.04932184 -0.04932184 -0.04932184 
0.26471634 0.26894880 0.99994295 0.93579715 0.01561641 0.01561641 0.01561641 

----------
-0.35476952 0.19023932 0.68227431 0.61032462 0.05983478 0.10287803 0.05251703 
-0.64926640 -0.14876948 0.69079871 -0.28130379 -0.09148501 -0.08654857 0.05193938 
0.36003966 0.00843584 0.70636247 0.60942348 -0.00090555 0.00588425 0.05229417 

----------
iteration: 1937, probabilities: [0.000006 0.000027 0.999950 0.000005 0.000012], probability: 0.99994957447052