-0.54662150 0.62155365 0.97420536 0.74400917 -0.03360461 0.00218422 0.18299303 
-0.97458054 -0.49582511 0.67988424 -0.16682438 0.00106779 0.02760661 0.15625996 
-0.13532884 -0.23315059 0.61600153 0.95157353 0.00133183 -0.01068427 0.18789062 

----------
-0.54662150 0.62155365 0.97420536 0.74400917 -0.03360461 -0.03360461 -0.03360461 
-0.97458054 -0.49582511 0.67988424 -0.16682438 0.00106779 0.00106779 0.00106779 
-0.13532884 -0.23315059 0.61600153 0.95157353 0.00133183 0.00133183 0.00133183 

----------
0.07422865 -0.14734899 0.69166349 0.70332473 -0.17118924 -0.07696783 0.05166002 
-0.70386030 -0.32117677 0.62968126 0.07051194 -0.01737990 0.06113574 0.05190676 
-0.02656410 -0.37325805 0.60022081 0.70693885 0.04770164 -0.03115206 0.05225153 

----------
iteration: 2106, probabilities: [0.000006 0.000022 0.999945 0.000010 0.000017], probability: 0.9999454021453857