0.03392826 0.52462708 -0.04026592 0.91966309 0.00902236 -0.00998581 0.17630231 
0.24376775 0.88810974 0.45472415 -0.29761128 -0.00383454 0.01263730 0.19457650 
-0.21210980 0.67533942 0.23708363 -0.68574921 -0.00322211 -0.05147207 0.15053453 

----------
0.03392826 0.52462708 -0.04026592 0.91966309 0.00902236 0.00902236 0.00902236 
0.24376775 0.88810974 0.45472415 -0.29761128 -0.00383454 -0.00383454 -0.00383454 
-0.21210980 0.67533942 0.23708363 -0.68574921 -0.00322211 -0.00322211 -0.00322211 

----------
0.61505361 0.35903102 0.60894786 0.34972177 0.01221870 0.19851152 0.05225625 
0.00107564 0.94748266 0.32030750 -0.00450013 -0.07880128 -0.08870503 0.05221279 
-0.34096161 0.60317621 0.36926266 -0.61954796 0.08101194 -0.06146609 0.05187241 

----------
iteration: 2501, probabilities: [0.000010 0.000023 0.999908 0.000024 0.000035], probability: 0.9999078512191772