-0.88964794 0.37771685 0.43577119 0.68810753 -0.00508806 0.01897650 0.16480343 
-0.05482404 -0.15192698 0.97687861 -0.44773859 0.01203383 -0.01709373 0.10236888 
0.15219635 -0.17377785 0.38709478 0.66156404 -0.05482646 -0.05275531 0.15128606 

----------
-0.88964794 0.37771685 0.43577119 0.68810753 -0.00508806 -0.00508806 -0.00508806 
-0.05482404 -0.15192698 0.97687861 -0.44773859 0.01203383 0.01203383 0.01203383 
0.15219635 -0.17377785 0.38709478 0.66156404 -0.05482646 -0.05482646 -0.05482646 

----------
-0.40480790 0.00224697 0.00203806 0.91455090 0.00821134 -0.12595708 0.05222099 
0.26701332 0.09249078 0.70113223 -0.65479987 -0.04792295 0.11649130 0.05187241 
0.12292171 -0.23998136 0.66483476 0.69667935 -0.08878122 -0.03373386 0.05225625 

----------
iteration: 2170, probabilities: [0.000010 0.000021 0.999903 0.000028 0.000038], probability: 0.9999028444290161