0.68871539 0.72371260 0.77452490 -0.19913498 0.03343611 -0.03386729 0.16161136 
-0.23920719 -0.82871993 0.16832035 -0.50759376 -0.07061446 0.02551907 0.17167753 
0.74303075 -0.60351289 -0.79445049 -0.01460113 -0.01523771 0.02550724 0.17032738 

----------
0.68871539 0.72371260 0.77452490 -0.19913498 0.03343611 0.03343611 0.03343611 
-0.23920719 -0.82871993 0.16832035 -0.50759376 -0.07061446 -0.07061446 -0.07061446 
0.74303075 -0.60351289 -0.79445049 -0.01460113 -0.01523771 -0.01523771 -0.01523771 

----------
0.72792672 0.62057444 0.27535279 0.09689717 -0.00276305 0.04486216 0.05519954 
-0.51915788 -0.67374194 -0.21620271 -0.47952220 -0.12270245 -0.00044501 0.05198041 
0.58164588 -0.40428382 -0.54570046 0.44791502 0.04028414 -0.07362003 0.05402257 

----------
iteration: 2813, probabilities: [0.000023 0.000032 0.999533 0.000236 0.000176], probability: 0.9995332956314087