0.14054299 -0.45620763 -0.15194044 0.47625517 -0.02988240 -0.01236249 0.18177613 
0.44941877 -0.42626842 0.72855561 0.33850565 -0.01353278 -0.07135437 0.14196461 
0.87455743 0.10573099 0.61479696 -0.24273823 -0.02481517 -0.02054155 0.15560493 

----------
0.14054299 -0.45620763 -0.15194044 0.47625517 -0.02988240 -0.02988240 -0.02988240 
0.44941877 -0.42626842 0.72855561 0.33850565 -0.01353278 -0.01353278 -0.01353278 
0.87455743 0.10573099 0.61479696 -0.24273823 -0.02481517 -0.02481517 -0.02481517 

----------
0.35988684 -0.61417674 -0.35043565 0.60869361 -0.01212633 0.03586244 0.05186862 
0.42245740 0.00128144 0.00005957 0.90671762 -0.02002923 -0.17700080 0.05205609 
0.71083396 -0.26561192 0.64750690 -0.07072731 0.05446495 -0.05820028 0.08670341 

----------
iteration: 3317, probabilities: [0.000009 0.000049 0.999869 0.000033 0.000040], probability: 0.9998693466186523