0.55477136 -0.36661243 -0.59593714 -0.51323527 0.01346304 0.03592447 0.19631046 
0.79535228 0.49395399 -0.30786578 0.80773876 0.02113665 0.02926220 0.16160910 
0.99822254 -0.05909518 0.71042081 0.85966114 -0.07778923 0.03886115 0.15376230 

----------
0.55477136 -0.36661243 -0.59593714 -0.51323527 0.01346304 0.01346304 0.01346304 
0.79535228 0.49395399 -0.30786578 0.80773876 0.02113665 0.02113665 0.02113665 
0.99822254 -0.05909518 0.71042081 0.85966114 -0.07778923 -0.07778923 -0.07778923 

----------
0.42500902 -0.26966964 -0.65260178 -0.56636873 0.02775502 -0.04563263 0.05202349 
0.69815271 0.66211020 0.24763231 -0.11478985 0.10790191 0.09436813 0.05225845 
0.76072623 0.10856747 0.44572077 0.45924974 -0.08792616 -0.09098370 0.07145814 

----------
iteration: 3982, probabilities: [0.000013 0.000038 0.999837 0.000054 0.000058], probability: 0.999836802482605