-0.17601231 0.13649295 0.85336516 0.87531238 -0.02249320 0.02826476 0.18427081 
0.29164128 0.26133868 0.80749408 0.18827257 0.03958033 -0.05770907 0.17693768 
0.65158134 0.25420291 0.61557052 -0.44584198 -0.04384867 0.06805789 0.17418253 

----------
-0.17601231 0.13649295 0.85336516 0.87531238 -0.02249320 -0.02249320 -0.02249320 
0.29164128 0.26133868 0.80749408 0.18827257 0.03958033 0.03958033 0.03958033 
0.65158134 0.25420291 0.61557052 -0.44584198 -0.04384867 -0.04384867 -0.04384867 

----------
0.12227810 -0.24059662 0.66461496 0.69679493 -0.02119555 -0.08276471 0.05225625 
0.62140607 0.37029820 0.60208352 0.33816560 0.02017131 0.04690277 0.05225539 
0.38502200 0.00008000 0.00047083 -0.92309377 -0.08498363 0.10098474 0.05204576 

----------
iteration: 3260, probabilities: [0.000023 0.000019 0.999674 0.000148 0.000137], probability: 0.99967360496521