0.42966998 -0.11881191 0.52032953 -0.81950217 0.08111541 -0.01944182 0.14803532 
0.07793470 0.23606276 -0.31505045 0.99658795 0.02118488 -0.00333203 0.15176627 
0.40444775 0.16645647 0.57565475 0.55742892 0.00862090 0.01246776 0.14693449 

----------
0.42966998 -0.11881191 0.52032953 -0.81950217 0.08111541 0.08111541 0.08111541 
0.07793470 0.23606276 -0.31505045 0.99658795 0.02118488 0.02118488 0.02118488 
0.40444775 0.16645647 0.57565475 0.55742892 0.00862090 0.00862090 0.00862090 

----------
0.39024025 -0.04682487 0.70561073 -0.58967125 0.15332867 0.05209948 0.05187255 
0.06451650 -0.00020600 0.00043224 0.99806375 -0.01884220 0.11392877 0.05201875 
0.46074159 0.13226128 0.69432429 0.53681618 -0.04132945 -0.03898683 0.05225625 

----------
iteration: 3914, probabilities: [0.000018 0.000021 0.999785 0.000085 0.000092], probability: 0.9997851252555847