0.10785567 0.17143427 0.51143768 -0.14606768 -0.00380601 0.00336125 0.16479266 
-0.17467151 0.17638634 -0.99988743 0.46280352 -0.04121566 0.02489184 0.14168955 
0.46320412 -0.68135331 -0.83517370 -0.52432910 -0.04740768 -0.02435274 0.14703820 

----------
0.10785567 0.17143427 0.51143768 -0.14606768 -0.00380601 -0.00380601 -0.00380601 
-0.17467151 0.17638634 -0.99988743 0.46280352 -0.04121566 -0.04121566 -0.04121566 
0.46320412 -0.68135331 -0.83517370 -0.52432910 -0.04740768 -0.04740768 -0.04740768 

----------
0.23201986 0.12726543 0.69560984 -0.66804834 0.06777302 0.01374953 0.05185039 
-0.35713416 0.00783829 -0.70714603 0.61031928 -0.11324273 0.08217374 0.05187238 
-0.11825867 0.24443292 -0.66332315 -0.69760138 -0.17447426 -0.13628734 0.05225411 

----------
iteration: 5210, probabilities: [0.000045 0.000045 0.999088 0.000081 0.000741], probability: 0.9990878105163574