-0.97664059 -0.98007096 0.04287149 -0.66550236 -0.05712804 -0.03079202 0.14362802 
0.73249066 0.04191723 -0.38384307 -0.19859415 -0.03450496 0.02553761 0.15488932 
0.52888776 0.80717690 0.77125872 -0.44673557 0.00712210 0.03805969 0.12650014 

----------
-0.97664059 -0.98007096 0.04287149 -0.66550236 -0.05712804 -0.05712804 -0.05712804 
0.73249066 0.04191723 -0.38384307 -0.19859415 -0.03450496 -0.03450496 -0.03450496 
0.52888776 0.80717690 0.77125872 -0.44673557 0.00712210 0.00712210 0.00712210 

----------
-0.68800799 -0.67811214 -0.19944420 0.16472536 0.01194107 -0.12105412 0.05225625 
0.96796128 0.00002413 0.00009265 -0.25138286 -0.02510958 -0.00685394 0.05201145 
0.01035944 0.09613710 0.99522065 -0.02369458 0.13674680 -0.00983010 0.05445198 

----------
iteration: 5419, probabilities: [0.000027 0.000080 0.999679 0.000025 0.000189], probability: 0.9996786117553711