0.10770116 -0.21323991 0.49795878 -0.27352213 -0.04690491 -0.04450354 0.14661380 
0.24297051 0.07883494 -0.82133687 -0.02364019 -0.00566291 0.00698475 0.16037147 
0.22543995 -0.52001098 -0.39638864 0.56514643 -0.05853454 -0.03522070 0.14198874 

----------
0.10770116 -0.21323991 0.49795878 -0.27352213 -0.04690491 -0.04690491 -0.04690491 
0.24297051 0.07883494 -0.82133687 -0.02364019 -0.00566291 -0.00566291 -0.00566291 
0.22543995 -0.52001098 -0.39638864 0.56514643 -0.05853454 -0.05853454 -0.05853454 

----------
0.46014009 -0.13370085 0.69443864 -0.53693125 -0.17055494 -0.01173937 0.05187166 
0.03431243 -0.35472696 -0.92500324 0.13247519 0.00261981 0.00733941 0.06380266 
0.26151389 -0.55267302 -0.44108645 0.65698485 -0.02231988 -0.12069513 0.05187033 

----------
iteration: 5819, probabilities: [0.000017 0.000074 0.999786 0.000009 0.000114], probability: 0.999785840511322