0.94689068 -0.99546298 0.33905327 -0.06820520 0.01558405 -0.00461149 0.15383393 
-0.45560410 -0.65022524 -0.35252899 0.48305541 -0.00095849 0.01307417 0.16607943 
-0.04762953 -0.27254698 -0.58218690 0.99074882 0.06946640 -0.03743227 0.15512936 

----------
0.94689068 -0.99546298 0.33905327 -0.06820520 0.01558405 0.01558405 0.01558405 
-0.45560410 -0.65022524 -0.35252899 0.48305541 -0.00095849 -0.00095849 -0.00095849 
-0.04762953 -0.27254698 -0.58218690 0.99074882 0.06946640 0.06946640 0.06946640 

----------
0.70681172 -0.62383473 0.33299829 0.01982306 0.02701110 0.02084413 0.05187241 
-0.58054069 -0.70420234 0.06182207 0.40445918 -0.08655109 -0.03955901 0.05225632 
-0.03857703 -0.31435020 -0.63342006 0.70611519 0.09018294 0.11788089 0.05185055 

----------
iteration: 5891, probabilities: [0.000027 0.000043 0.999535 0.000042 0.000354], probability: 0.9995352029800415