-0.02272268 -0.62724801 0.83797485 0.23852177 -0.04043862 -0.07064033 0.14437315 
0.99742095 0.30908653 -0.04303260 0.51388699 0.02054664 0.00661898 0.16017797 
0.36995310 -0.80116147 0.78991808 0.29356289 -0.05143332 -0.01696543 0.15351699 

----------
-0.02272268 -0.62724801 0.83797485 0.23852177 -0.04043862 -0.04043862 -0.04043862 
0.99742095 0.30908653 -0.04303260 0.51388699 0.02054664 0.02054664 0.02054664 
0.36995310 -0.80116147 0.78991808 0.29356289 -0.05143332 -0.05143332 -0.05143332 

----------
0.00084690 -0.64250756 0.76642424 0.00062543 -0.11184288 0.03468957 0.05195182 
0.89272521 -0.00004310 0.00008549 0.45080771 0.03103457 0.06108311 0.05201145 
-0.00626923 -0.82799935 0.56108423 -0.00490284 -0.02434117 -0.06582822 0.05256334 

----------
iteration: 6578, probabilities: [0.000026 0.000037 0.999561 0.000036 0.000340], probability: 0.9995610117912292