0.37527931 -0.75204312 0.67559348 0.11148511 0.04642833 -0.01471326 0.14966257 
0.96807611 -0.07474577 -0.03246023 0.36283374 0.01118014 -0.01153301 0.16857908 
0.30713260 -0.69487362 0.14880148 0.43190438 0.03144349 -0.04032890 0.16626105 

----------
0.37527931 -0.75204312 0.67559348 0.11148511 0.04642833 0.04642833 0.04642833 
0.96807611 -0.07474577 -0.03246023 0.36283374 0.01118014 0.01118014 0.01118014 
0.30713260 -0.69487362 0.14880148 0.43190438 0.03144349 0.03144349 0.03144349 

----------
-0.00320016 -0.83460324 0.55106594 -0.00688730 0.11164613 0.13176782 0.05241793 
0.86363593 -0.00004821 0.00008271 0.50418975 -0.03779685 0.03898276 0.05201145 
0.58504310 -0.70511556 -0.05529918 0.39735193 0.00524194 -0.09069027 0.05187241 

----------
iteration: 6137, probabilities: [0.000020 0.000050 0.999768 0.000016 0.000145], probability: 0.9997684359550476