0.42303124 -0.99884854 0.52555424 -0.39508213 0.09991422 -0.01236192 0.14682893 
0.53056106 0.14597737 0.26667022 0.93503990 -0.00140937 -0.01039609 0.14451155 
0.73789650 -0.91850236 0.88514149 0.61942692 -0.06865148 -0.04007386 0.15894442 

----------
0.42303124 -0.99884854 0.52555424 -0.39508213 0.09991422 0.09991422 0.09991422 
0.53056106 0.14597737 0.26667022 0.93503990 -0.00140937 -0.00140937 -0.00140937 
0.73789650 -0.91850236 0.88514149 0.61942692 -0.06865148 -0.06865148 -0.06865148 

----------
0.67491898 -0.48172611 0.51777074 -0.21106606 0.10023993 0.05520530 0.05187240 
0.51543723 -0.00008191 0.00004948 0.85705706 -0.04158674 0.00067364 0.05201145 
0.65490603 -0.70333184 0.07437662 0.26699845 -0.16678457 -0.13096103 0.05170495 

----------
iteration: 6200, probabilities: [0.000021 0.000065 0.999756 0.000011 0.000147], probability: 0.9997559189796448