0.94865405 -0.70506250 0.24658084 -0.41491168 0.06192789 -0.02669893 0.15162060 
0.98847591 0.99937742 -0.05987145 -0.03994807 -0.01548358 0.03069922 0.16803223 
0.35572107 -0.56801855 0.48175621 0.15000123 0.01737779 -0.04430154 0.16484690 

----------
0.94865405 -0.70506250 0.24658084 -0.41491168 0.06192789 0.06192789 0.06192789 
0.98847591 0.99937742 -0.05987145 -0.03994807 -0.01548358 -0.01548358 -0.01548358 
0.35572107 -0.56801855 0.48175621 0.15000123 0.01737779 0.01737779 0.01737779 

----------
0.69948986 -0.56527829 0.42493001 -0.10339976 0.12046382 0.10186463 0.05172299 
0.69186636 0.69457361 0.13246169 -0.14623504 -0.04285163 -0.04456760 0.05183189 
0.47265152 -0.59233969 0.62617541 0.18349265 0.05874947 -0.00120386 0.09057828 

----------
iteration: 6589, probabilities: [0.000020 0.000062 0.999783 0.000012 0.000122], probability: 0.9997832179069519