-0.52091883 -0.85902123 0.97824539 0.22772890 0.02231273 -0.06753800 0.13660779 
0.72967462 -0.14791889 0.06844596 0.75409129 -0.03086856 -0.02650993 0.15884241 
0.75058141 -0.99413609 0.19601687 -0.19750735 -0.02210842 -0.02981382 0.11494510 

----------
-0.52091883 -0.85902123 0.97824539 0.22772890 0.02231273 0.02231273 0.02231273 
0.72967462 -0.14791889 0.06844596 0.75409129 -0.03086856 -0.03086856 -0.03086856 
0.75058141 -0.99413609 0.19601687 -0.19750735 -0.02210842 -0.02210842 -0.02210842 

----------
-0.36918436 -0.61999943 0.33946158 0.60355626 0.12604851 -0.00280443 0.05225117 
0.69913572 -0.00007058 0.00006665 0.71503812 0.00947383 -0.12423126 0.05201146 
0.70684449 -0.62375201 0.33322440 0.01915501 -0.08444511 0.00228875 0.05186729 

----------
iteration: 6598, probabilities: [0.000027 0.000074 0.999684 0.000025 0.000190], probability: 0.9996840953826904