0.37466760 0.38849597 0.76888888 -0.34278997 -0.06778449 -0.09722101 0.13033846 
0.60072173 0.16550933 -0.63905952 0.45093569 0.08396163 0.07035524 0.13549919 
-0.43668038 0.71524872 0.27345795 -0.47217610 -0.04517321 -0.09693028 0.18923068 

----------
0.37668108 0.38747225 0.76817562 -0.34334219 -0.09015106 -0.08647597 0.10590938 
0.60072173 0.16550933 -0.63905952 0.45093569 0.08396163 0.07035524 0.13549919 
-0.43668639 0.71536974 0.27345275 -0.47199166 -0.02280693 -0.10767574 0.21817021 

----------
0.12083410 0.24028058 0.66517384 -0.69678414 -0.02633587 -0.05201004 0.05187241 
0.06475951 -0.40518568 -0.57966324 0.70420812 0.00965169 0.12310602 0.05187241 
-0.70863583 -0.59959966 -0.37255948 -0.02373234 0.20210229 -0.18396243 0.05232928 
