0.71379963 -0.47136496 -0.17906142 -0.48604750 0.09983595 -0.01397326 0.17654779 
0.29639310 0.22712884 -0.92595006 -0.05639242 -0.04471958 0.00132465 0.10696803 
-0.02288101 -0.87368532 0.47933489 -0.07992798 -0.05727265 0.08449885 0.16630500 

----------
0.71379963 -0.47136496 -0.17906142 -0.48604750 0.09986214 -0.01397604 0.17657638 
0.29625992 0.22716760 -0.92594165 -0.05707124 -0.04551579 -0.01578119 0.09698967 
-0.02233171 -0.87415147 0.47846729 -0.08019206 -0.05650477 0.10160719 0.17372221 

----------
0.70421240 -0.64379824 0.29275099 0.06467050 0.18683208 -0.01021985 0.05187241 
-0.45990128 0.13325979 -0.69460520 0.53725546 -0.15519336 0.06132411 0.05187515 
-0.65913586 0.70027492 -0.10092020 -0.25687037 -0.10403977 0.38352199 0.05184695 
