-0.42263266 0.71518296 0.20894997 0.51597954 -0.07181754 -0.06992250 0.19542883 
0.11101827 -0.42160650 -0.81346547 -0.38496342 -0.00455988 -0.00340974 0.17368473 
0.43896371 -0.82515470 0.35049332 -0.05987503 -0.06630596 0.04565468 0.16779386 

----------
-0.42248805 0.71532213 0.20910513 0.51584233 -0.07400162 -0.08959723 0.20196440 
0.11031717 -0.42140116 -0.81271957 -0.38696241 0.02137135 0.00728808 0.19031445 
0.43843389 -0.82422485 0.35375436 -0.05733968 -0.09005311 0.05463159 0.14462862 

----------
-0.69491683 0.66905628 -0.22947193 -0.13138821 -0.00617537 -0.17098960 0.05186396 
-0.06056151 -0.30613350 -0.63775508 -0.70430684 0.00516079 -0.03328260 0.05171975 
0.69645363 -0.70171780 0.09198176 -0.11984942 -0.13618159 0.02461021 0.05104640 
