0.26996134 0.48628780 0.57967591 0.59828956 -0.04108455 0.07459262 0.16802311 
-0.52991139 0.84824926 0.00528195 0.19581513 -0.01624918 -0.02925528 0.16986506 
0.43491645 0.56121254 -0.47420033 0.51660876 0.09963410 -0.09753419 0.11566162 

----------
0.26996134 0.48628780 0.57967591 0.59828956 -0.04108455 -0.04108455 -0.04108455 
-0.52991139 0.84824926 0.00528195 0.19581513 -0.01624918 -0.01624918 -0.01624918 
0.43491645 0.56121254 -0.47420033 0.51660876 0.09963410 0.09963410 0.09963410 

----------
0.51022724 0.19839561 0.67842262 0.49006271 -0.11985964 -0.03400664 0.05225625 
-0.70579159 0.63475599 -0.31179179 -0.04365269 0.06701973 -0.05024473 0.05187241 
-0.22617982 -0.11830116 -0.69720946 0.67011156 0.00236925 0.10965500 0.05170165 

----------
iteration: 145, probabilities: [0.000010 0.000017 0.999711 0.000129 0.000133], probability: 0.999710738658905